0 314.0469 389.4105 36.7692 91.1879 0.906161
0 414.4247 400.9695 35.7364 108.3654 0.892769
0 636.3503 382.0611 7.2994 86.7493 0.002153
0 466.4706 10.8242 18.6207 21.6352 0.002046
0 599.6704 348.6005 36.8936 72.3017 0.000725
0 479.0848 11.5638 51.6381 23.1275 0.000555
0 457.6888 11.3874 38.1172 22.7747 0.000221
0 636.7875 355.5743 6.4249 81.2960 0.000212
0 612.2906 357.9139 18.1067 60.7086 0.000184
0 3.1509 378.9592 6.3019 86.3813 0.000143
0 596.7720 377.1459 40.0740 130.1732 0.000124
0 412.6895 361.7636 18.1312 30.3256 0.000122
0 538.0247 24.3393 23.6606 48.6785 0.000121
0 631.9949 388.6627 15.7294 87.9418 0.000116
0 411.8206 377.2229 20.8976 60.9800 0.000106
