0 579.8270 385.3446 40.5156 106.2198 0.899441
0 605.0704 373.5727 26.1484 96.0508 0.819216
0 374.9819 8.0321 38.1991 16.0127 0.060809
0 369.2930 12.1277 51.0872 24.2554 0.010074
0 601.6165 337.9338 22.2842 22.8376 0.004661
0 389.8896 7.7972 53.3571 15.5697 0.002691
0 370.1709 404.5107 17.3507 12.6401 0.001009
0 610.6744 384.0720 15.3571 76.4075 0.000900
0 584.8831 345.8943 19.7410 29.4404 0.000820
0 584.5301 375.6921 24.0974 88.6153 0.000696
0 579.6802 342.3632 18.6882 23.4336 0.000494
0 3.7740 151.4962 7.5480 134.8413 0.000413
0 329.4824 373.2762 7.7366 56.7084 0.000326
0 577.7578 366.8795 21.5558 69.8805 0.000283
0 637.3912 132.4287 5.2175 88.7695 0.000261
0 5.7212 56.1665 11.4425 112.3331 0.000187
0 637.1091 366.3172 5.7818 101.0986 0.000170
0 2.6195 84.7189 5.2389 97.9563 0.000169
0 637.3475 98.8573 5.3051 59.3595 0.000164
