0 213.5430 373.8349 23.3231 77.8125 0.781306
0 224.2927 401.3284 10.0599 24.2769 0.572048
0 214.2024 381.8087 13.6033 61.2200 0.011322
0 80.6556 423.3475 11.2955 56.3118 0.010201
0 148.5163 372.9283 21.3793 62.2649 0.006658
0 3.8982 369.5912 7.7965 84.3147 0.002231
0 215.2231 403.7342 10.9432 20.7291 0.001814
0 2.7632 410.0011 5.5265 98.9686 0.000454
0 635.1293 7.2802 9.6835 14.5604 0.000443
0 635.6347 14.5301 8.7306 29.0601 0.000398
0 2.6528 438.7997 5.3055 73.6544 0.000362
0 202.3232 373.4159 16.4062 73.8005 0.000293
0 149.6666 342.3569 34.7170 123.7926 0.000158
0 3.4787 197.1647 6.9574 67.0055 0.000126
0 77.6258 415.3640 12.8091 46.3280 0.000118
0 637.0527 446.4717 5.8947 62.4889 0.000110
0 4.5233 63.7025 9.0467 125.8233 0.000102
