0 494.3840 315.7361 17.7380 17.9427 0.703766
0 194.9731 283.7775 11.0949 13.0100 0.130803
0 471.1730 263.2917 9.7401 19.8434 0.129838
0 476.0748 261.6912 16.0427 20.3021 0.129138
0 480.1837 257.5384 10.3319 13.4724 0.011403
0 531.8827 288.7182 10.6704 12.9799 0.008489
0 536.1769 286.1656 16.9521 15.8627 0.003321
0 198.2508 285.8845 16.4823 17.3523 0.001978
0 608.8320 486.3730 62.3359 51.2539 0.001781
0 195.3246 277.7882 13.0027 26.2338 0.001111
0 475.8328 272.0438 17.3979 35.3048 0.001109
0 563.2731 4.1925 34.5210 8.3849 0.000866
0 490.4050 321.1375 20.1030 28.2958 0.000624
0 591.2128 505.1020 29.5557 13.7960 0.000571
0 574.3315 4.8077 35.5083 9.6154 0.000486
0 282.6703 123.5463 9.4139 11.8828 0.000447
0 636.1896 485.4318 7.6207 50.4561 0.000444
0 503.1212 154.2531 8.7635 11.7676 0.000441
0 206.1244 285.1049 21.5586 15.7010 0.000323
0 477.1783 252.3304 14.6936 25.8172 0.000270
0 466.1456 263.9940 15.0560 19.1607 0.000234
0 278.1220 6.5353 15.9319 12.7919 0.000195
0 486.0074 315.9711 24.8236 21.2338 0.000184
0 218.8223 285.7175 7.5281 16.0144 0.000181
0 298.9502 181.5038 11.9456 14.4898 0.000178
0 381.7954 471.0186 11.3317 15.9117 0.000175
0 582.2335 497.6972 53.5042 28.5773 0.000165
0 236.1080 294.4897 15.2585 30.6940 0.000156
0 481.0268 251.3952 9.4506 23.5415 0.000143
0 507.0703 3.2290 22.4558 6.4581 0.000142
0 582.7343 508.1244 36.6738 7.7512 0.000130
0 389.7278 508.2946 13.1891 7.4107 0.000119
0 562.2774 8.3921 42.6191 16.7843 0.000114
