0 361.7386 249.4714 21.2439 18.2726 0.803833
0 405.8967 103.2254 19.8051 17.6000 0.671768
0 4.1676 420.3631 8.3353 53.1078 0.012494
0 208.1368 342.1908 20.9959 48.3853 0.007745
0 3.1472 501.0016 6.2945 21.5906 0.007424
0 234.0863 380.1249 16.0961 33.3578 0.006061
0 3.0310 490.5193 6.0619 42.6074 0.004257
0 207.4825 364.5903 23.4820 11.3409 0.003992
0 19.5206 212.9038 21.0380 40.7672 0.002382
0 7.1178 415.8890 14.0522 60.9035 0.001496
0 112.8288 3.0236 29.2606 6.0046 0.001358
0 3.8534 453.4734 7.6901 66.9489 0.000739
0 7.8010 505.3303 15.0972 13.3394 0.000734
0 6.9925 214.2067 13.9346 37.5943 0.000593
0 100.9754 3.8457 36.7059 7.6914 0.000532
0 637.4639 88.1098 5.0723 68.4158 0.000441
0 3.4652 205.9939 6.9304 50.4771 0.000409
0 418.7314 254.6342 28.9487 19.6320 0.000308
0 7.0558 497.8130 14.0131 28.1790 0.000305
0 637.7007 465.4977 4.5986 42.5527 0.000286
0 122.4593 3.7153 33.6754 7.4244 0.000243
0 7.7676 439.9746 14.5625 45.7932 0.000215
0 8.1422 35.6803 16.2843 30.2545 0.000208
0 412.5053 267.6342 23.9067 40.1853 0.000195
0 3.0775 394.2206 6.1550 55.2593 0.000183
0 95.2086 7.9763 46.4681 15.9526 0.000157
0 4.0641 263.2921 7.5220 19.6255 0.000156
0 353.2415 247.9654 36.2079 22.3186 0.000149
0 7.4386 480.6511 14.6418 59.4843 0.000147
0 2.6029 180.5589 5.2058 54.9974 0.000147
0 7.6146 19.7612 15.2293 39.5225 0.000145
0 14.7357 251.3096 27.4166 28.7545 0.000139
0 414.5635 256.8387 27.7333 33.7020 0.000138
0 6.0815 259.9310 11.2407 22.9426 0.000123
0 111.9576 8.4122 33.7177 16.8244 0.000120
0 11.1962 241.1678 22.0445 31.8916 0.000104
