0 513.8447 339.4415 15.2760 14.6937 0.702921
0 420.0024 500.3617 36.1321 23.2767 0.005374
0 4.0851 108.0244 8.1702 69.0956 0.003642
0 3.3394 387.7823 6.6788 64.0997 0.003196
0 7.8304 398.4351 15.5018 83.5657 0.001081
0 508.8581 341.8670 24.6615 19.0789 0.001048
0 3.4311 367.4594 6.8597 57.1479 0.000883
0 10.6911 107.2144 21.3822 76.5420 0.000577
0 430.7818 502.6209 46.2366 18.4788 0.000525
0 7.3699 8.6494 14.5960 17.2809 0.000260
0 5.1180 127.6854 10.2360 63.8156 0.000185
0 375.4547 502.4486 16.0127 19.0954 0.000180
0 549.2100 402.3074 9.9302 10.5312 0.000129
0 406.5075 501.2423 37.3602 21.5153 0.000113
0 3.6757 499.3083 7.3513 25.3763 0.000109
