0 257.5711 57.4732 20.1631 33.1218 0.792381
0 282.0908 95.4481 23.7053 23.2196 0.478634
0 599.0252 507.7323 28.1550 8.5355 0.001125
0 606.8748 366.6949 15.5243 16.1829 0.001090
0 3.2420 49.9880 6.4840 47.1172 0.000371
0 458.9819 509.1805 35.4640 5.6390 0.000296
0 267.3355 65.9586 31.2433 49.4129 0.000251
0 364.3213 5.7317 13.5741 10.9001 0.000240
0 357.9072 5.4282 20.2886 10.7135 0.000235
0 275.4904 76.1087 28.1925 57.7914 0.000186
0 467.1106 507.9517 49.2827 8.0966 0.000178
0 590.5153 505.7222 43.3972 12.5557 0.000177
0 629.7162 198.6114 20.5676 43.6007 0.000166
0 236.6203 509.5510 26.6844 4.8979 0.000160
0 72.1908 5.0307 40.7082 10.0449 0.000149
0 243.5605 330.2726 12.5565 14.3104 0.000135
0 269.3215 56.6917 22.2788 35.4546 0.000134
0 158.1222 299.0453 9.7000 10.0956 0.000131
