0 302.1518 340.4596 24.3646 21.6274 0.863189
0 140.5133 508.0843 24.5385 7.8315 0.011562
0 468.8953 377.8652 18.5753 25.6860 0.001950
0 132.3038 507.1680 35.7859 9.6641 0.001891
0 308.6300 249.5735 11.0930 12.2569 0.001727
0 3.6528 438.5630 7.3055 33.9108 0.001463
0 3.8574 88.6902 7.7148 69.7161 0.001412
0 3.1472 77.2685 6.2943 41.5222 0.001321
0 149.0231 508.2942 28.8492 7.4116 0.001069
0 199.8846 507.9813 21.5844 8.0374 0.000991
0 19.6897 6.0960 37.5248 12.1857 0.000886
0 207.6251 507.1538 23.8583 9.6924 0.000802
0 137.1806 502.7466 30.7256 18.5068 0.000711
0 7.5251 7.6802 15.0205 14.9599 0.000705
0 3.8914 427.1293 7.7828 35.1748 0.000678
0 423.5494 3.2713 19.3184 6.5425 0.000669
0 302.4811 508.7237 21.2374 6.5526 0.000646
0 171.1311 508.9666 16.2627 6.0668 0.000551
0 3.8723 483.4645 7.7447 38.0989 0.000544
0 3.1430 455.0060 6.2861 29.9376 0.000539
0 636.1093 324.1326 7.7814 32.1501 0.000532
0 142.7956 505.0802 21.9891 13.8395 0.000521
0 276.8235 508.4270 26.3912 7.1461 0.000491
0 3.9324 310.0520 7.8647 36.7504 0.000487
0 3.0395 467.0957 6.0791 28.0685 0.000452
0 292.1144 508.7148 20.1304 6.5704 0.000416
0 164.5613 508.8093 18.6496 6.3813 0.000411
0 263.3318 15.0047 22.8867 29.0638 0.000361
0 393.8173 187.7801 17.1844 22.0334 0.000331
0 247.9875 19.0974 23.9089 25.6995 0.000326
0 4.3945 9.9492 8.7889 19.8983 0.000300
0 315.2615 508.3613 25.3483 7.2774 0.000296
0 5.2019 115.0293 10.4037 54.7517 0.000296
0 219.0724 32.7531 26.2037 12.6747 0.000287
0 7.9569 211.4355 15.9137 32.0400 0.000286
0 128.2636 500.2684 32.4518 22.2851 0.000282
0 636.3625 313.1985 7.2749 39.0985 0.000280
0 195.3271 476.3641 14.7309 15.4980 0.000269
0 226.5889 33.0908 13.0610 12.2195 0.000266
0 3.3558 322.6910 6.7116 49.2521 0.000258
0 252.9612 14.0024 34.2854 26.9125 0.000255
0 585.6818 10.7894 26.9796 21.5249 0.000250
0 191.8073 508.5302 24.6989 6.9396 0.000247
0 355.6547 232.6631 17.7003 33.2243 0.000227
0 174.4133 434.4666 17.2454 28.3248 0.000226
0 3.5342 21.9928 7.0684 43.9857 0.000219
0 178.2880 445.9754 12.5862 10.8432 0.000208
0 268.4333 505.9712 21.7935 12.0576 0.000208
0 4.7548 494.5260 9.5096 29.1526 0.000207
0 635.5639 502.0401 8.8722 19.9197 0.000203
0 117.7458 504.6949 23.6202 14.4827 0.000201
0 178.5708 509.0080 17.9667 5.9839 0.000191
0 325.3841 508.2404 29.6419 7.5192 0.000186
0 7.1367 434.0505 13.8557 33.2697 0.000183
0 29.5842 5.1370 27.6851 10.2191 0.000172
0 3.1725 408.3410 6.3450 33.1035 0.000169
0 636.5718 337.2048 6.8564 44.6622 0.000163
0 4.5774 189.1322 9.1108 30.1595 0.000156
0 241.4291 21.4900 21.1887 25.2793 0.000153
0 183.6773 490.5861 11.6846 15.2234 0.000142
0 172.0693 444.9906 22.7463 14.8862 0.000139
0 3.2311 41.3636 6.4621 77.1797 0.000133
0 321.6437 224.5631 17.5778 22.0110 0.000133
0 630.3205 10.6656 19.3590 21.3313 0.000124
0 382.8869 507.7009 24.7469 8.5982 0.000124
0 336.5034 56.7192 24.9756 28.0304 0.000118
0 197.3231 503.6499 16.7436 14.4306 0.000108
0 2.8738 396.2785 5.7476 31.3904 0.000107
0 111.2457 506.4015 23.4659 11.1971 0.000105
0 42.5053 5.0693 41.8787 10.1386 0.000105
0 250.9865 7.3596 34.8608 14.6611 0.000104
0 3.8663 295.0135 7.7326 46.9328 0.000104
