0 286.6000 202.4815 11.1177 15.5754 0.709385
0 274.8767 299.2935 13.8417 18.3217 0.336372
0 325.1367 208.6478 10.4572 16.0297 0.023863
0 234.2008 195.9685 11.2805 13.4055 0.014003
0 325.4850 215.8029 10.9105 30.2278 0.005983
0 76.2471 507.8576 25.4859 8.2848 0.003043
0 82.7447 7.5022 51.3844 14.9157 0.002198
0 277.3826 293.4598 18.2817 29.7994 0.001873
0 20.9543 509.2484 21.3353 5.5033 0.001834
0 8.8245 438.3467 15.0873 14.1432 0.000656
0 417.1658 137.9291 13.4238 23.6481 0.000570
0 292.6687 202.9524 19.3220 15.9507 0.000555
0 68.2802 4.8549 56.8422 9.5181 0.000553
0 86.0658 507.1862 37.0539 9.6276 0.000446
0 533.1743 12.8628 23.7073 25.5944 0.000386
0 237.7707 198.8599 15.7053 17.3497 0.000343
0 100.0133 7.8731 39.0553 15.4905 0.000292
0 14.4824 507.9557 28.9648 8.0886 0.000279
0 472.8448 9.2655 27.3628 18.5153 0.000270
0 30.7512 509.1364 35.0947 5.7273 0.000234
0 51.5960 507.8825 19.9817 8.2350 0.000222
0 2.9101 29.4967 5.8202 58.9933 0.000214
0 50.4840 4.5628 41.7721 9.1257 0.000140
0 8.0056 428.6334 15.4644 35.2584 0.000131
0 3.8867 15.8999 7.7735 31.7998 0.000127
0 2.4253 171.5767 4.8506 47.5230 0.000119
0 281.9291 299.7917 24.9911 22.9509 0.000111
0 77.7576 12.3230 62.8887 24.6460 0.000110
0 277.5592 200.1730 27.6927 17.8669 0.000109
0 196.8396 193.9368 8.7028 11.8926 0.000106
