0 283.7906 168.0072 17.4177 29.5415 0.812846
0 227.1438 194.3697 13.3363 19.6782 0.649297
0 70.8609 198.0027 11.4931 14.5715 0.040088
0 289.6287 238.1718 10.3909 13.3127 0.017097
0 230.4047 199.8761 19.7552 30.5588 0.006887
0 7.0993 487.7884 14.1985 48.4232 0.005872
0 234.6035 206.7274 28.1942 44.4737 0.004584
0 288.8225 233.2228 12.1450 22.8335 0.003347
0 6.8167 472.6765 13.6334 42.5887 0.003240
0 635.6904 29.5289 8.6193 54.3998 0.002520
0 636.0594 63.1573 7.8734 59.4889 0.002323
0 294.4576 237.9223 18.2488 14.3539 0.001149
0 286.4827 228.9911 18.1389 30.8531 0.000939
0 150.8215 3.4611 20.5005 6.8954 0.000802
0 635.8962 48.1133 8.0382 20.6894 0.000600
0 312.8039 3.9435 15.2887 7.7178 0.000555
0 33.1538 2.6428 28.0022 5.2373 0.000468
0 19.3541 2.9751 33.2579 5.9503 0.000457
0 306.3683 5.1001 22.7595 9.3220 0.000394
0 78.6173 198.4342 26.0214 14.9034 0.000392
0 319.9572 3.7556 19.5605 7.5112 0.000310
0 243.2017 3.0252 20.4733 6.0504 0.000288
0 633.1952 16.9145 13.5793 33.8289 0.000266
0 12.5042 4.5678 24.5044 9.1002 0.000194
0 314.6847 147.7977 18.5262 28.8001 0.000179
0 7.5329 450.4900 14.3771 79.2601 0.000158
0 373.2175 15.3271 10.1317 30.6542 0.000153
0 628.8834 28.3708 22.2332 54.1285 0.000124
0 627.8484 7.3817 23.8442 14.5466 0.000123
0 582.7628 37.5863 25.4575 15.3585 0.000106
