0 277.9238 313.3696 12.8286 31.7997 0.794131
0 281.0990 280.8260 15.0437 40.7736 0.751922
0 294.2344 289.5329 15.0619 35.4066 0.744776
0 319.3456 252.3968 15.1219 23.8531 0.025163
0 355.1718 268.6769 9.1661 13.6238 0.003981
0 634.5602 340.7416 10.8795 71.8588 0.003496
0 279.0328 24.9752 21.8080 13.8882 0.002937
0 249.4228 2.5499 35.0596 5.0005 0.001539
0 635.2979 369.3414 9.4043 66.8993 0.001264
0 259.8961 3.7333 44.4287 7.2552 0.001098
0 355.7388 277.7488 9.4642 30.4055 0.000879
0 468.1873 435.3402 23.1617 13.4904 0.000730
0 319.7928 264.0861 15.8494 30.6177 0.000582
0 268.3165 16.1955 48.1285 28.4891 0.000391
0 634.4667 357.1519 11.0259 34.0929 0.000244
0 634.1042 191.4088 11.7915 42.6548 0.000213
0 634.7497 170.5222 10.5006 52.7750 0.000170
0 2.7265 399.5997 5.4530 59.0179 0.000153
0 466.0013 447.3608 28.2963 36.4384 0.000144
0 577.2831 22.3500 17.1228 44.3895 0.000128
0 324.8593 250.7171 17.6388 25.5125 0.000125
0 277.8839 18.3724 25.5955 26.9904 0.000120
0 3.0009 127.6117 6.0018 49.3902 0.000116
0 310.6227 507.7169 24.1459 8.5661 0.000105
0 352.8871 271.1760 11.4766 18.2365 0.000102
0 3.5372 481.6690 7.0150 60.0677 0.000101
