0 225.8711 410.5505 24.9662 37.8766 0.864426
0 270.9141 348.6659 11.3788 26.4292 0.771773
0 298.9181 308.3556 13.3770 16.8781 0.535288
0 302.6952 312.0166 15.7500 17.4098 0.173516
0 221.8580 340.8092 12.2022 32.6748 0.024080
0 297.2539 301.6710 13.7370 24.7596 0.016931
0 258.2809 316.7435 9.5737 10.7418 0.006195
0 259.2395 312.3982 9.9122 14.9056 0.001327
0 221.5005 327.3134 12.5204 18.0577 0.000564
0 210.5441 321.4177 12.8855 15.6188 0.000416
0 266.6556 350.9634 17.5295 30.4629 0.000397
0 207.2811 322.8546 10.0900 12.7540 0.000335
0 297.4055 315.0153 15.6023 24.1636 0.000327
0 636.2145 302.0058 7.5710 33.2098 0.000300
0 259.1821 321.7365 11.4397 20.2097 0.000265
0 215.7535 333.7790 17.4498 23.8351 0.000242
0 218.7657 309.6475 10.4495 10.3080 0.000192
0 636.5085 287.4466 6.9829 35.1616 0.000185
0 629.9835 313.6046 20.0330 46.5446 0.000169
0 213.4845 317.1495 14.9745 23.3881 0.000161
0 636.0789 319.5272 7.8422 62.2797 0.000161
0 219.0367 316.0331 12.0032 22.9783 0.000141
0 533.2424 106.4546 19.4763 17.7285 0.000133
0 629.4592 302.2689 20.3202 23.9580 0.000118
0 223.3374 321.0644 13.4881 24.5502 0.000103
