0 312.6158 292.1682 41.1418 69.8395 0.903668
0 541.4841 330.2545 26.2286 83.6194 0.890968
0 355.4522 264.0707 35.0629 125.2215 0.873116
0 405.1581 313.1473 9.5583 14.0372 0.013290
0 362.4261 317.8077 11.1762 17.5416 0.000850
0 144.5330 303.0065 7.7140 9.6761 0.000841
0 534.6000 304.0270 11.6350 30.9166 0.000344
0 412.6248 312.9870 24.4872 14.5847 0.000299
0 116.1335 304.0648 20.4705 21.5707 0.000296
0 125.9130 303.5948 40.7587 20.2830 0.000223
0 11.8493 5.6710 22.9774 11.3419 0.000169
0 399.3056 314.2217 19.7279 16.9642 0.000153
0 362.2390 276.3517 14.3280 100.4241 0.000146
0 301.5936 285.7683 19.9310 57.7646 0.000115
0 347.0922 251.1135 27.1937 95.8878 0.000113
