0 496.0689 329.8645 40.0510 86.9354 0.911867
0 327.5403 292.0821 41.5076 70.7943 0.905811
0 367.8975 264.1572 30.6559 123.9588 0.870790
0 420.2136 312.9900 10.0438 14.1802 0.003430
0 376.2531 316.9741 11.9035 18.2072 0.000634
0 159.3999 301.8973 8.3632 11.4541 0.000455
0 635.0408 7.5848 9.9185 15.1696 0.000446
0 635.5060 19.0608 8.9879 38.1215 0.000407
0 425.6745 312.6901 20.7516 14.7026 0.000363
0 375.1435 294.2308 14.8284 63.6139 0.000333
0 633.5911 96.5871 12.8179 144.2623 0.000202
0 374.1965 310.8301 14.8325 30.2571 0.000187
0 628.5843 5.7980 22.8314 11.5442 0.000172
0 352.6146 251.5170 20.8015 96.3564 0.000165
0 416.4548 313.6447 16.4046 16.0300 0.000144
0 315.7081 285.2694 19.5684 56.6801 0.000125
0 198.6296 310.1414 7.0832 37.1973 0.000109
0 635.3815 319.8097 9.2371 86.8079 0.000106
