0 448.4799 336.1053 31.1384 93.4763 0.888621
0 559.5150 302.0082 45.6533 102.0118 0.872317
0 54.6465 367.0902 25.5979 82.5985 0.858404
0 3.3146 445.0105 6.6291 129.5748 0.002695
0 171.5276 326.8033 29.8966 83.7042 0.001114
0 7.6373 296.5005 15.2747 82.6406 0.001074
0 610.6155 3.9028 25.5500 7.7877 0.000803
0 618.5165 5.5431 38.6416 11.0862 0.000294
0 635.9886 294.3224 8.0228 79.8018 0.000168
0 637.3849 385.8982 5.2301 88.7220 0.000120
0 3.3752 399.8150 6.7504 105.3375 0.000119
0 8.1265 439.2016 16.0584 145.5969 0.000111
0 4.1397 311.2100 8.2794 73.0234 0.000102
0 617.9593 312.0183 44.0814 106.5895 0.000102
