0 261.2318 321.8576 17.1988 21.1333 0.860256
0 330.3064 314.7846 15.2576 26.5288 0.858472
0 4.2811 314.0672 8.5622 128.1190 0.004974
0 635.7317 308.2252 8.5366 74.7061 0.000435
0 3.0295 351.7559 6.0590 144.2014 0.000328
0 4.0002 279.6398 8.0003 76.1084 0.000313
0 109.1108 28.3664 26.7055 56.7327 0.000236
0 7.6843 329.3486 14.9904 154.4979 0.000196
0 92.6975 21.8375 60.6079 43.6561 0.000137
0 338.6270 4.7218 32.4354 9.3437 0.000128
0 90.0283 7.7232 65.0282 15.2935 0.000105
0 637.2575 295.6721 5.3982 82.7985 0.000101
