0 350.6286 230.8448 21.0394 62.6101 0.863376
0 123.1421 233.7799 32.1350 56.2219 0.817392
0 2.8275 269.7338 5.6549 91.1000 0.065139
0 7.0426 270.3566 13.8382 91.5744 0.002373
0 636.5153 224.3454 6.9695 73.3409 0.001002
0 2.5919 231.0594 5.1839 80.8553 0.000603
0 3.2435 207.9368 6.4870 107.7546 0.000350
0 526.2844 215.8193 16.7363 56.6764 0.000186
0 632.2648 225.2808 15.1714 76.0261 0.000157
0 4.2814 294.8436 8.5629 102.3743 0.000148
0 636.5473 245.7444 6.9054 148.2883 0.000143
0 104.1601 239.2974 44.5126 48.3697 0.000126
