0 409.5697 380.8438 29.1774 54.9409 0.898699
0 232.2267 312.1742 21.4611 52.6305 0.822536
0 322.3717 298.2231 29.4773 52.6078 0.785013
0 315.5088 294.1909 18.1905 45.3916 0.108490
0 3.7078 235.6993 7.4155 61.9097 0.004157
0 3.0236 260.1695 6.0472 42.3425 0.003550
0 293.8536 251.7866 18.7239 32.1617 0.001091
0 319.3213 281.6100 22.0479 34.1185 0.000668
0 27.8182 507.7535 15.8642 8.4131 0.000640
0 6.7236 328.7623 13.4471 45.0442 0.000533
0 284.7486 251.0607 16.2635 33.2006 0.000532
0 280.6078 252.7661 14.1448 27.2627 0.000257
0 3.5485 286.4293 7.0970 54.4941 0.000241
0 298.3763 258.4860 15.3578 26.2888 0.000218
0 3.3448 498.4807 6.6896 27.0387 0.000176
0 332.9732 304.2743 26.8877 54.5714 0.000175
0 2.9999 474.8267 5.9997 45.5750 0.000162
0 4.1989 308.8823 8.3979 43.3893 0.000122
0 242.9433 312.3271 24.5840 54.1656 0.000111
