0 351.3532 265.0985 31.8034 41.2939 0.894586
0 422.2054 377.0480 24.2603 42.4453 0.876320
0 310.1138 338.9510 17.9171 32.9517 0.797000
0 313.2049 379.5378 16.4391 36.9293 0.726542
0 322.5464 389.8858 20.4987 48.3739 0.001624
0 21.6645 321.6030 43.3290 61.8489 0.000807
0 324.5345 400.9836 18.5386 31.3832 0.000665
0 172.5497 281.5598 17.2222 30.5172 0.000491
0 307.8140 382.7559 22.0563 37.9154 0.000392
0 408.4343 374.0942 20.9696 39.3617 0.000283
0 2.4811 126.2223 4.9622 57.8230 0.000278
0 334.8321 376.8461 18.0153 27.5854 0.000181
0 5.4217 444.2908 10.8433 44.1929 0.000167
0 614.8743 493.2617 34.5756 36.9673 0.000166
0 324.4090 376.9862 23.8364 32.3798 0.000156
0 286.4689 339.0883 15.2121 32.9855 0.000145
0 318.0619 397.3674 21.2085 40.9220 0.000132
0 399.7130 371.8006 12.9001 30.3541 0.000107
0 332.4854 389.3120 20.3141 43.0380 0.000100
