0 328.2459 252.3237 22.8041 41.3148 0.886428
0 333.1459 300.2903 20.0203 35.3120 0.865781
0 263.5169 326.4092 22.3517 43.7260 0.847862
0 264.6208 380.4999 16.2365 37.0230 0.724726
0 8.6098 471.5303 17.2196 48.3082 0.007156
0 279.9460 394.2253 17.8227 32.3971 0.002118
0 274.6296 391.2537 21.3481 42.7490 0.001604
0 269.8011 383.3336 19.8655 39.1116 0.001334
0 276.9055 400.9761 20.9719 31.0660 0.001146
0 285.2067 390.9075 19.4078 35.6542 0.000778
0 5.4113 447.2441 10.8226 61.2537 0.000624
0 3.3794 288.8545 6.7587 81.8706 0.000490
0 3.3128 405.7557 6.6256 59.9213 0.000417
0 3.6714 434.6063 7.3429 54.4016 0.000383
0 3.6140 253.7538 7.2281 66.9672 0.000366
0 264.3301 350.6545 20.4296 48.1631 0.000347
0 9.5921 489.9814 19.1507 41.0389 0.000300
0 277.9722 382.8476 21.7152 35.8664 0.000288
0 3.3586 231.1884 6.6376 74.6448 0.000182
0 12.0857 508.5633 23.1252 6.6448 0.000164
0 9.6347 504.9111 19.2693 14.1472 0.000159
0 631.7702 497.0160 15.6953 20.5215 0.000145
0 403.4743 508.6529 36.2231 6.6943 0.000120
0 103.5495 507.1993 35.8549 9.6013 0.000117
0 255.9054 392.8541 17.6516 34.5793 0.000117
