0 197.0295 245.0282 31.9510 62.9360 0.898208
0 243.0757 318.1140 30.9861 76.4018 0.897992
0 374.9872 205.4770 25.6949 59.5292 0.878004
0 460.8262 207.6132 16.5476 25.5983 0.000991
0 101.4763 484.9379 13.8075 17.9889 0.000980
0 102.4900 495.5916 13.1651 21.7737 0.000808
0 397.0984 224.2817 13.5950 53.9126 0.000799
0 104.4470 489.6896 14.8534 15.9937 0.000789
0 634.7428 128.0833 10.5145 67.4812 0.000489
0 48.7061 242.2135 18.2931 31.4899 0.000245
0 378.3854 190.9828 22.3442 31.8807 0.000152
0 2.8268 214.3783 5.6536 53.9364 0.000128
0 636.7686 369.3569 6.4629 98.5421 0.000122
0 4.5430 500.6534 9.0860 22.6931 0.000106
0 633.5922 159.3748 12.5999 118.6820 0.000103
