0 195.2411 211.5351 26.7784 61.3149 0.901975
0 311.7790 372.8340 24.6297 64.1764 0.874894
0 233.9068 157.6278 20.3014 57.9441 0.865610
0 213.2067 139.2048 17.8388 43.5846 0.854855
0 94.6446 501.9958 46.7930 19.9023 0.203625
0 82.3880 506.1971 48.3035 11.6057 0.002643
0 109.3733 503.5160 47.6041 16.9680 0.001527
0 247.6948 508.0598 37.7598 7.8804 0.001434
0 449.1360 163.4702 13.5989 16.0490 0.001180
0 29.2015 507.6753 47.2004 8.6495 0.000296
0 8.5234 506.5089 17.0467 10.9822 0.000202
0 310.7522 326.9788 17.5389 31.5040 0.000185
0 263.8077 507.0304 48.9245 9.9391 0.000170
0 17.7426 508.2399 35.1840 7.5202 0.000169
0 224.5376 2.5190 18.9579 5.0021 0.000168
0 6.4437 498.1809 12.8875 27.6382 0.000148
0 404.2921 316.8547 11.9609 31.0933 0.000138
0 2.3023 62.6369 4.6047 34.6143 0.000129
0 26.2113 503.3368 50.2335 17.3265 0.000101
