0 307.6947 185.6862 15.1215 27.3008 0.885239
0 342.0789 334.1140 13.1968 26.7737 0.872236
0 321.4238 229.2990 18.8107 30.9916 0.850887
0 300.4417 346.3146 8.5802 8.2725 0.599224
0 300.7169 350.3245 9.2267 15.9120 0.010386
0 68.3736 5.9787 38.0263 11.9093 0.006393
0 3.9854 502.5145 7.9708 18.9711 0.004044
0 237.6100 326.3431 14.3383 10.3719 0.002490
0 83.1060 5.9628 24.8964 11.8604 0.002323
0 226.3661 347.4808 10.4241 13.5287 0.001918
0 636.0338 84.1738 7.9325 49.4537 0.001871
0 95.9604 5.7983 44.6213 11.5439 0.001733
0 325.3375 260.9180 17.2796 13.1908 0.001432
0 9.4841 503.1671 18.9681 17.6658 0.001257
0 2.7233 497.5345 5.4465 28.9309 0.001248
0 329.6893 202.0119 27.5630 21.1968 0.001210
0 296.9794 344.4734 14.0750 12.6116 0.000555
0 223.0263 341.3364 16.1574 25.6432 0.000469
0 303.1754 344.8225 12.6063 12.3038 0.000448
0 632.4456 79.1909 14.9441 46.3363 0.000258
0 584.2395 509.3849 21.0911 5.2301 0.000220
0 329.4798 224.9969 28.3107 38.1169 0.000188
0 307.6980 347.2760 21.9445 9.8328 0.000184
0 474.5964 3.3246 23.0646 6.6492 0.000172
0 304.0024 355.0392 14.8906 25.6001 0.000162
0 482.3195 4.4441 31.5425 8.8585 0.000148
0 490.5226 5.5348 34.6957 11.0675 0.000140
0 103.2707 11.5664 59.3535 23.0976 0.000134
0 314.3529 205.0405 24.0544 64.7423 0.000115
0 315.4286 187.0439 26.9269 31.8948 0.000106
0 361.5970 424.0603 14.6575 13.6182 0.000103
