0 275.6150 296.1284 10.0836 11.7518 0.330439
0 495.1199 480.0607 19.3715 17.2885 0.070514
0 500.8089 441.1816 18.0223 15.4091 0.015002
0 268.3150 296.4668 21.3235 12.3209 0.007144
0 499.8536 459.1748 22.3327 51.3104 0.004815
0 489.5529 228.8876 33.2803 49.1860 0.002758
0 498.6743 474.5938 22.7035 26.9613 0.001970
0 492.3912 485.6103 25.0145 28.7936 0.001546
0 428.7601 128.2153 21.5706 19.7353 0.001432
0 500.9297 446.6961 21.0618 25.5474 0.001276
0 282.6761 296.8340 23.8134 15.5677 0.001029
0 271.6041 289.6653 16.2341 23.2042 0.000354
0 279.0916 291.4383 16.0698 22.8835 0.000232
0 288.7307 428.9381 15.3624 19.6614 0.000182
0 544.2075 425.6502 27.1807 19.5088 0.000182
0 547.3549 4.5190 19.7134 8.9513 0.000127
0 438.4011 222.2225 9.8346 10.1844 0.000107
0 319.4409 300.2375 12.9077 13.3213 0.000106
