0 78.1119 249.1345 17.5729 18.0788 0.143138
0 73.9771 15.0541 34.2704 30.1057 0.067654
0 503.6317 10.2436 27.4356 20.4668 0.007202
0 490.0118 10.3010 44.0840 20.6020 0.004470
0 310.4618 298.4910 17.1355 22.7665 0.002653
0 397.6736 3.1650 16.9227 6.3290 0.002163
0 11.7041 46.6239 23.4082 69.2958 0.001895
0 406.3182 3.3304 26.4202 6.6595 0.000966
0 54.2592 15.2026 42.1267 29.6772 0.000872
0 11.6418 24.6852 23.2836 41.1196 0.000672
0 14.0513 21.5501 19.0835 17.2816 0.000363
0 414.6198 3.5838 24.8425 7.0548 0.000279
0 83.0875 252.7805 28.4658 26.1093 0.000265
0 81.4529 9.6978 32.0042 19.3354 0.000239
0 71.1112 249.7983 33.9326 22.7792 0.000158
0 13.9847 14.6853 23.1024 29.3707 0.000156
0 397.4073 8.6099 18.8667 17.2198 0.000152
0 296.7202 26.3590 22.5255 52.6152 0.000143
0 316.5688 300.6334 22.4523 26.0509 0.000131
0 201.7909 508.9571 25.2032 6.0859 0.000104
