0 243.7484 185.8805 15.8615 19.3558 0.859921
0 102.4501 451.1960 10.8791 14.2322 0.433065
0 349.4885 208.2607 13.7821 12.9151 0.234434
0 338.1820 148.1018 27.6957 18.3795 0.212560
0 330.4918 149.7780 19.2418 19.6071 0.100989
0 342.8083 153.2649 31.2553 22.3563 0.093416
0 153.9653 373.7449 11.6325 15.2783 0.068291
0 349.5881 157.5815 37.8824 27.1433 0.012507
0 346.1641 255.8530 15.4669 23.3570 0.006795
0 322.2916 151.4684 16.9829 20.9063 0.003623
0 364.1292 158.3246 31.2665 27.2590 0.002448
0 98.0222 451.2690 18.8008 16.0481 0.002304
0 348.7990 217.8346 13.6589 31.6700 0.001688
0 495.8976 157.8613 16.7443 17.3564 0.001148
0 355.2550 208.8563 24.0248 15.3093 0.000834
0 367.8093 251.6941 10.9775 15.8071 0.000493
0 347.9685 233.6981 15.0176 40.1060 0.000462
0 91.7812 455.2047 31.2849 21.8569 0.000313
0 334.2738 96.9544 10.9639 11.3349 0.000290
0 152.0225 367.1472 12.6371 28.3557 0.000285
0 237.3228 188.0069 24.0388 22.8374 0.000196
0 350.7038 202.3898 15.4908 25.1321 0.000180
0 344.2063 239.6582 18.3763 45.2415 0.000155
0 342.1133 210.2090 26.3083 17.1453 0.000152
0 4.1714 226.0416 8.3428 48.1273 0.000129
0 341.6586 141.9912 28.9778 29.9591 0.000123
