0 180.4603 264.5620 14.7303 17.3978 0.874673
0 155.2166 486.3418 24.0166 28.9178 0.353466
0 389.2039 420.0334 14.2820 12.0759 0.039833
0 405.0389 463.1042 18.8379 18.9858 0.007345
0 328.5990 325.2609 13.8145 12.3593 0.004881
0 427.7744 444.1707 9.6763 12.5709 0.000710
0 18.4750 509.3454 13.5918 5.3093 0.000442
0 315.3561 50.6323 11.6107 15.1857 0.000423
0 391.5560 429.5627 17.6195 28.7544 0.000146
0 395.0208 420.4586 25.3126 13.6581 0.000139
0 158.8428 469.0222 21.9605 41.8097 0.000129
0 349.1984 7.6469 24.8171 15.2325 0.000105
