0 278.7191 293.0116 22.4575 30.3232 0.874522
0 381.7759 186.0810 12.6332 19.1210 0.165820
0 327.0735 196.7585 15.2402 24.3770 0.132876
0 365.6968 193.5334 10.2129 18.7921 0.064762
0 308.9763 205.7167 13.6585 20.1412 0.043100
0 405.4374 179.8659 14.0753 19.0336 0.020858
0 370.3410 190.9469 14.1010 19.7372 0.018882
0 366.4354 236.6138 13.5579 23.9584 0.017558
0 396.9312 180.0265 14.8937 17.8323 0.016425
0 59.8984 7.7519 22.9052 15.4342 0.009375
0 386.6060 180.3442 12.1342 21.7781 0.008707
0 355.3486 509.0926 32.3104 5.8148 0.006998
0 409.8606 169.7857 14.5219 23.2898 0.005365
0 333.0440 194.0521 17.7832 20.6637 0.004243
0 304.2410 5.6215 33.2943 11.2141 0.003783
0 2.7461 382.0987 5.4922 46.5363 0.003121
0 490.3016 4.8293 29.4680 9.6368 0.003039
0 313.5996 201.6569 9.0485 21.1640 0.002773
0 3.7970 368.6988 7.5941 38.0050 0.002686
0 319.5513 196.4452 13.2574 25.8605 0.002491
0 360.8248 196.0933 13.1569 21.0243 0.001821
0 392.4106 242.3678 18.5925 35.2951 0.001356
0 20.0871 61.6419 14.7196 22.4447 0.001300
0 416.9354 169.2209 18.2113 20.2607 0.001226
0 2.5832 61.3120 5.1664 29.4153 0.001199
0 100.2167 439.6291 28.2135 29.4445 0.001190
0 366.2159 187.2956 11.2653 22.6158 0.001103
0 635.1691 431.8273 9.0990 22.5376 0.001072
0 363.8527 205.5702 12.1511 23.2574 0.001018
0 2.9596 404.1792 5.9192 34.3083 0.000995
0 581.2473 5.3642 27.5798 10.6915 0.000895
0 3.6794 413.7727 7.2921 38.9102 0.000853
0 343.5054 5.2032 28.0038 10.3598 0.000788
0 636.1915 115.4388 7.6171 31.9969 0.000724
0 314.0676 427.7464 12.7170 23.1233 0.000691
0 396.0332 191.1431 13.6754 26.9104 0.000652
0 340.9975 508.6462 32.0361 6.7076 0.000650
0 320.5709 427.4236 15.5588 23.3274 0.000632
0 242.7034 6.2779 29.9885 12.4940 0.000611
0 637.1143 185.6267 5.7714 34.7703 0.000595
0 208.9175 508.4584 27.8365 7.0832 0.000587
0 403.2072 188.2850 15.9679 25.4171 0.000583
0 378.9257 192.9452 16.1470 28.9036 0.000556
0 95.4222 446.7723 27.0823 38.2173 0.000526
0 141.3309 5.3150 25.0551 10.6301 0.000466
0 315.2427 420.1754 14.0673 26.5655 0.000443
0 159.4249 5.1846 23.5625 10.3692 0.000443
0 397.5278 172.5025 15.5566 26.5385 0.000440
0 387.6222 172.1312 14.7482 27.0815 0.000437
0 338.0696 185.4306 13.4238 20.1914 0.000414
0 166.5903 4.4324 22.8262 8.8648 0.000392
0 362.2325 126.8876 10.8195 17.4808 0.000376
0 570.6141 6.1272 26.3074 12.2545 0.000371
0 321.3666 418.5876 15.1329 24.4971 0.000370
0 101.5862 365.8965 14.0018 18.5807 0.000365
0 301.3246 508.4879 23.7269 7.0243 0.000361
0 634.5712 387.9261 10.4353 23.3562 0.000359
0 347.4856 189.9998 14.2158 17.0458 0.000344
0 7.3959 366.8994 14.7917 33.2754 0.000339
0 386.8054 193.2274 14.5938 29.0742 0.000334
0 285.8612 4.9090 54.8688 9.8041 0.000328
0 559.9174 5.7008 25.8174 11.4017 0.000316
0 357.5471 206.5906 13.1399 20.7330 0.000312
0 442.4711 508.4616 19.3655 7.0767 0.000307
0 414.8982 181.4351 18.8788 23.6885 0.000293
0 15.1330 62.1618 16.9703 24.6697 0.000291
0 409.0867 186.6868 16.9581 23.8272 0.000289
0 4.2553 434.4549 8.4834 53.8629 0.000288
0 320.7279 5.8718 45.7035 11.6330 0.000287
0 195.7107 232.3090 11.6250 15.1862 0.000278
0 562.9674 273.2167 13.5730 15.3564 0.000266
0 116.5747 508.1179 26.8679 7.7642 0.000255
0 636.2317 7.9928 7.5366 15.9856 0.000254
0 635.5563 440.9380 8.8875 35.3857 0.000243
0 259.1946 233.3621 16.5411 15.4844 0.000236
0 147.4677 7.2623 24.4019 14.5246 0.000227
0 90.6912 367.9726 14.9360 18.7063 0.000227
0 7.1173 105.5313 14.2347 34.8524 0.000225
0 4.4000 455.8342 8.7999 45.4382 0.000220
0 3.3693 75.4774 6.7385 47.9578 0.000218
0 67.6189 508.5192 23.4280 6.9617 0.000215
0 357.3651 127.1634 14.1331 17.3165 0.000212
0 637.3003 202.9890 5.3994 55.7427 0.000211
0 309.3160 430.3221 14.5100 27.6702 0.000206
0 10.8833 65.0811 17.1225 30.8792 0.000205
0 51.9444 508.6547 22.9959 6.6907 0.000202
0 381.4438 170.1216 12.9735 26.9990 0.000197
0 101.9699 508.0710 25.7492 7.8580 0.000196
0 635.4575 416.1722 9.0851 31.9424 0.000193
0 368.7013 508.6862 39.3929 6.6276 0.000187
0 483.9989 190.1524 13.7847 15.3257 0.000186
0 425.1100 171.9491 13.4870 21.7447 0.000183
0 3.5386 316.4909 7.0773 35.0792 0.000180
0 328.6891 508.6034 28.7341 6.7932 0.000180
0 5.8085 9.5136 11.6170 19.0273 0.000175
0 369.5927 206.2141 16.5510 26.2111 0.000175
0 4.4782 16.5374 8.9564 33.0749 0.000173
0 75.6239 508.5267 21.3759 6.9465 0.000170
0 354.7717 504.4696 34.1080 15.0608 0.000170
0 80.9222 390.6331 21.3464 36.3770 0.000167
0 5.5710 88.8374 11.1421 39.4297 0.000165
0 376.3547 180.0048 17.2549 26.7875 0.000163
0 637.0946 12.9362 5.8108 23.2247 0.000158
0 597.1802 5.3496 31.1504 10.6991 0.000156
0 508.8619 4.4817 37.2327 8.8322 0.000149
0 85.4500 508.4397 24.1486 7.1207 0.000145
0 470.7763 3.6385 36.9611 7.2770 0.000145
0 348.8172 180.8000 15.2157 15.5826 0.000139
0 99.1811 307.6056 11.2373 24.7722 0.000138
0 286.3738 508.5220 31.4313 6.9559 0.000135
0 339.3339 213.0519 12.8704 17.8208 0.000133
0 84.3816 371.9526 15.6004 22.1041 0.000133
0 355.9829 181.3557 17.6327 17.0702 0.000126
0 78.5298 402.0464 22.2018 29.9681 0.000123
0 3.2374 303.9866 6.4747 35.8561 0.000120
0 259.2346 4.6970 39.0844 9.3373 0.000119
0 568.9359 508.1882 19.0830 7.6236 0.000118
0 126.4160 4.9331 24.7734 9.8424 0.000117
0 298.7571 426.0486 16.0927 38.0001 0.000115
0 330.2733 430.9127 15.6426 29.6807 0.000115
0 527.7384 508.2061 23.7822 7.5878 0.000111
0 87.2569 453.9793 17.1185 25.9581 0.000111
0 224.8326 5.3637 34.6404 10.7274 0.000108
0 139.6100 507.9865 27.4188 8.0271 0.000108
0 8.7058 411.9223 16.8756 29.4520 0.000108
0 552.3502 508.2776 23.8772 7.4447 0.000108
0 128.7781 508.1509 32.1371 7.6982 0.000105
0 8.1081 96.2365 16.2125 28.6006 0.000105
0 363.2922 175.2269 13.2214 20.0817 0.000104
0 192.0133 508.2644 29.7310 7.4713 0.000103
