0 506.0001 313.3920 30.3132 81.0121 0.901267
0 356.9205 294.2842 25.5003 78.1110 0.891433
0 268.1123 295.3674 22.7555 51.1891 0.855188
0 533.8456 313.8459 17.1172 70.3450 0.061677
0 637.6302 344.1265 4.7396 93.4012 0.037708
0 630.8527 344.7451 18.2946 92.6534 0.001797
0 637.5497 303.9410 4.9005 128.3655 0.001289
0 636.6541 443.1177 6.6918 120.2856 0.001223
0 622.2316 336.1762 10.4429 61.0496 0.000712
0 636.9978 371.6581 6.0044 153.4897 0.000338
0 637.1748 271.2516 5.6504 96.7080 0.000291
0 6.9309 189.4172 13.8618 70.4102 0.000267
0 497.4042 314.6904 16.1422 77.7979 0.000266
0 525.6833 313.6692 14.4856 74.6266 0.000255
0 637.3322 204.3150 5.3357 97.4112 0.000171
0 637.2675 478.6508 5.4651 66.6983 0.000147
0 287.8570 295.8716 24.0643 43.5833 0.000125
