0 281.2482 196.3731 19.7291 77.3867 0.867072
0 231.4692 215.6532 22.3019 29.2704 0.805246
0 410.8761 193.5501 34.4350 84.8155 0.720628
0 240.0776 214.9173 38.2547 33.3038 0.014418
0 425.5516 189.6996 23.6780 84.5761 0.001000
0 433.3052 188.6185 10.5757 51.6406 0.000662
0 246.0184 195.6223 50.3231 72.6913 0.000575
0 233.7494 204.6781 27.3821 52.0059 0.000372
0 612.3823 499.2456 42.8065 25.5089 0.000183
0 417.5187 211.6705 12.7361 50.8065 0.000172
0 432.3840 172.3835 11.9194 51.0978 0.000139
0 636.0876 496.3286 7.8079 31.3428 0.000125
0 475.0259 506.5787 34.8275 10.8426 0.000121
