0 366.4289 297.3903 26.3494 74.3296 0.894225
0 580.2819 290.6160 16.4554 73.8490 0.859602
0 45.3917 266.1080 6.4232 29.9889 0.013325
0 637.2610 323.6279 5.4779 93.5382 0.001028
0 637.0378 298.0876 5.9244 51.6071 0.001002
0 637.1298 353.7863 5.7404 90.7704 0.000757
0 45.9037 275.5089 7.7773 56.7679 0.000568
0 129.4105 6.9754 27.1226 13.8849 0.000376
0 53.0552 269.1815 21.4836 59.8325 0.000366
0 138.7365 9.4806 46.3535 18.9027 0.000258
0 40.1791 266.8133 14.3601 25.6284 0.000213
0 58.8493 276.1661 31.7456 79.9374 0.000123
