0 277.7047 300.0096 31.3097 72.6613 0.912723
0 527.0771 297.9868 17.7483 75.8153 0.791233
0 632.5655 11.2131 14.8690 22.3557 0.001180
0 3.1140 403.5972 6.2281 89.3202 0.000688
0 637.0790 471.9922 5.8420 80.0157 0.000575
0 2.8418 264.6696 5.6835 64.1733 0.000547
0 633.0910 22.4688 13.8180 44.9376 0.000518
0 271.2511 289.2019 18.2487 50.8407 0.000424
0 634.6375 476.0062 10.7250 71.9875 0.000337
0 637.3961 318.0558 5.2079 77.0350 0.000312
0 626.3397 7.0839 26.0776 14.1679 0.000285
0 2.8147 450.6068 5.6295 88.5229 0.000240
0 4.5606 379.0215 9.1212 138.2957 0.000209
0 8.6193 406.1428 17.2385 84.0140 0.000155
0 385.6469 3.3507 20.3002 6.6628 0.000136
