0 315.3947 217.0340 28.9283 71.2345 0.866085
0 309.1073 178.0031 23.7328 49.2811 0.844984
0 571.4103 432.6224 23.8113 37.2830 0.149105
0 618.8779 507.7615 27.0308 8.4770 0.001816
0 182.7165 509.0995 22.5790 5.8009 0.001449
0 636.9577 144.4321 6.0846 53.6765 0.001005
0 636.9850 119.6133 6.0300 51.1384 0.000874
0 2.8102 270.7188 5.6204 35.4817 0.000709
0 107.9458 508.1997 25.8248 7.6006 0.000690
0 360.7781 236.1731 16.6265 32.0408 0.000497
0 635.2877 505.9595 9.4247 12.0809 0.000411
0 164.7820 5.4721 32.5228 10.9442 0.000398
0 6.2558 333.2907 12.5117 42.9041 0.000369
0 175.2100 4.0318 40.1937 8.0635 0.000362
0 609.3672 508.2109 28.9019 7.5782 0.000359
0 86.8679 283.7320 18.6387 52.0244 0.000316
0 636.7485 500.5912 6.5031 21.5630 0.000308
0 5.5433 356.7319 11.0867 73.7668 0.000282
0 8.1603 233.3853 15.7842 29.4186 0.000205
0 636.8570 487.7742 6.2860 42.1327 0.000205
0 2.4987 129.6123 4.9974 26.1342 0.000195
0 636.2245 436.9349 7.5510 30.5097 0.000188
0 347.0768 507.2055 24.5312 9.5889 0.000186
0 168.7353 508.5031 27.4590 6.9937 0.000175
0 634.9344 461.5403 10.1312 36.5055 0.000172
0 315.6161 190.5887 27.1621 45.8229 0.000136
0 627.4518 504.7438 20.2825 14.2119 0.000127
0 614.8887 505.1904 26.1816 13.4705 0.000118
0 3.4935 288.8467 6.9869 51.5100 0.000115
0 533.8455 228.2128 14.8694 47.9968 0.000113
0 485.6146 212.7476 9.5343 23.5879 0.000109
0 197.0676 508.5689 29.3135 6.8622 0.000108
