0 253.1975 279.7296 36.7309 28.6321 0.885934
0 179.7207 421.4655 23.5173 21.9058 0.839963
0 619.5453 362.4806 31.9946 23.0072 0.016461
0 619.2282 374.2733 33.3564 47.9668 0.011200
0 141.9854 90.6848 16.5319 15.8412 0.004478
0 115.8620 43.7746 22.4112 19.5672 0.003105
0 6.0828 12.8634 12.1657 25.7267 0.002724
0 602.0262 54.9921 20.2191 30.7194 0.002709
0 81.9490 2.7434 21.9373 5.4473 0.001986
0 588.1531 162.6273 10.9121 11.9285 0.000516
0 635.1714 329.4526 9.6571 40.5494 0.000429
0 631.9772 346.1708 16.0455 46.0316 0.000341
0 13.1080 7.9682 26.2161 15.9048 0.000229
0 91.0261 3.6735 37.4596 7.3428 0.000222
0 619.5815 416.5160 40.7584 65.8452 0.000141
0 628.9899 23.4832 22.0201 45.9945 0.000140
