0 285.8718 206.6877 28.5873 55.2969 0.901006
0 334.2845 232.2937 31.2177 55.8787 0.868933
0 569.9449 432.7440 23.2676 36.9724 0.197880
0 7.7529 233.6878 15.4227 27.0304 0.001947
0 617.7158 507.9351 27.8569 8.1299 0.001627
0 181.5339 509.1285 20.5113 5.7430 0.001165
0 636.7379 145.5444 6.5243 48.6217 0.000917
0 577.5092 431.7913 25.6332 33.9919 0.000851
0 484.8343 212.5734 9.7571 24.8673 0.000788
0 106.1656 508.1711 25.5089 7.6577 0.000665
0 6.2037 335.8610 12.4073 40.0322 0.000470
0 636.7890 121.3714 6.4220 57.4608 0.000420
0 635.9683 504.9378 8.0635 14.1245 0.000415
0 637.0875 499.7791 5.8249 23.0259 0.000347
0 608.3889 508.1635 29.7322 7.6729 0.000319
0 189.0801 508.7346 25.6352 6.5308 0.000304
0 341.3959 507.3669 26.0596 9.2662 0.000279
0 169.9957 508.7389 27.5982 6.5222 0.000215
0 175.0841 4.0245 43.3334 8.0490 0.000206
0 163.8542 5.1406 33.5636 10.2811 0.000185
0 636.2817 263.9809 7.4366 34.9737 0.000169
0 636.7300 435.5423 6.5400 28.6804 0.000167
0 6.4195 359.3611 12.8391 71.4313 0.000164
0 2.4738 121.3828 4.9476 37.7981 0.000162
0 636.9728 478.8890 6.0544 49.1882 0.000159
0 28.5029 508.6740 22.3179 6.6519 0.000147
0 352.0811 507.1737 27.8558 9.6525 0.000142
0 408.6998 237.9346 15.5560 27.9948 0.000126
0 632.2079 9.2018 15.5841 18.4036 0.000124
0 598.3644 508.6777 33.3533 6.6445 0.000122
0 89.5457 507.7980 38.9525 8.3129 0.000105
0 4.6395 312.3784 9.2789 63.0909 0.000103
