0 111.5237 275.4086 23.7302 24.0579 0.881772
0 73.3670 401.9798 29.6038 23.0839 0.855250
0 3.6314 427.6746 7.2627 28.0001 0.004463
0 3.9451 104.9942 7.8687 33.4397 0.001087
0 3.6806 411.7209 7.2288 61.5616 0.000348
0 3.6702 439.8242 7.3216 64.3969 0.000260
0 348.8070 62.8350 7.7221 18.8299 0.000255
0 402.1617 138.1212 18.9431 23.2030 0.000228
0 129.4455 3.7459 16.6786 7.4917 0.000188
0 27.0475 66.2680 33.9510 47.5724 0.000166
0 238.6537 383.9001 13.1901 12.2422 0.000153
0 2.5376 263.6621 5.0752 32.1935 0.000119
0 397.2963 141.6135 27.5603 31.8453 0.000110
0 112.2334 338.2376 66.0746 151.1062 0.000101
