0 362.9027 265.3515 21.6385 36.6537 0.829763
0 357.9534 246.0639 20.0978 37.5379 0.758821
0 5.3637 188.4820 10.7273 50.7659 0.003006
0 539.7221 19.3598 43.8453 38.7196 0.001217
0 5.8664 169.3202 11.7327 49.8024 0.001180
0 347.7963 247.1594 23.0273 40.3229 0.000916
0 232.5370 8.5083 21.9770 16.9504 0.000860
0 353.4891 508.4919 23.5674 7.0162 0.000788
0 314.4126 193.0425 9.0386 22.9370 0.000712
0 260.3528 6.2883 19.5053 12.5766 0.000564
0 636.6130 389.2361 6.7739 38.5922 0.000534
0 16.9184 168.9811 33.8368 50.7284 0.000523
0 3.5666 155.5870 7.1332 72.0292 0.000520
0 252.6935 7.2168 24.6899 14.4222 0.000409
0 240.2797 10.2334 33.8177 20.4668 0.000403
0 226.2590 13.5721 30.9039 27.1441 0.000381
0 343.8557 507.4274 25.5903 9.1452 0.000267
0 471.2145 5.0521 35.0543 9.8854 0.000247
0 7.7063 201.6324 15.4126 70.0468 0.000228
0 3.6742 29.6869 7.3484 59.3668 0.000203
0 636.8193 406.5695 6.3615 60.6209 0.000198
0 313.1105 504.5688 29.1207 14.8624 0.000192
0 249.5564 224.2658 18.3032 16.8097 0.000150
0 202.1049 379.1314 11.7570 16.6342 0.000144
0 635.7994 369.5254 8.4012 76.0485 0.000141
0 4.4650 13.0756 8.9299 25.9114 0.000139
0 251.6165 263.5364 8.9123 12.6444 0.000133
0 3.1587 115.4556 6.3175 56.9395 0.000125
0 333.4132 506.4031 25.6605 11.1938 0.000118
0 387.5601 507.7617 24.1672 8.4765 0.000113
0 304.6890 504.9534 20.9288 14.0932 0.000112
0 365.1538 241.7735 17.1904 32.1840 0.000105
