0 386.6797 224.7088 13.6492 33.0436 0.768651
0 536.5106 18.5696 45.2395 37.1250 0.001989
0 4.5221 200.3608 9.0442 58.2275 0.000967
0 272.8824 508.4938 23.3461 7.0123 0.000470
0 336.2935 197.5597 13.2556 19.7504 0.000263
0 4.0830 178.9737 8.1660 50.3876 0.000249
0 2.9665 34.7052 5.9331 69.4103 0.000233
0 396.6914 219.5028 19.4891 26.2648 0.000210
0 223.3361 257.7341 14.9653 15.8182 0.000180
0 525.3156 5.4012 30.1849 10.8023 0.000172
0 636.1436 386.7076 7.7128 48.4170 0.000168
0 345.3030 506.5182 35.2201 10.9636 0.000125
0 13.5467 9.1986 25.7615 18.3973 0.000119
0 331.7442 199.5560 13.0240 17.4509 0.000113
0 8.9940 188.7054 17.9880 58.2924 0.000112
0 392.0310 217.6614 16.1708 33.9102 0.000111
0 246.9826 268.7713 9.8068 9.9698 0.000109
0 20.8544 4.9822 30.8512 9.8051 0.000108
0 19.1999 35.3454 38.3998 70.6908 0.000105
0 3.0923 149.0741 6.1845 61.5900 0.000101
