0 378.4081 134.1093 15.2565 36.1320 0.515964
0 95.6341 4.5214 32.0518 9.0428 0.009803
0 83.4831 4.1358 36.3642 8.2716 0.005478
0 4.5473 162.0012 9.0946 63.1508 0.003791
0 528.2636 6.3320 34.3682 12.6641 0.003605
0 6.2745 134.6751 12.5490 54.3434 0.002141
0 99.2233 7.5230 36.4998 15.0461 0.001575
0 538.2540 8.7944 38.9485 17.5888 0.001111
0 545.5083 6.3387 27.2600 12.6634 0.001080
0 514.6464 5.3361 30.0520 10.6722 0.001043
0 448.1726 6.6066 32.2512 13.2133 0.000902
0 11.9787 132.6452 23.9574 58.5447 0.000866
0 81.7807 8.0582 43.8692 16.1163 0.000762
0 437.9254 8.3271 47.6932 16.6150 0.000608
0 3.3438 115.5220 6.6876 79.1688 0.000302
0 372.8150 33.3033 22.6342 41.1258 0.000298
0 65.3282 5.2920 49.9775 10.5839 0.000271
0 7.0287 12.0502 14.0573 24.1003 0.000247
0 251.1575 508.7830 28.5933 6.4340 0.000235
0 7.8496 153.2387 15.6991 62.8321 0.000215
0 3.0651 92.1905 6.1302 57.2709 0.000179
0 500.1981 4.2488 23.7130 8.4619 0.000175
0 636.3770 353.4715 7.2460 50.0762 0.000169
0 223.8696 211.9205 13.9791 14.4495 0.000157
0 406.8014 332.9191 9.0633 11.7218 0.000142
0 92.9684 12.7816 43.1457 25.5632 0.000133
0 457.2903 8.7105 45.7405 17.4210 0.000115
0 75.3616 13.3228 55.8019 26.5315 0.000115
