0 359.9104 212.9063 17.0421 41.0988 0.850744
0 341.1131 12.1208 62.8757 24.2417 0.004400
0 134.5680 499.2458 31.6910 24.8506 0.002456
0 312.1682 135.0021 16.5348 29.0981 0.001169
0 140.1598 505.9120 31.9978 12.1760 0.000667
0 359.7614 12.2795 25.5540 24.3843 0.000611
0 122.7267 497.1491 53.4990 29.0540 0.000423
0 8.5844 9.8586 17.1689 19.7173 0.000378
0 18.5788 4.7703 35.0814 9.4841 0.000330
0 323.9817 298.7115 13.4186 24.4886 0.000213
0 19.0312 15.6712 38.0625 31.3425 0.000182
0 334.2630 5.4116 62.4780 10.5828 0.000172
0 8.0314 21.1045 16.0628 42.2090 0.000172
0 473.3000 247.0157 19.7899 63.1490 0.000169
0 104.3059 6.7860 37.3767 13.5720 0.000148
0 34.7033 4.7706 28.8969 9.5216 0.000112
