0 255.3335 161.3738 16.2688 26.5212 0.853773
0 345.9570 11.7059 53.7661 23.4118 0.010837
0 132.0657 500.1413 34.4228 23.3916 0.001220
0 26.6937 507.3286 31.3664 9.3429 0.000470
0 10.4269 505.7948 20.8538 12.4104 0.000344
0 362.6734 11.6055 24.4260 23.0767 0.000335
0 8.4048 12.0735 16.8096 24.1470 0.000305
0 20.6883 504.9662 34.5590 13.9485 0.000256
0 37.4343 507.9822 38.0762 8.0355 0.000254
0 18.0551 4.4817 32.0075 8.8680 0.000193
0 5.6976 499.0709 11.3367 24.9324 0.000146
0 337.3351 6.6473 58.6081 13.1157 0.000129
0 120.5502 497.7312 54.6588 28.0561 0.000122
0 18.1149 16.0457 36.2199 32.0914 0.000118
