0 413.5606 135.3053 12.6915 21.8177 0.847117
0 9.8328 474.8070 19.6657 48.0911 0.012686
0 222.2208 393.0504 18.9071 17.2867 0.005953
0 14.0714 484.4443 28.1429 55.0571 0.001587
0 211.7572 382.0633 37.9679 39.9349 0.000988
0 218.1973 386.8934 26.6542 29.5488 0.000950
0 6.9218 452.8588 13.8345 90.5232 0.000664
0 572.8699 6.6952 37.3787 13.3746 0.000548
0 276.2511 157.5974 11.3193 18.9206 0.000246
0 2.9409 299.1202 5.8818 49.9183 0.000243
0 216.8113 4.3349 25.9986 8.5868 0.000235
0 631.3958 490.7063 17.2085 42.5875 0.000158
0 124.1969 373.0132 17.1436 26.0502 0.000138
0 583.9727 6.4860 20.9905 12.9720 0.000121
0 2.7885 324.5206 5.5308 56.3110 0.000100
