0 519.8345 238.3549 26.1290 68.0303 0.897461
0 255.4939 194.7847 17.3950 52.4403 0.803960
0 308.5573 213.6910 11.6018 31.2444 0.759999
0 318.8587 213.5276 28.9987 30.8931 0.001736
0 3.0797 148.3907 6.1593 70.1550 0.001651
0 301.0185 213.4699 27.3484 31.9823 0.001460
0 636.9489 249.9667 6.1023 67.0065 0.000589
0 636.4610 284.0642 7.0780 92.0719 0.000413
0 486.6110 504.2974 30.2925 15.4053 0.000331
0 637.0736 228.7908 5.8528 51.3668 0.000242
0 445.7234 235.6009 13.4939 27.4286 0.000206
0 3.0510 174.1202 6.1019 68.6157 0.000187
