0 349.0987 128.1759 23.7051 56.9745 0.858090
0 382.4420 143.0847 19.8350 66.4034 0.840359
0 469.7958 33.7235 22.9836 25.7666 0.076522
0 545.3181 42.8552 26.4761 32.7418 0.004688
0 25.7874 59.8767 26.6815 91.8569 0.004158
0 578.7518 7.1061 40.2969 14.2122 0.002744
0 447.0158 3.1194 26.0733 6.1158 0.002315
0 438.0452 3.7051 28.9046 7.1345 0.001791
0 7.2429 81.7992 14.4859 51.2434 0.001273
0 637.0748 197.9797 5.8505 83.0481 0.001194
0 587.7744 167.5751 25.7198 40.0783 0.000855
0 210.7369 6.0532 24.8754 12.0851 0.000742
0 6.9419 103.4233 13.8548 67.7306 0.000643
0 272.2705 86.5780 29.3527 41.5373 0.000630
0 290.8690 8.0558 33.2977 15.9373 0.000560
0 598.5157 198.1395 20.4344 31.0815 0.000536
0 11.6588 61.2057 23.3175 90.6559 0.000495
0 306.2398 4.9079 45.5954 9.7911 0.000437
0 267.6718 6.8093 34.3423 13.6186 0.000392
0 520.1295 507.8054 47.6985 8.3892 0.000363
0 423.5524 144.9850 18.4218 43.8307 0.000339
0 304.1545 9.0310 54.2494 17.9962 0.000320
0 592.0391 5.4410 37.8506 10.8685 0.000305
0 199.1657 5.0406 42.0618 10.0812 0.000299
0 466.2967 4.1001 28.2617 8.2002 0.000290
0 430.1679 6.5006 34.2025 12.2339 0.000289
0 582.5551 179.4208 22.5693 57.0447 0.000283
0 636.3403 58.7715 7.3194 47.0671 0.000272
0 449.3751 9.3366 29.8507 18.4178 0.000269
0 560.8252 5.8900 43.5305 11.7800 0.000261
0 590.0287 187.2234 25.2920 49.5551 0.000257
0 551.2758 4.4932 37.0901 8.9864 0.000226
0 573.1091 175.9441 31.0323 52.7701 0.000205
0 636.9105 166.1805 6.1791 92.0780 0.000199
0 3.9855 232.3032 7.9711 121.6313 0.000186
0 41.6666 59.1095 54.1154 89.4273 0.000173
0 458.8698 19.0725 37.5119 36.5556 0.000146
0 2.8718 135.3703 5.7436 104.4860 0.000142
0 5.4874 7.8547 10.9748 15.7094 0.000132
0 427.7883 11.5117 33.6406 20.7907 0.000126
0 3.9140 113.1287 7.8186 80.1842 0.000115
0 404.8911 3.3220 22.6191 6.6440 0.000109
