0 369.9321 309.9792 33.3994 42.0070 0.494804
0 281.9721 508.1671 32.4458 7.6658 0.003213
0 291.3241 508.8520 33.9103 6.2961 0.001925
0 267.6231 448.7450 19.4407 33.2015 0.000855
0 2.7615 444.5814 5.5230 61.5631 0.000498
0 3.6325 191.7882 7.2650 28.8365 0.000331
0 265.1055 508.0217 29.8170 7.9566 0.000302
0 2.7998 460.4567 5.5996 33.7205 0.000275
0 262.9944 9.2011 20.9554 18.3302 0.000262
0 160.1025 3.9207 18.6034 7.8413 0.000243
0 123.6628 496.0954 49.5762 31.8091 0.000139
0 533.5504 506.2810 23.2633 11.3630 0.000137
0 281.0000 504.9532 36.5206 14.0937 0.000126
0 271.6155 460.9896 26.8606 56.9242 0.000113
