0 324.9717 214.1934 25.8229 50.2457 0.867784
0 420.3405 317.1174 29.3591 37.8384 0.837910
0 7.3482 505.9823 14.6088 12.0353 0.112289
0 13.8588 507.2573 27.3768 9.4854 0.009652
0 2.4003 288.7705 4.8006 27.5728 0.001053
0 2.7947 49.9217 5.5894 30.2121 0.000764
0 2.7717 59.6958 5.5434 22.6872 0.000745
0 6.6828 497.7267 13.3655 28.5467 0.000459
0 2.3975 389.3954 4.7951 38.9025 0.000376
0 2.6695 275.1576 5.3389 43.0063 0.000376
0 262.3709 507.8791 24.0864 8.2419 0.000308
0 550.9258 339.9219 17.4146 20.6702 0.000288
0 2.3362 150.4812 4.6723 48.2904 0.000250
0 2.8018 70.8337 5.6035 45.3819 0.000195
0 265.6368 4.4559 20.5875 8.8447 0.000192
0 202.6779 504.9095 40.8625 14.1811 0.000156
0 154.0251 3.6096 18.7032 7.0840 0.000154
0 191.7053 234.9068 14.9824 24.8997 0.000138
0 3.0037 402.7263 6.0074 43.1874 0.000131
0 15.5144 227.0099 28.0250 23.6155 0.000125
0 3.0728 303.6755 6.1456 62.7130 0.000122
0 186.0681 3.2943 18.8571 6.5794 0.000112
0 29.2376 508.5900 28.5042 6.8200 0.000110
0 190.3470 507.2155 19.5823 9.5691 0.000110
0 219.2047 503.3137 17.6165 17.3726 0.000106
