0 272.5345 273.0168 30.4225 33.1088 0.862399
0 279.6318 326.3138 15.3156 30.0466 0.005505
0 212.0120 30.0050 43.0063 59.2227 0.002000
0 279.5921 337.1480 14.4818 29.0670 0.001104
0 341.0405 4.1056 31.0946 8.2023 0.000825
0 357.3834 4.5214 24.5372 9.0341 0.000611
0 364.2905 15.2171 22.8993 30.2059 0.000509
0 371.1222 15.5555 13.5297 29.6615 0.000353
0 348.3183 507.2029 18.9829 9.5942 0.000347
0 5.5949 373.9772 11.1898 44.8098 0.000306
0 328.6900 4.0360 25.1930 8.0719 0.000298
0 339.9391 506.6054 32.2416 10.7891 0.000243
0 275.3649 306.4816 24.0422 40.4016 0.000190
0 343.3309 8.1529 36.9581 16.1940 0.000155
0 4.7689 69.3734 9.5378 47.7571 0.000153
0 20.6264 55.8513 40.7392 38.2881 0.000144
0 330.5364 503.9012 28.1692 16.1976 0.000143
0 484.2096 4.1136 33.7981 8.2271 0.000132
0 296.4522 5.0963 25.7537 10.1138 0.000109
0 287.8615 4.1196 25.3924 8.2392 0.000105
0 10.9842 374.8691 21.9685 47.7449 0.000103
