0 469.1191 230.6353 37.1069 35.0820 0.886150
0 4.7436 145.3988 9.4871 86.4638 0.025937
0 430.0254 4.9621 22.7965 9.9242 0.024389
0 221.8836 8.5018 31.3771 17.0036 0.009458
0 629.1194 253.7835 21.4224 37.2627 0.008896
0 13.3801 149.2718 26.2044 88.0546 0.006221
0 210.0301 12.0399 39.3225 24.0798 0.003582
0 578.8666 159.3110 31.2698 37.2520 0.002402
0 362.0486 4.0085 21.2456 7.9821 0.002364
0 635.5091 272.0968 8.9818 43.0673 0.001916
0 636.6364 284.4312 6.7273 26.6539 0.001653
0 311.7155 3.6936 25.0387 7.3872 0.001645
0 636.2785 115.8544 7.4430 36.8918 0.001413
0 525.2515 192.6693 30.6488 31.8499 0.001116
0 376.8977 3.3583 31.4428 6.6733 0.001037
0 353.6239 4.9810 28.0426 9.9621 0.000871
0 637.0385 322.7801 5.9230 25.0603 0.000826
0 169.3665 509.5799 28.6865 4.8401 0.000680
0 4.8270 422.0753 9.6541 30.7211 0.000673
0 202.9494 7.6441 39.6020 15.1235 0.000636
0 635.7951 232.2905 8.4098 32.1099 0.000629
0 636.8730 299.0400 6.2540 48.4423 0.000590
0 207.9991 16.0867 22.3443 31.5806 0.000535
0 236.2083 505.7940 23.8458 12.4120 0.000520
0 357.8129 7.9246 21.6189 15.8491 0.000510
0 636.6288 101.3969 6.7424 43.1511 0.000509
0 444.5308 6.8572 31.8108 12.1356 0.000509
0 9.0172 293.0963 17.9571 35.6758 0.000422
0 416.4478 4.4127 40.4715 8.8254 0.000415
0 297.8148 3.9487 37.0823 7.8809 0.000407
0 231.1382 10.5684 43.4685 21.1368 0.000379
0 636.8316 62.6560 6.3312 48.2891 0.000334
0 635.2770 128.6642 9.4459 46.5018 0.000306
0 424.9354 7.3378 32.4580 14.6757 0.000281
0 5.5733 182.1974 11.1466 91.9356 0.000277
0 390.9712 3.2993 27.9756 6.5987 0.000269
0 369.6450 8.0215 30.2107 16.0429 0.000263
0 629.8065 237.2198 20.3871 35.8203 0.000222
0 28.7609 151.5319 27.5746 88.1393 0.000218
0 172.0592 4.7682 36.3340 9.5364 0.000211
0 188.7305 5.6150 45.7322 11.1126 0.000199
0 631.7445 280.4853 16.5110 30.7604 0.000191
0 18.1160 181.9227 36.2319 97.4783 0.000178
0 315.8211 7.8275 29.1116 15.6549 0.000170
0 9.1162 128.5792 18.2325 118.7668 0.000162
0 523.0704 3.5669 25.3945 7.0291 0.000151
0 255.2072 508.8964 34.7637 6.2072 0.000143
0 190.5790 12.3134 55.0552 24.6267 0.000141
0 179.2930 508.6270 43.4628 6.7461 0.000141
0 10.5550 421.2695 21.0023 32.9518 0.000136
0 286.5129 4.3568 31.4437 8.7000 0.000136
0 158.1214 509.1051 38.8400 5.7899 0.000132
0 634.9590 145.8917 10.0820 41.4532 0.000121
0 636.6231 339.0795 6.7538 42.6707 0.000112
0 20.3354 172.6968 37.0695 43.1493 0.000112
0 246.6206 507.6711 33.0713 8.6578 0.000109
