0 283.1838 292.2776 14.3204 28.5399 0.838027
0 256.8529 259.7029 10.6792 19.8557 0.710044
0 310.3718 260.0419 12.2959 15.5738 0.132165
0 202.6753 242.2610 20.4472 28.0579 0.037522
0 288.8695 188.1016 16.5760 17.2458 0.005228
0 339.6316 239.8297 10.7855 17.2997 0.001881
0 294.8442 289.0046 16.9321 23.6368 0.001853
0 582.8479 5.6717 20.2112 11.3434 0.000598
0 580.3140 10.3170 18.0906 20.6340 0.000521
0 298.7501 282.9375 15.8672 24.0656 0.000370
0 433.8650 2.5471 19.4594 5.0942 0.000357
0 615.4681 485.5700 48.8379 52.8600 0.000338
0 3.7294 308.5997 7.4588 39.4364 0.000316
0 626.0319 260.7374 27.3313 42.4033 0.000307
0 254.3731 274.4357 12.0112 26.0112 0.000303
0 308.0268 270.4407 15.7165 30.0562 0.000251
0 311.7144 250.9895 12.2546 31.5320 0.000239
0 306.0173 256.0599 20.0966 26.0855 0.000225
0 388.9001 507.6535 20.7900 8.6930 0.000222
0 381.3359 507.5844 25.1914 8.8313 0.000198
0 3.8957 325.4958 7.7915 42.8895 0.000194
0 304.1672 291.2049 16.5645 25.0093 0.000183
0 383.2937 294.4562 26.9446 16.2626 0.000162
0 304.6341 265.0877 19.6656 22.4399 0.000161
0 4.2659 4.4063 8.5318 8.8125 0.000160
0 6.3827 411.1843 12.7588 43.3448 0.000160
0 396.5427 507.8297 23.8267 8.3405 0.000149
0 145.7569 508.9796 25.4873 6.0409 0.000143
0 341.7544 325.5762 16.7682 14.3796 0.000141
0 194.4943 238.3923 31.7272 37.1110 0.000141
0 349.5919 508.6342 19.8451 6.7317 0.000138
0 3.7093 339.5688 7.4186 42.2830 0.000134
0 301.8576 507.0915 16.1102 9.8170 0.000118
0 343.3164 242.2682 16.7207 21.8903 0.000118
0 336.8457 243.3337 14.2352 24.2258 0.000112
0 252.1128 260.8391 18.5999 22.3914 0.000106
0 306.7015 507.6109 16.8980 8.7781 0.000105
0 404.5734 272.9205 13.2706 24.1273 0.000104
0 133.7290 508.9663 30.2122 6.0674 0.000101
