0 370.4883 278.0013 9.2278 75.3801 0.693920
0 338.3263 260.9274 11.7260 54.9577 0.015713
0 374.7953 278.1765 14.2264 76.7301 0.001379
0 391.1283 244.8777 8.6096 34.6061 0.001331
0 569.9914 285.3592 18.2692 26.1967 0.001274
0 163.8487 240.1459 11.0293 71.5397 0.000665
0 361.3773 277.4978 20.1556 75.7601 0.000472
0 403.3126 299.1275 16.7122 24.9896 0.000312
0 343.6263 273.4105 12.6932 75.2704 0.000280
0 3.2549 112.4245 6.5097 60.8811 0.000263
0 408.2878 298.5302 10.7153 22.3363 0.000259
0 92.1339 4.9021 33.2187 9.8043 0.000192
0 55.9435 6.1467 37.9310 12.2468 0.000186
0 44.0517 5.8430 30.3874 11.6860 0.000166
0 335.6908 270.0100 10.2357 75.4153 0.000135
0 164.2426 212.1811 11.0924 69.4543 0.000134
0 636.5514 264.0845 6.8973 39.2864 0.000127
0 637.3148 293.8366 5.3705 51.2548 0.000113
