0 326.2387 268.4149 55.3589 50.6524 0.879451
0 470.8198 299.8643 15.8762 55.7366 0.862570
0 302.8442 280.6901 8.5038 26.5157 0.032132
0 4.8970 235.2596 9.7736 89.3204 0.014491
0 580.6866 302.5613 10.4011 18.2839 0.012966
0 4.1171 215.1998 8.1792 46.7411 0.003225
0 3.5755 259.8431 7.1510 76.0096 0.000448
0 6.8218 220.3528 13.2342 47.1264 0.000311
0 304.8213 273.3189 12.4541 41.6514 0.000262
0 550.7445 398.9874 24.7241 16.0762 0.000147
0 5.0694 199.9751 9.7169 58.1651 0.000110
0 567.8290 303.6475 18.8738 18.1570 0.000109
