0 206.5013 330.6571 15.0585 80.5934 0.837793
0 391.1555 351.0349 12.1752 60.5933 0.827466
0 562.4908 326.7280 11.1426 18.8613 0.477295
0 506.8696 318.5189 14.2065 17.5837 0.130077
0 73.1372 270.7159 12.8624 64.8187 0.055419
0 606.2260 330.0557 12.3796 19.9916 0.044371
0 597.7402 328.5885 10.6917 19.7510 0.044168
0 566.2501 328.0082 13.2284 18.5718 0.014057
0 558.5181 331.0586 14.6260 24.6256 0.012046
0 609.7107 321.8398 15.5372 35.0084 0.005739
0 511.0479 316.3343 16.0253 19.5385 0.004787
0 551.1547 328.0724 11.5627 25.2264 0.003803
0 591.7135 328.6700 10.8191 20.1394 0.002374
0 600.6939 322.0436 16.7489 36.3287 0.002045
0 373.5298 352.1458 9.7660 57.9830 0.001774
0 610.7656 330.5689 12.6879 23.0504 0.001580
0 229.1104 331.4130 7.9321 80.1227 0.001292
0 216.0076 330.8751 30.0938 81.4501 0.001193
0 554.4229 429.5724 13.5848 10.7197 0.001012
0 577.6526 327.3284 13.3960 21.6161 0.000682
0 7.1112 187.2659 14.2224 94.3785 0.000313
0 542.3250 325.5529 13.0488 26.6414 0.000311
0 519.1654 318.5880 15.0095 16.7787 0.000254
0 132.1691 269.5243 10.2814 23.1506 0.000232
0 561.9501 322.0693 15.8958 32.9625 0.000229
0 549.6343 336.6772 10.0349 29.0197 0.000168
0 512.2406 322.5944 16.3722 24.6912 0.000161
0 632.7943 8.8774 14.4114 17.6662 0.000147
0 3.3455 228.1473 6.6910 72.8973 0.000143
0 452.3698 361.0614 9.6194 12.0941 0.000142
