0 125.0432 111.5261 33.6375 27.4222 0.775026
0 241.5875 122.2723 16.1903 20.0624 0.100182
0 125.4895 97.0035 35.8572 55.1793 0.004983
0 387.9738 406.1072 14.9437 31.4208 0.004016
0 52.6674 5.0675 30.7190 10.1349 0.002848
0 3.1401 116.7365 6.2803 28.4929 0.002620
0 41.7634 4.6468 27.4864 9.2937 0.001408
0 636.4802 444.4199 7.0397 40.4293 0.000911
0 377.5174 220.8746 18.0800 31.4305 0.000880
0 444.6323 247.5402 15.0137 26.5898 0.000798
0 438.7385 249.5004 20.6746 27.9348 0.000792
0 453.0408 245.6028 23.5841 27.8713 0.000555
0 382.0220 400.6360 13.9850 30.4756 0.000478
0 635.8374 429.7604 8.3253 63.0732 0.000463
0 3.1567 96.4646 6.3134 68.5293 0.000425
0 3.2814 419.1702 6.5629 38.6185 0.000398
0 128.1340 507.7994 37.2591 8.4012 0.000395
0 431.2423 251.7240 15.8351 30.5740 0.000385
0 505.0303 508.7948 35.0520 6.4105 0.000353
0 217.3396 507.5513 26.6110 8.8974 0.000334
0 41.5240 8.1003 33.0742 16.1996 0.000298
0 3.0927 437.1852 6.1854 46.7734 0.000286
0 325.6741 216.2061 21.3508 24.3021 0.000263
0 50.9005 14.7819 36.9997 29.0821 0.000256
0 163.4831 35.2050 16.8647 28.2048 0.000256
0 137.8611 110.5905 23.4402 28.4672 0.000255
0 3.0855 182.6305 6.1710 48.1860 0.000249
0 459.5689 5.9289 36.0812 11.8578 0.000247
0 177.5931 508.0592 38.8499 7.8817 0.000243
0 404.9293 508.4756 33.9301 7.0488 0.000237
0 60.4183 9.3331 41.2239 18.6662 0.000215
0 342.0738 505.1268 32.0263 13.7227 0.000211
0 381.7817 226.1586 16.8059 24.9067 0.000211
0 227.3634 507.2829 34.1981 9.4343 0.000204
0 3.3269 134.4858 6.6537 61.8453 0.000203
0 523.3651 508.5891 35.9855 6.8218 0.000200
0 392.9929 508.6030 38.0715 6.7939 0.000184
0 256.3915 188.9290 23.0527 39.7469 0.000170
0 105.4100 69.3295 17.4158 32.3776 0.000166
0 167.9243 39.7072 16.7718 34.4792 0.000164
0 3.5957 197.3052 7.1914 49.3897 0.000163
0 257.6604 178.5139 23.2953 22.8182 0.000153
0 440.5793 5.9103 39.2546 11.8207 0.000148
0 2.8209 452.9007 5.6418 50.2896 0.000147
0 189.2705 500.2445 23.2490 23.5110 0.000145
0 254.0861 504.0488 43.8950 15.9024 0.000143
0 142.0403 101.0005 21.2495 43.2855 0.000140
0 4.3727 232.7748 8.7455 88.2824 0.000136
0 362.2919 508.5334 39.7441 6.9332 0.000134
0 164.6064 508.3269 32.8436 7.3463 0.000127
0 458.7695 232.4185 29.7639 52.6505 0.000121
0 264.2965 506.0503 43.7301 11.8994 0.000121
0 326.6511 204.8297 22.3127 38.1900 0.000120
0 73.1837 4.6997 50.2176 9.3993 0.000119
0 3.1019 341.7789 6.2039 53.4319 0.000119
0 633.1154 445.9586 13.2773 37.3082 0.000117
0 8.8480 99.4041 17.6960 56.0277 0.000117
