0 563.6455 185.1878 18.4497 27.4771 0.684869
0 306.6602 30.0047 14.5975 59.8053 0.015553
0 583.4768 180.9687 13.6223 21.7049 0.008662
0 540.8490 184.8427 14.8798 25.9981 0.004671
0 496.7415 153.3275 18.8438 22.7001 0.004078
0 569.6172 3.4784 23.9646 6.9568 0.002995
0 628.4841 508.1927 20.8354 7.6146 0.002515
0 311.2540 23.5889 19.4246 46.8946 0.001850
0 331.8608 485.7455 38.9651 49.1027 0.001486
0 534.7742 182.4765 14.8578 24.4733 0.001338
0 576.0781 186.1440 17.1506 28.7128 0.001180
0 292.2032 30.6643 41.6793 60.9109 0.001168
0 360.3258 439.7124 16.0416 27.9697 0.001012
0 339.8408 509.0371 31.3585 5.9258 0.000993
0 568.1422 173.5953 22.9333 42.2405 0.000980
0 2.7759 105.7219 5.5519 34.1926 0.000974
0 374.8193 509.0645 27.4078 5.8711 0.000869
0 2.6077 87.6024 5.2153 43.0798 0.000703
0 629.6067 503.2751 19.7363 17.3848 0.000673
0 4.7359 110.9461 9.4719 32.7986 0.000614
0 579.1135 3.9742 28.6670 7.9483 0.000580
0 619.8125 507.8463 33.1851 8.3075 0.000496
0 385.6995 508.9526 28.4295 6.0947 0.000475
0 3.6871 5.0139 7.3743 10.0279 0.000467
0 581.1946 172.7403 15.2319 35.7282 0.000463
0 395.3749 508.8116 25.4058 6.3768 0.000453
0 226.8289 508.1584 29.0856 7.6833 0.000419
0 635.0815 16.1964 9.8369 32.3928 0.000412
0 439.3436 507.7868 39.1072 8.4264 0.000402
0 2.6773 69.5293 5.3546 47.6520 0.000377
0 482.3307 156.2771 28.1961 30.2169 0.000349
0 622.8278 166.6078 29.4717 55.4169 0.000349
0 3.3227 399.8848 6.6455 63.8070 0.000339
0 2.7439 18.5809 5.4877 33.9941 0.000321
0 3.0209 198.5670 6.0417 34.2811 0.000318
0 2.6982 54.0984 5.3963 42.9019 0.000316
0 15.5747 505.4240 26.0254 13.1519 0.000316
0 364.6968 509.3082 30.7002 5.3837 0.000310
0 405.0401 508.7950 25.9967 6.4099 0.000267
0 522.8441 507.8525 36.9398 8.2949 0.000267
0 430.8569 186.7892 18.4178 33.9973 0.000257
0 597.0635 336.9163 17.9587 18.4504 0.000254
0 421.8239 508.3171 35.9627 7.3657 0.000251
0 629.3204 8.1137 21.3591 16.0958 0.000222
0 36.4711 508.4542 38.9149 7.0916 0.000213
0 328.2217 506.8958 34.8059 9.5058 0.000208
0 2.6862 34.8934 5.3724 43.0406 0.000190
0 267.8630 508.8949 26.5049 6.2103 0.000183
0 317.8747 11.1157 24.9083 21.9448 0.000182
0 3.0933 462.1285 6.1866 39.3912 0.000178
0 9.9187 3.2582 16.4510 6.5165 0.000169
0 452.2415 507.1737 37.0856 9.6525 0.000163
0 629.6996 16.2348 20.6008 32.4696 0.000145
0 180.6154 507.6519 25.5377 8.6962 0.000144
0 165.3134 508.4937 32.2440 7.0127 0.000140
0 352.7662 3.8928 27.5079 7.7857 0.000137
0 572.5985 7.7972 21.4307 15.5944 0.000137
0 405.6630 18.6337 42.1978 37.2674 0.000128
0 214.4222 508.3566 26.0178 7.2867 0.000127
0 138.9699 5.1968 30.6311 10.3200 0.000125
0 586.9756 171.9488 22.0764 37.8885 0.000123
0 469.8701 159.2625 15.8387 27.9498 0.000119
0 8.0075 502.5096 15.3434 18.3870 0.000116
0 403.3667 9.6616 36.6745 19.3016 0.000111
0 606.7481 171.6433 12.0199 41.0067 0.000109
0 633.0032 495.3406 13.9935 33.3187 0.000109
0 3.3818 479.8609 6.7636 30.9731 0.000108
0 618.7623 502.9178 37.2816 18.1643 0.000107
0 4.3142 495.7558 8.6210 28.7885 0.000106
0 3.3103 426.5847 6.6205 60.5345 0.000105
0 3.4701 249.3425 6.9402 49.5380 0.000103
0 393.0624 7.2234 30.2302 14.4468 0.000102
