0 229.4839 150.6031 20.1733 54.6945 0.859412
0 118.3090 250.1874 26.1392 73.4009 0.840147
0 241.3802 296.7854 29.0194 67.3979 0.834365
0 563.5264 425.7808 23.8229 39.6764 0.745447
0 215.1095 506.8428 21.0454 10.3144 0.002033
0 2.8995 358.0990 5.7991 49.0994 0.000800
0 96.0114 503.9242 22.1447 16.1516 0.000679
0 2.8949 276.2936 5.7898 42.8508 0.000625
0 91.6545 500.6056 21.2739 22.7888 0.000325
0 619.3490 507.1178 25.7695 9.7644 0.000315
0 637.5337 236.2173 4.9326 38.4228 0.000277
0 480.1434 199.8424 13.5960 24.3434 0.000274
0 635.2505 505.4731 9.4989 13.0538 0.000273
0 636.9751 172.5643 6.0497 32.9313 0.000270
0 637.0079 355.9736 5.9736 49.6149 0.000269
0 636.7015 424.7643 6.5970 32.0667 0.000261
0 204.0894 507.2567 32.0593 9.4867 0.000259
0 3.7141 341.1030 7.4282 57.5316 0.000232
0 3.4898 299.7501 6.9796 70.9432 0.000229
0 637.1757 485.8589 5.6487 35.4350 0.000214
0 636.6934 499.4762 6.6132 23.6784 0.000205
0 417.2393 2.9908 22.5209 5.9182 0.000190
0 572.1879 424.5176 21.6404 37.4227 0.000190
0 637.0423 383.6359 5.9154 64.6204 0.000186
0 580.2840 509.1696 28.5800 5.6609 0.000176
0 4.5522 322.8829 9.0440 55.4922 0.000176
0 637.3049 336.7147 5.3902 40.3804 0.000175
0 210.0999 505.3079 23.6376 13.1519 0.000152
0 3.1597 211.7616 6.3194 30.0665 0.000146
0 160.5456 4.6161 32.5369 9.1603 0.000144
0 169.8407 3.4661 35.9660 6.9322 0.000144
0 294.2714 265.5429 18.0955 34.3800 0.000139
0 627.2300 16.9397 25.5399 33.7053 0.000132
0 3.2113 222.3611 6.4226 34.7188 0.000127
0 172.7125 504.5471 17.3428 14.9058 0.000123
0 632.7411 9.8658 14.5178 19.7316 0.000122
0 636.8486 406.3974 6.3027 62.4326 0.000104
0 229.4737 507.3766 34.3031 9.2469 0.000104
0 637.2121 251.3427 5.5758 66.4241 0.000103
