0 324.7518 335.2339 34.1978 123.4985 0.886236
0 393.2189 322.4900 26.8654 94.8538 0.781188
0 379.1603 343.6843 20.7855 135.0309 0.740760
0 374.9168 265.0204 9.5130 23.2007 0.584856
0 630.8953 242.6952 18.2095 104.4289 0.002215
0 374.7092 278.3571 9.6719 29.4363 0.002138
0 635.7834 367.4112 8.4332 85.3117 0.001712
0 58.8280 5.0202 35.0726 10.0403 0.001292
0 384.5840 325.4104 22.8513 98.2210 0.001278
0 634.7486 336.4776 10.5028 128.2369 0.001175
0 374.9720 330.5986 14.7136 101.9215 0.000919
0 540.4573 5.0162 29.8003 10.0323 0.000894
0 3.7603 221.6364 7.5206 81.6358 0.000849
0 395.3715 10.9174 26.6378 21.8348 0.000848
0 631.5833 202.8202 15.6577 24.6448 0.000787
0 636.2276 275.6584 7.5448 37.6207 0.000706
0 5.4916 292.4199 10.9831 143.2672 0.000581
0 635.4699 164.6809 9.0602 79.6237 0.000476
0 4.3959 330.2128 8.7918 103.9908 0.000407
0 363.1667 343.3267 51.9147 134.5918 0.000393
0 72.6813 4.1558 41.6547 8.3115 0.000385
0 637.0302 149.8710 5.9396 54.5809 0.000382
0 634.6840 295.3715 10.6320 66.3202 0.000375
0 376.1098 257.2610 12.3252 37.8404 0.000371
0 636.6187 395.7566 6.7626 126.1160 0.000371
0 378.5019 358.4108 11.7567 106.7595 0.000355
0 374.1628 297.1199 10.8428 32.7328 0.000334
0 542.2611 9.3137 33.2849 18.6064 0.000289
0 4.3123 194.7048 8.6245 98.8609 0.000262
0 630.7042 277.1704 18.5916 36.9529 0.000218
0 380.7603 286.1584 15.2209 24.1710 0.000206
0 528.2565 5.4001 27.2583 10.8002 0.000195
0 633.0198 189.5415 13.9182 50.3989 0.000163
0 637.0145 113.2654 5.9709 67.6228 0.000160
0 9.6108 280.4891 19.2217 177.9304 0.000152
0 383.1759 8.3369 34.4945 16.6738 0.000146
0 5.3992 466.2113 10.7895 91.5773 0.000114
