0 385.2130 315.8700 28.2550 96.5861 0.872247
0 324.5476 335.4800 32.6691 119.0057 0.869186
0 360.6343 335.7387 48.5011 106.7429 0.827966
0 379.1104 344.5441 14.2507 90.5177 0.210374
0 545.4479 6.0228 34.1167 12.0457 0.008875
0 56.1215 5.6250 41.8780 11.2421 0.005430
0 636.8791 291.2639 6.2418 61.9505 0.002088
0 637.0159 268.8482 5.9683 61.7085 0.001761
0 634.2968 321.6644 11.4064 94.2201 0.001394
0 5.4064 460.5259 10.8129 102.9481 0.001331
0 554.8186 8.3468 37.9282 16.6936 0.001014
0 73.3353 4.4208 44.8927 8.8352 0.000749
0 636.8490 155.3691 6.3020 57.9900 0.000491
0 4.1212 226.3734 8.2425 81.7862 0.000462
0 544.7366 12.4137 34.3199 24.6018 0.000390
0 562.1329 5.9616 36.2607 11.8277 0.000390
0 338.3798 323.9178 12.5544 91.3683 0.000360
0 333.8306 317.7380 13.6378 86.3506 0.000287
0 11.5683 467.3498 23.0610 89.3004 0.000262
0 3.7421 276.6793 7.4842 174.7511 0.000248
0 3.8354 84.1333 7.6707 65.8405 0.000242
0 532.0926 5.2300 34.2614 10.4600 0.000241
0 333.9491 295.0714 12.9796 41.6853 0.000225
0 634.8890 350.4852 10.2220 88.3578 0.000221
0 636.1067 246.7497 7.7866 90.3195 0.000178
0 374.5757 266.9564 10.3167 26.8427 0.000172
0 635.0012 167.0261 9.9977 80.3479 0.000169
0 636.3204 397.9708 7.3591 96.9247 0.000148
0 636.7796 46.0719 6.4408 59.3322 0.000145
0 5.1077 192.3964 10.2153 100.9108 0.000140
0 18.0738 484.9164 36.1475 54.1672 0.000124
0 629.7904 273.7176 20.4193 58.1854 0.000115
