0 323.8478 333.8923 34.9852 121.8412 0.886352
0 384.9388 311.1413 27.5548 94.3245 0.847252
0 376.1334 338.5376 13.7878 109.0294 0.660782
0 359.1165 335.7895 47.7245 116.1704 0.197470
0 6.7214 329.3996 13.4427 85.8990 0.007652
0 633.4488 352.0134 13.1024 86.0829 0.007242
0 373.1881 261.8549 7.7095 26.0543 0.003320
0 636.8433 283.2862 6.3135 55.6718 0.002909
0 54.2042 4.9560 36.1390 9.9049 0.002375
0 7.2109 282.4060 14.4219 151.2682 0.001794
0 607.7186 39.5211 24.8250 50.1793 0.000901
0 4.4419 344.1489 8.8837 130.6410 0.000805
0 635.7263 365.6769 8.5473 69.6099 0.000715
0 393.9073 10.9387 23.7890 21.8774 0.000710
0 3.2138 91.4931 6.4277 55.6087 0.000688
0 630.7096 282.9037 18.5808 57.7996 0.000554
0 636.8309 393.1205 6.3381 109.6919 0.000300
0 384.0883 9.7962 35.0898 19.5923 0.000277
0 3.3226 229.5361 6.6452 77.8766 0.000261
0 637.3389 145.7113 5.3223 51.8285 0.000260
0 537.4393 4.9587 25.9861 9.9175 0.000259
0 635.2279 308.4613 9.5442 96.1285 0.000247
0 636.6812 253.6649 6.6377 96.6252 0.000245
0 5.7265 471.8385 11.3684 80.3230 0.000225
0 373.3900 269.9265 7.4214 21.0136 0.000216
0 629.6160 366.5519 20.7681 65.1244 0.000207
0 3.8182 259.8575 7.6364 121.6584 0.000202
0 8.6869 349.0287 17.3738 134.5063 0.000158
0 529.4928 5.0814 19.2080 10.1627 0.000156
0 37.6415 4.3718 41.0237 8.7113 0.000124
0 637.3728 125.4602 5.2545 61.0450 0.000121
0 3.0649 54.1400 6.1297 90.7120 0.000101
