0 355.3245 286.3666 37.0840 129.7476 0.894089
0 633.6526 240.9383 12.6947 78.5113 0.636948
0 321.0220 256.6028 27.8157 94.1577 0.589350
0 316.6425 241.3736 23.2396 64.5444 0.271924
0 610.3806 243.3672 19.0818 74.4348 0.092213
0 619.4105 241.4102 36.2285 77.6646 0.007243
0 475.9789 5.6350 29.2284 11.1830 0.003920
0 634.8760 268.4690 10.2480 103.9325 0.001249
0 637.2433 230.7707 5.5135 92.3266 0.001197
0 14.2684 7.2220 28.2542 14.4440 0.001158
0 374.3309 264.6159 25.6631 101.8389 0.000763
0 365.8217 224.7760 8.8993 25.3170 0.000586
0 3.2618 291.6127 6.5236 73.5032 0.000493
0 518.4296 4.7220 17.0363 9.4441 0.000376
0 386.0266 36.5788 32.3672 36.5643 0.000296
0 519.1351 506.8470 52.7499 10.3061 0.000261
0 457.9357 5.8019 29.6814 11.6038 0.000246
0 416.9757 3.4177 25.8527 6.8354 0.000231
0 5.3351 186.0624 10.6702 107.5428 0.000208
0 365.9559 235.1088 10.8900 41.1609 0.000181
0 486.9478 7.2882 38.0189 14.1352 0.000177
0 511.1697 5.3334 25.8624 10.6668 0.000174
0 372.9115 230.2731 21.3203 36.8730 0.000131
0 2.9046 319.4099 5.8091 108.2303 0.000129
0 534.3364 506.2451 38.7970 11.5098 0.000113
0 527.0212 4.2016 30.5791 8.4032 0.000107
