0 493.7580 249.3020 29.6875 77.9402 0.866364
0 300.6287 265.8615 32.8939 66.3938 0.863092
0 224.1516 17.2654 30.2276 34.5308 0.006968
0 168.8538 3.4087 27.6533 6.8149 0.002383
0 2.9716 185.3905 5.9432 90.1601 0.001740
0 8.2314 503.5766 16.4628 16.8467 0.001159
0 2.5952 161.8466 5.1905 51.9918 0.000745
0 154.8916 4.6970 35.3304 9.3564 0.000601
0 205.9190 16.8780 43.9453 33.7560 0.000572
0 14.2041 505.8692 27.7677 12.2616 0.000567
0 123.0823 8.8931 42.9804 17.7533 0.000440
0 180.7641 4.8420 35.5575 9.6705 0.000340
0 9.0447 113.9129 18.0893 75.4667 0.000298
0 144.9993 6.8547 42.8390 13.5870 0.000267
0 158.7846 8.2733 34.9753 16.5465 0.000207
0 6.3716 497.5153 12.7432 28.9694 0.000201
0 10.8042 178.0239 21.6031 85.6580 0.000188
0 3.5872 147.6033 7.1743 72.0816 0.000186
0 123.1863 21.1419 42.7604 42.2838 0.000182
0 7.1012 137.6087 14.2024 86.8690 0.000157
0 636.1129 318.1523 7.7742 32.4013 0.000155
0 30.1025 506.1865 33.8613 11.6270 0.000135
0 110.6029 7.0030 44.9407 14.0020 0.000131
0 2.8378 217.1449 5.6757 70.0212 0.000125
0 35.1447 7.2367 45.1767 14.4734 0.000106
