0 187.7701 264.0558 31.6977 70.0792 0.882706
0 227.5307 150.7676 20.6179 51.1078 0.864060
0 125.8338 145.5389 20.8562 47.6219 0.856801
0 561.2433 420.9980 23.4492 40.5500 0.546592
0 291.9373 261.3712 18.3378 33.3303 0.009459
0 2.9797 280.9360 5.9593 44.5197 0.001552
0 569.1862 419.8485 25.6554 38.9846 0.000870
0 115.9317 229.4998 22.6825 36.1119 0.000710
0 180.4390 235.2963 20.5635 16.9390 0.000709
0 331.8647 509.0064 32.0109 5.9872 0.000660
0 637.1573 225.0591 5.6853 41.7867 0.000628
0 45.7221 509.1407 25.9448 5.7187 0.000535
0 183.5469 240.0021 25.2551 23.6075 0.000463
0 96.9805 489.8099 24.0523 43.0459 0.000442
0 618.5770 507.0086 28.2288 9.9828 0.000376
0 78.7341 272.3046 19.2761 46.5375 0.000349
0 2.6710 349.4319 5.3420 53.8195 0.000301
0 633.0471 8.0728 13.9059 16.1456 0.000280
0 636.6426 210.9527 6.7149 61.0814 0.000242
0 321.7181 508.9143 26.2512 6.1714 0.000231
0 637.4106 476.7047 5.1788 36.5416 0.000226
0 4.2676 322.8113 8.4858 47.8757 0.000217
0 636.8129 498.8562 6.3743 24.4770 0.000205
0 636.4075 353.8813 7.1851 53.6356 0.000200
0 635.1223 504.3770 9.7555 15.2461 0.000199
0 33.5220 509.1218 25.1774 5.7563 0.000178
0 177.5484 224.6062 23.9768 29.4848 0.000175
0 63.6737 509.0110 28.8511 5.9780 0.000167
0 627.8940 14.2941 24.2120 28.5882 0.000160
0 3.8629 221.5151 7.7259 30.8683 0.000155
0 607.3151 507.2002 33.1687 9.5995 0.000134
0 635.6412 427.0283 8.2545 24.1647 0.000124
0 636.5198 385.4809 6.9604 79.4091 0.000109
0 633.3433 17.3130 13.3135 34.6261 0.000104
0 198.8715 506.8981 22.6441 10.2038 0.000104
