0 335.0980 156.8361 30.5739 88.1307 0.846908
0 281.0780 190.4078 31.5499 98.3058 0.845924
0 363.2470 148.8626 27.0157 33.6719 0.018947
0 28.8929 56.0589 57.5382 106.8499 0.008010
0 636.4510 231.3232 7.0980 97.4318 0.006054
0 584.6477 507.8617 30.6919 8.2766 0.002943
0 631.1650 232.8118 17.6699 104.0898 0.000914
0 359.4855 126.1982 32.4725 78.0411 0.000837
0 575.3055 506.7041 46.0745 10.5917 0.000609
0 585.1895 503.6344 29.6990 16.7313 0.000501
0 636.8371 200.8345 6.3258 48.8166 0.000473
0 439.1502 13.6250 44.5291 27.2500 0.000424
0 158.2110 18.6977 32.1056 37.3953 0.000353
0 142.6286 502.8583 22.0599 18.2833 0.000269
0 6.4962 81.8563 12.9924 154.3670 0.000257
0 12.9668 74.0031 25.9337 140.7081 0.000255
0 635.5701 185.2245 8.8597 58.6708 0.000225
0 429.0670 9.3106 39.7449 18.5429 0.000159
0 233.9531 6.8474 29.3207 13.6106 0.000154
0 3.1880 153.5397 6.3760 112.6157 0.000127
0 5.0429 20.8242 10.0858 41.6484 0.000123
0 70.6237 5.1271 34.0210 10.2492 0.000121
0 151.7192 502.5284 28.2309 18.9431 0.000110
0 635.8514 498.9179 8.2971 26.1642 0.000105
0 3.4470 300.2806 6.8940 59.0015 0.000105
