0 278.3934 191.4784 28.5341 96.6030 0.863573
0 339.9637 160.2161 29.2533 84.8850 0.863465
0 22.4947 56.8519 44.9855 103.7776 0.014105
0 580.9064 504.8141 37.7198 14.3718 0.001879
0 4.6694 329.1714 9.3388 62.6868 0.001047
0 11.1381 76.3243 22.2762 145.6155 0.000919
0 436.6802 13.1876 46.7574 26.3751 0.000882
0 13.9336 44.1473 27.8671 79.9759 0.000649
0 635.4764 235.5144 9.0471 97.7588 0.000640
0 68.3763 5.2128 37.4389 10.4059 0.000638
0 5.1275 82.5040 10.2550 158.8152 0.000628
0 5.0139 29.3036 10.0279 58.6071 0.000555
0 529.9697 103.9918 37.2351 46.6204 0.000554
0 54.5127 4.8625 40.0580 9.7251 0.000495
0 4.0510 308.7327 8.1020 38.4395 0.000457
0 360.0757 124.9678 37.8291 80.5665 0.000446
0 6.2158 344.1964 12.4315 95.4640 0.000415
0 241.1143 7.5566 45.8137 15.0541 0.000319
0 227.6682 7.6737 26.2775 15.2176 0.000311
0 629.1574 235.7782 21.6852 101.3227 0.000283
0 579.6433 496.8909 40.4377 30.2183 0.000260
0 636.7070 128.3944 6.5861 79.9208 0.000241
0 380.0088 3.7219 35.2852 7.4244 0.000198
0 275.7429 164.4483 27.7094 42.6861 0.000195
0 634.2501 198.1643 11.4999 45.9952 0.000195
0 565.9860 500.9372 50.7375 22.1255 0.000194
0 631.2552 262.9985 17.4896 191.8218 0.000170
0 587.7418 501.3701 42.0178 21.0159 0.000151
0 2.9936 98.0067 5.9872 138.5072 0.000149
0 422.0034 7.6761 42.6077 15.3521 0.000107
