0 353.6680 158.7037 32.7506 95.1012 0.877322
0 281.5359 146.4299 39.2407 94.0019 0.868016
0 344.8330 106.6637 27.6663 41.2245 0.004752
0 44.4682 4.8448 38.6993 9.6896 0.002325
0 5.2256 60.6439 10.4512 89.2584 0.001692
0 13.5084 62.6199 27.0168 86.4633 0.001096
0 4.7727 340.3703 9.5455 115.8985 0.000560
0 419.8047 3.5655 28.5003 7.1120 0.000502
0 565.2266 508.5873 25.3206 6.8253 0.000428
0 349.4451 120.8654 30.0513 26.5086 0.000420
0 407.7697 4.4483 45.8783 8.8046 0.000215
0 631.9633 236.4612 16.0734 127.2602 0.000213
0 421.8577 15.1232 44.9290 30.2464 0.000207
0 3.2020 343.4073 6.4040 71.3422 0.000183
0 380.1219 4.4266 41.4781 8.7466 0.000176
0 354.6342 111.5238 32.1159 51.6716 0.000121
0 485.9937 11.9508 27.5231 22.8438 0.000101
