0 350.8684 291.5704 43.5170 86.4514 0.878697
0 237.5723 269.6190 33.9882 89.4484 0.873520
0 310.7345 265.9641 33.9304 76.6515 0.850003
0 9.7264 194.8622 19.4527 77.8444 0.041001
0 631.4319 368.1409 17.1363 119.7632 0.004831
0 5.2696 186.5695 10.5392 68.4788 0.001639
0 7.5153 228.0189 15.0305 128.2017 0.000832
0 4.1770 240.8248 8.3540 111.2940 0.000278
0 623.1649 364.7455 33.6701 92.2064 0.000229
0 631.2688 335.9940 17.4624 64.8174 0.000226
0 4.5547 161.9241 9.1094 90.6267 0.000140
0 328.6804 11.0047 30.8323 21.6522 0.000132
0 615.3137 7.9563 43.9595 15.8524 0.000101
