0 522.8865 295.9600 43.7801 120.7069 0.891393
0 337.9174 250.5045 27.7350 77.4230 0.878025
0 236.1126 247.1353 24.7966 77.3806 0.841729
0 547.2274 200.0728 21.6090 53.5852 0.021615
0 8.4879 252.6757 16.9757 92.6803 0.005475
0 5.1251 234.6195 10.2502 53.7737 0.001949
0 12.3839 273.6213 24.7677 138.3804 0.001931
0 634.2476 366.2961 11.5049 145.8298 0.001068
0 4.3410 162.5483 8.6820 60.6339 0.000504
0 636.5568 388.2598 6.8864 150.1898 0.000434
0 5.6016 180.3833 11.2033 99.8907 0.000303
0 635.7418 97.7515 8.5164 66.5926 0.000287
0 3.7678 200.5903 7.5356 99.2327 0.000285
0 634.1397 323.9946 11.7206 95.6394 0.000192
0 629.6590 385.8568 20.6820 157.0881 0.000112
