0 216.5556 226.5483 20.6481 46.9272 0.813378
0 213.3308 19.4394 20.0056 38.8788 0.006219
0 4.6046 228.9625 9.2092 89.0426 0.000907
0 2.5423 155.8817 5.0845 56.9814 0.000426
0 47.9208 507.8103 44.5611 8.3793 0.000370
0 631.9644 488.4054 16.0712 47.1893 0.000293
0 13.0044 507.9415 22.2114 8.1171 0.000234
0 635.9310 479.0316 8.1379 65.9368 0.000216
0 2.6214 466.5261 5.2428 36.8086 0.000198
0 3.2520 338.0360 6.5041 84.0408 0.000182
0 3.0552 177.9351 6.1104 106.7706 0.000177
0 3.6646 250.8265 7.3292 68.7879 0.000167
0 623.8989 496.6367 32.2023 30.7265 0.000156
0 635.8538 413.4586 8.2925 76.0430 0.000148
0 625.8757 481.9362 28.1960 60.1277 0.000147
0 2.9988 360.7870 5.9976 65.9293 0.000142
0 5.4395 505.8066 10.6202 12.2148 0.000135
0 2.6752 447.3015 5.3504 41.1514 0.000127
0 2.7145 494.7063 5.4289 32.2599 0.000125
0 185.2761 19.4710 16.7792 36.3096 0.000124
0 8.6130 238.8363 16.9588 68.6469 0.000119
0 3.0343 306.6232 6.0687 79.6273 0.000101
