0 419.2332 250.4942 18.9275 36.1870 0.848671
0 398.6345 244.7776 14.4187 43.9850 0.804480
0 12.3814 210.7219 24.7628 129.9749 0.003136
0 5.5763 207.0653 11.1526 133.5385 0.000732
0 468.6887 263.7051 14.7903 83.0348 0.000358
0 3.3552 182.3900 6.7104 57.8831 0.000296
0 631.2452 253.8626 17.4816 98.7033 0.000246
0 382.1353 233.2707 10.8804 19.3892 0.000211
0 253.6980 508.0925 33.8689 7.8149 0.000186
0 399.9412 260.6992 14.1912 76.6002 0.000180
0 394.0989 262.8201 17.3591 81.5831 0.000125
0 3.0851 290.9675 6.1702 76.2740 0.000123
