0 125.7458 268.3787 22.6939 65.4081 0.862158
0 38.8253 255.9138 13.0969 44.5629 0.722603
0 628.8765 305.4239 22.2307 80.6912 0.044255
0 29.7070 255.3308 17.2437 53.2187 0.001169
0 19.7100 257.0552 15.6903 59.4423 0.000805
0 630.7593 285.2363 18.4121 46.9618 0.000615
0 631.6842 333.2394 16.6316 134.9692 0.000401
0 320.2273 6.9230 44.0150 13.8461 0.000246
0 2.8124 284.0447 5.6249 71.6150 0.000245
0 111.0260 271.0451 12.9809 57.3830 0.000181
0 303.5974 7.3294 63.0498 14.6213 0.000159
0 3.8030 262.6171 7.6060 57.1936 0.000110
