0 60.2259 271.0010 20.0006 65.3209 0.826575
0 4.1493 290.6741 8.2987 111.1932 0.062229
0 8.3490 288.6021 16.6980 106.8176 0.035960
0 3.0317 331.2126 6.0633 97.4457 0.033302
0 46.3939 272.3976 13.2730 61.8451 0.030129
0 298.7865 322.6220 14.6706 43.2686 0.006172
0 2.6851 271.5934 5.3701 70.9233 0.004917
0 266.9388 7.4959 38.7724 14.9918 0.002519
0 625.9695 424.4781 28.0610 88.1091 0.001968
0 248.9045 7.7959 67.8134 15.5771 0.001731
0 635.2700 286.8492 9.3977 63.6476 0.001599
0 8.2103 325.1249 16.4206 110.6877 0.001485
0 637.3280 271.7728 5.3439 96.3667 0.000460
0 634.2360 309.8808 11.5280 87.4822 0.000318
0 2.7376 369.8297 5.4752 87.0008 0.000179
0 629.7816 321.2296 20.4368 104.8582 0.000159
0 306.1379 325.5291 13.9229 49.1534 0.000147
0 344.3945 303.4005 17.6416 26.4807 0.000146
0 9.1412 251.0839 18.2823 31.7133 0.000112
0 2.4618 234.6425 4.9235 71.7423 0.000110
