0 20.4741 354.2925 29.0755 38.6497 0.879114
0 131.6025 182.8694 28.1113 42.2183 0.877261
0 444.7542 362.9999 22.6539 42.6049 0.862443
0 382.5229 294.5628 17.5054 38.6113 0.852227
0 94.5809 174.5745 21.0222 38.8649 0.830256
0 634.2446 92.0676 11.5109 53.4242 0.014006
0 3.4817 345.0677 6.9635 42.8086 0.010110
0 560.0419 507.7481 20.2827 8.5037 0.009057
0 43.9504 132.4155 15.7073 31.9251 0.008136
0 635.2246 77.0969 9.5508 43.9085 0.005682
0 635.6088 65.2817 8.7823 32.9101 0.002218
0 6.2185 351.7756 12.0777 38.0154 0.002076
0 593.8506 507.9303 20.0934 8.1393 0.001810
0 633.0135 105.3031 13.9730 42.7110 0.001250
0 633.4312 332.6003 12.8016 29.0457 0.001184
0 49.9753 130.2588 13.3517 33.8415 0.001037
0 3.8618 322.6996 7.7235 44.8253 0.001014
0 2.8857 374.8193 5.7715 40.0850 0.000993
0 548.9923 3.1514 19.8909 6.3028 0.000691
0 550.0622 507.2062 30.9065 9.5876 0.000555
0 630.3404 505.8301 18.9312 12.3397 0.000544
0 631.6873 72.3824 16.1949 41.8137 0.000535
0 2.9833 484.2692 5.9667 28.2675 0.000416
0 5.3894 504.4793 10.7492 15.0414 0.000399
0 488.1900 2.7275 28.3329 5.2708 0.000370
0 585.5748 507.9341 27.7676 8.1317 0.000360
0 636.6590 180.4945 6.6820 53.0121 0.000343
0 3.4987 496.2802 6.9974 28.6111 0.000327
0 12.3953 317.6317 24.7163 40.1687 0.000277
0 201.0032 209.6210 13.8914 13.2888 0.000243
0 624.5630 89.8327 27.2903 55.1721 0.000205
0 634.4153 344.0754 11.1694 45.4202 0.000204
0 59.7465 127.7791 18.9290 34.1709 0.000202
0 69.9534 508.7137 21.2219 6.5727 0.000200
0 634.3184 126.0821 11.3633 51.7978 0.000198
0 3.0698 453.0401 6.1395 38.6954 0.000191
0 80.1416 509.2449 27.3360 5.5102 0.000187
0 32.5566 132.2771 33.6992 33.8504 0.000178
0 636.2820 163.7084 7.4360 36.8628 0.000173
0 601.3808 507.3916 18.5312 9.2168 0.000171
0 108.7359 4.2783 18.3197 8.5567 0.000167
0 636.7111 203.8037 6.5779 36.6221 0.000165
0 3.1528 472.4217 6.3055 37.4173 0.000160
0 635.9192 436.7369 7.9484 39.5305 0.000160
0 565.5842 504.7391 24.1006 14.5218 0.000157
0 290.9833 3.7533 13.0857 7.4199 0.000124
0 159.2368 508.9742 22.0676 6.0516 0.000114
0 559.3232 3.1238 27.3231 6.2285 0.000113
0 4.7992 308.1014 9.5985 58.4720 0.000112
0 14.1834 505.2330 24.5702 13.5339 0.000109
0 636.9955 295.5333 6.0090 36.1590 0.000107
0 529.7371 3.9730 21.6230 7.9461 0.000103
