0 535.2443 228.4585 38.0328 167.2119 0.792454
0 72.0191 500.5230 34.8675 22.9540 0.004990
0 6.0597 495.9631 12.1194 32.0738 0.002593
0 636.6514 239.2213 6.6973 95.3585 0.001844
0 636.4186 183.3487 7.1629 102.7684 0.001570
0 10.6927 500.4956 21.3853 22.9974 0.001314
0 9.0260 489.0426 18.0520 45.9147 0.000900
0 3.9440 485.1208 7.8879 53.7584 0.000840
0 636.0531 153.6730 7.8938 65.0912 0.000839
0 636.7574 264.6775 6.4850 51.3237 0.000656
0 86.1353 503.2221 59.3951 17.5558 0.000646
0 635.2894 290.9869 9.4212 89.2017 0.000646
0 53.6953 504.6016 71.5350 14.7968 0.000508
0 531.0366 193.4819 32.0627 92.4172 0.000421
0 636.4595 114.8890 7.0811 85.9767 0.000420
0 18.4095 503.5905 36.8191 16.7319 0.000341
0 95.6132 506.3623 55.1245 11.2755 0.000315
0 631.6094 181.4671 16.7688 105.4585 0.000300
0 629.6321 7.5349 20.7357 14.9849 0.000249
0 18.8514 492.2507 37.6438 39.4985 0.000235
0 634.1842 11.0678 11.6316 22.1357 0.000218
0 113.9024 507.4143 39.2444 9.1713 0.000211
0 226.3378 505.9002 33.9004 12.1996 0.000196
0 580.5769 197.7027 30.5364 52.0169 0.000158
