0 293.2912 309.5865 44.6169 87.6331 0.885622
0 140.2818 221.0553 27.2721 82.5650 0.846334
0 268.4806 259.6536 12.3358 18.8583 0.008413
0 636.5819 162.6457 6.8362 78.9374 0.004368
0 635.9130 139.6826 8.1740 76.0083 0.001674
0 635.8972 318.6306 8.2056 70.3611 0.001528
0 242.5534 5.2056 19.0403 10.4111 0.001448
0 13.0602 173.8468 26.1204 164.2343 0.000805
0 627.8851 14.2805 23.9543 28.4946 0.000533
0 44.7384 311.7194 63.1948 138.4862 0.000523
0 36.3092 189.1336 43.8488 168.0494 0.000487
0 636.4796 294.6961 7.0334 94.3523 0.000474
0 269.0090 284.3766 11.7391 64.3223 0.000402
0 141.4792 190.9295 21.0630 26.3444 0.000348
0 231.3197 5.9967 40.6548 11.9822 0.000303
0 633.2380 150.9936 13.5239 60.5522 0.000268
0 265.2739 262.7943 18.9200 23.3881 0.000223
0 271.1850 300.3743 17.2094 91.5908 0.000213
0 247.4964 7.9524 27.3295 15.9048 0.000201
0 13.2250 98.7671 26.4500 108.1848 0.000189
0 635.7177 352.2982 8.5646 151.2679 0.000178
0 231.0546 11.9990 43.0759 23.9980 0.000120
0 317.1570 500.2068 21.1365 22.7885 0.000109
0 97.1758 271.6405 37.2355 43.1359 0.000101
