0 218.4983 235.6113 22.3567 54.4648 0.839547
0 7.1095 292.9254 14.2190 80.4268 0.028990
0 12.2405 285.1693 24.4810 94.6843 0.017855
0 3.2854 452.4297 6.5709 64.3354 0.001669
0 188.9955 332.6480 43.7434 103.1548 0.001040
0 11.6558 314.9374 23.2534 80.0012 0.000905
0 5.5145 316.1163 11.0290 89.8668 0.000774
0 11.4835 216.4816 22.9670 72.3353 0.000752
0 8.2774 264.3179 16.5549 158.6436 0.000747
0 19.4358 273.8678 38.8715 127.0709 0.000461
0 5.2093 470.1568 10.3962 83.6863 0.000328
0 512.4294 503.4427 45.6499 17.1146 0.000231
0 4.0007 110.3223 8.0015 149.5243 0.000223
0 428.3454 408.5025 41.6041 27.4950 0.000217
0 421.7657 487.3232 45.6653 47.4043 0.000183
0 430.7980 504.3116 36.3083 14.7668 0.000174
0 637.1033 371.4481 5.7935 78.3570 0.000173
0 624.6311 498.8607 30.7378 26.2786 0.000169
0 596.9129 421.0102 28.6787 112.3224 0.000150
0 398.9180 506.7693 22.9188 10.2810 0.000146
0 424.2456 499.5940 45.1882 24.2592 0.000133
0 551.0804 469.9679 41.9377 69.5298 0.000118
0 405.6720 505.4311 30.3365 12.7097 0.000117
0 636.4196 396.3350 7.1608 96.9064 0.000111
0 7.2044 493.0671 14.3894 37.8658 0.000111
0 3.7797 409.8398 7.5594 151.1672 0.000106
