0 459.5381 389.0344 63.3647 144.7416 0.905211
0 155.5120 329.4177 59.9191 113.3326 0.885303
0 9.3601 441.4574 18.7202 69.4770 0.007860
0 3.5650 311.6489 7.1300 91.1885 0.002498
0 5.8899 249.8192 11.7798 99.9940 0.001769
0 3.2229 280.1747 6.4457 111.6108 0.001620
0 636.8427 370.5005 6.3146 92.2632 0.001321
0 290.7738 393.6487 41.6025 122.2470 0.001233
0 295.2317 345.4505 18.6960 23.0048 0.000785
0 104.3749 506.7809 31.2997 10.4383 0.000761
0 18.2544 436.2444 36.5088 94.3563 0.000697
0 635.6738 348.1130 8.6523 108.2731 0.000690
0 177.8846 499.9065 38.3122 24.1870 0.000676
0 7.7922 406.5010 15.5843 118.9243 0.000535
0 5.9317 221.5002 11.8634 43.6022 0.000331
0 39.9636 403.1844 61.5950 151.4150 0.000299
0 5.9766 209.2276 11.7620 23.3465 0.000221
0 5.8091 190.2828 11.4619 58.9694 0.000206
0 192.6076 499.7397 44.9377 24.5206 0.000181
0 633.5610 321.5533 12.8779 112.5720 0.000164
0 632.5497 369.7675 14.9006 105.1709 0.000126
0 94.2039 498.7743 40.9434 26.4110 0.000124
0 5.2402 34.2150 10.4804 68.4300 0.000117
0 165.8819 503.7969 53.1281 16.4062 0.000113
0 5.8542 459.1676 11.7084 105.1093 0.000108
