0 253.0579 332.4610 62.2748 191.7798 0.861463
0 370.1535 285.4486 80.8139 212.4099 0.856449
0 635.5132 299.1572 8.9736 85.9220 0.031523
0 630.7178 298.9341 18.4264 86.2396 0.005401
0 635.7744 258.0481 8.4512 121.5583 0.003411
0 635.0554 332.3968 9.8892 131.5275 0.002489
0 635.9272 205.0922 8.1455 108.7295 0.002199
0 628.7770 334.2751 22.4461 134.9331 0.000626
0 617.6569 299.0542 43.8121 84.0164 0.000542
0 636.7313 160.8224 6.5374 74.2599 0.000466
0 524.3080 180.6242 11.9832 43.6900 0.000444
0 632.6769 274.3386 14.5579 106.1118 0.000391
0 632.3765 207.6938 15.2201 132.8718 0.000291
0 227.0844 498.2594 57.2099 27.4812 0.000216
0 556.0307 497.2276 50.1154 29.5447 0.000198
0 154.7233 483.8834 40.1970 56.1512 0.000128
0 144.2574 493.9232 31.1637 36.0892 0.000116
0 129.1061 481.7704 50.4105 60.2990 0.000103
