0 350.0137 255.8570 45.9229 142.1662 0.899376
0 538.5167 400.3293 59.7592 218.8730 0.862178
0 141.0025 25.1697 23.7621 50.3393 0.001903
0 5.1391 53.0622 10.2782 78.7492 0.001620
0 259.3055 149.9718 13.2230 46.2710 0.001574
0 129.9787 23.4184 44.3640 46.7388 0.001448
0 98.5469 212.9048 90.9438 121.1885 0.000915
0 509.3629 11.3409 26.4218 22.6818 0.000850
0 634.0854 19.1561 11.8292 38.3122 0.000709
0 10.3102 427.1831 20.6204 57.6115 0.000699
0 630.2988 10.3509 19.4024 20.4463 0.000651
0 147.4639 196.8880 81.9800 108.9961 0.000572
0 130.2449 7.0882 37.6748 14.1050 0.000510
0 14.8595 39.6870 29.7191 78.9895 0.000501
0 415.2559 507.7684 37.7406 8.4631 0.000493
0 149.3998 20.0262 31.3707 39.9594 0.000438
0 118.0508 5.7071 18.4402 11.3597 0.000398
0 5.3173 503.7581 10.6346 16.4703 0.000358
0 153.1356 8.4770 37.1926 16.9540 0.000288
0 247.7906 6.3584 22.5811 12.7168 0.000252
0 29.0888 18.7254 22.1725 37.2640 0.000247
0 15.1795 12.0677 29.9100 24.1353 0.000226
0 272.4294 150.4121 36.5735 47.0829 0.000225
0 28.9236 6.6319 23.6634 13.1675 0.000212
0 544.4922 507.7603 35.9722 8.4758 0.000204
0 19.5806 20.3288 34.3387 40.5334 0.000191
0 545.0400 324.1736 45.0220 64.2238 0.000184
0 29.5008 33.1845 18.1283 63.1816 0.000151
0 622.4489 7.2088 35.1023 14.2493 0.000147
0 5.7279 19.9738 11.4083 39.9476 0.000141
0 525.8928 11.1142 41.1046 22.0651 0.000140
0 633.3795 301.7145 13.0972 85.9741 0.000133
0 416.0645 502.4539 41.1342 19.0923 0.000116
0 52.5364 391.7615 29.0307 47.8121 0.000114
0 636.2829 31.3327 7.4342 62.6655 0.000112
0 295.7430 13.7056 18.2692 26.9038 0.000104
0 553.8711 311.3186 27.6755 39.1940 0.000102
