0 218.6701 205.5422 58.4240 140.9902 0.894227
0 529.9966 330.3105 88.8748 190.8978 0.872640
0 191.7152 57.3276 37.9867 106.6516 0.002632
0 579.9788 299.3154 42.8397 116.1944 0.002228
0 50.0344 27.1590 28.3415 54.3179 0.001625
0 50.2503 12.4156 27.6706 24.8162 0.000775
0 194.2486 30.7115 37.0986 61.0544 0.000732
0 636.5485 296.1282 6.9030 113.5452 0.000680
0 636.5239 455.8044 6.9521 112.3911 0.000650
0 374.7713 501.3705 30.8623 21.2590 0.000649
0 380.6286 497.3240 47.3994 29.3060 0.000409
0 635.9789 496.7094 8.0423 30.5813 0.000395
0 58.4647 15.9598 42.6186 31.7033 0.000336
0 632.5881 114.0287 14.8237 89.7854 0.000309
0 490.5647 506.0395 40.1254 11.9210 0.000296
0 364.9701 504.7694 49.0905 14.4611 0.000279
0 636.7649 330.0954 6.4703 95.0363 0.000255
0 5.1276 38.9928 10.2111 77.9857 0.000254
0 361.3710 12.2232 34.8071 24.1346 0.000221
0 441.6314 276.9120 31.3286 65.9526 0.000219
0 9.2008 156.1329 18.3713 135.2603 0.000164
0 7.7079 198.8958 15.4157 115.7649 0.000156
0 630.6907 281.0238 18.4048 99.6389 0.000154
0 68.6731 26.4046 63.1634 52.7274 0.000152
0 587.6760 342.5249 40.6021 45.6815 0.000148
0 498.8137 377.0279 16.1169 51.4819 0.000140
0 5.7468 95.7132 11.4936 180.5337 0.000128
0 353.4554 6.1568 37.9955 12.2504 0.000115
0 430.9961 6.7806 40.5562 13.5613 0.000103
0 636.8159 367.2064 6.3624 100.2271 0.000101
