0 412.9786 305.0417 19.6772 35.0120 0.855503
0 381.8602 293.3566 15.8234 38.5645 0.852604
0 137.6038 188.1195 20.4671 33.9541 0.815745
0 634.0449 93.9987 11.9103 47.8688 0.015851
0 635.0484 75.9894 9.9032 46.2525 0.005166
0 550.7651 3.5894 20.5310 7.1788 0.004184
0 8.3725 365.0253 16.7450 31.6855 0.002816
0 44.9720 130.0926 17.0844 35.5568 0.001988
0 561.5952 508.2618 20.9421 7.4764 0.001794
0 130.3164 181.3161 22.9221 41.7320 0.001086
0 593.6886 507.8983 19.7971 8.2033 0.000927
0 633.9315 110.9776 12.1370 48.2461 0.000776
0 558.4988 3.6587 26.6909 7.3174 0.000763
0 56.6266 125.6562 18.5845 37.8895 0.000749
0 635.8765 60.7219 8.2469 34.3399 0.000708
0 61.2463 117.5986 21.5056 51.0759 0.000572
0 551.3956 7.0106 21.1564 14.0212 0.000558
0 10.7100 430.3449 21.2169 27.2754 0.000519
0 629.7084 505.3161 20.1279 13.3677 0.000517
0 70.1290 508.9854 19.1136 6.0292 0.000464
0 199.5030 210.4600 16.2915 12.6905 0.000463
0 487.9861 2.7329 28.2535 5.3298 0.000398
0 291.2775 3.5679 12.0267 6.9837 0.000309
0 7.0231 356.6501 14.0160 28.3563 0.000304
0 533.2258 3.6375 18.8334 7.1740 0.000303
0 636.2073 434.0519 7.5485 46.4482 0.000267
0 634.9877 334.7504 9.9999 30.0558 0.000266
0 5.6330 502.5393 11.2660 18.9214 0.000265
0 300.9345 3.5292 17.3704 6.8194 0.000211
0 637.0920 295.7501 5.8159 38.3716 0.000200
0 5.1506 443.7189 10.3012 41.3437 0.000170
0 157.6547 508.7734 21.0692 6.4532 0.000170
0 636.7249 167.3869 6.5504 36.1713 0.000168
0 583.5971 507.9926 24.2164 8.0147 0.000159
0 464.4957 288.1484 11.7974 18.6427 0.000143
0 562.3187 504.1518 19.7014 15.6964 0.000138
0 315.5589 4.1023 24.6515 8.0496 0.000135
0 133.4790 169.6086 21.7956 38.2340 0.000134
0 635.8214 349.5035 8.3572 35.8081 0.000131
0 4.3753 336.7602 8.7496 36.2765 0.000131
0 363.8452 509.2138 23.7111 5.5723 0.000125
0 625.0095 502.7892 29.1267 18.4216 0.000119
0 590.8728 262.9975 17.4595 47.7578 0.000112
0 549.4326 507.6106 29.7075 8.7789 0.000111
0 408.1030 2.8778 23.9636 5.7417 0.000110
0 322.6630 13.6835 23.9180 27.1622 0.000110
0 8.1840 387.3461 16.3680 51.5160 0.000108
0 60.6223 7.5119 17.8861 14.9177 0.000107
0 637.1579 193.5806 5.6842 50.6991 0.000104
0 6.8965 43.7128 13.3604 25.5575 0.000103
0 637.2645 222.9056 5.4709 44.8264 0.000103
0 322.8414 4.7709 24.9449 9.4023 0.000100
