0 35.4582 301.1295 70.9163 189.4962 0.881642
0 604.3081 30.0473 33.9612 59.7551 0.013020
0 624.1198 450.8524 31.7604 122.1522 0.008422
0 595.1371 20.4028 36.6072 40.4566 0.004267
0 332.3375 9.0230 34.2498 17.9170 0.003280
0 82.7737 10.1716 26.3274 20.2829 0.002039
0 635.7936 78.6729 8.4128 153.8814 0.002018
0 154.6453 5.1069 26.6415 10.1852 0.001776
0 3.9559 183.7964 7.9117 98.2150 0.001712
0 91.5926 219.6556 26.8228 137.8072 0.001611
0 592.9694 12.0095 29.3813 23.8189 0.001573
0 17.0964 180.2796 34.1898 105.3922 0.001036
0 96.2331 10.7771 53.5522 21.2025 0.000953
0 583.5562 504.1183 38.9602 15.3792 0.000873
0 557.5217 466.3755 41.5540 91.2490 0.000869
0 629.3981 471.0759 21.0814 81.7892 0.000605
0 345.0167 8.1896 46.4691 16.1794 0.000575
0 478.2966 12.4494 29.8704 24.8988 0.000527
0 635.4907 33.3016 8.3787 66.6032 0.000475
0 634.4397 148.1477 11.1206 147.0939 0.000440
0 634.5873 17.9985 10.0012 35.9969 0.000431
0 469.6299 6.1858 24.8770 12.3076 0.000423
0 623.6471 488.1451 28.0771 47.7097 0.000422
0 630.0303 66.7925 17.4629 133.5850 0.000419
0 634.5038 368.5743 10.9923 95.9409 0.000403
0 70.6792 8.9332 33.2202 17.7940 0.000375
0 141.5092 6.0885 40.2858 12.1770 0.000368
0 628.6931 30.4276 17.2731 60.8553 0.000358
0 460.0140 6.4817 34.5781 12.9566 0.000355
0 304.8212 507.1007 56.8904 9.7985 0.000353
0 13.5695 295.3262 27.1389 174.2748 0.000349
0 313.8521 508.8369 43.1956 6.3004 0.000338
0 570.0240 503.7631 47.1997 16.4739 0.000290
0 357.0573 493.0079 68.1729 37.8336 0.000286
0 8.6286 177.3361 17.2572 100.8973 0.000279
0 479.1294 24.5200 25.8783 49.0400 0.000255
0 612.8290 41.6720 38.2180 82.6857 0.000239
0 580.4655 12.8052 44.3698 25.5933 0.000238
0 623.5854 25.1976 19.8530 50.3781 0.000235
0 632.0928 495.0806 15.7278 33.8389 0.000231
0 161.1864 7.4953 38.9127 14.9214 0.000223
0 632.3510 435.6228 15.2981 147.3677 0.000187
0 560.1237 496.2577 53.7081 31.4846 0.000177
0 4.2737 12.2329 8.5473 24.4659 0.000166
0 336.7352 506.8679 80.2380 10.2643 0.000153
0 598.6799 503.4932 43.9597 16.9622 0.000151
0 598.4869 47.6812 38.0967 93.2254 0.000143
0 4.1976 33.9512 8.3953 67.9023 0.000138
0 4.8030 128.8943 9.6061 129.4823 0.000134
0 540.4342 494.7578 48.2915 34.4570 0.000131
0 6.3503 90.7645 12.7006 104.8856 0.000129
0 590.9856 489.6729 50.7830 44.5865 0.000127
0 623.2885 74.4534 16.7771 148.9068 0.000122
