0 262.6154 251.7746 66.9797 117.8025 0.909861
0 10.3796 290.8285 20.7591 87.1208 0.085482
0 10.6971 240.2749 21.3942 102.4842 0.007281
0 41.4395 32.4807 48.5787 64.8100 0.000812
0 569.3159 175.7054 27.5859 75.9968 0.000606
0 135.2781 12.0447 38.9684 24.0894 0.000551
0 122.2343 8.5409 59.1678 17.0817 0.000544
0 33.1391 7.0297 33.2387 13.9965 0.000490
0 10.0045 347.8670 20.0089 171.9156 0.000466
0 115.0714 4.9060 44.0407 9.6221 0.000367
0 369.1334 236.0024 23.1529 55.0192 0.000292
0 101.0355 4.6056 28.3349 9.0614 0.000253
0 636.8053 338.4605 6.3894 98.5773 0.000192
0 146.4222 6.6559 47.2224 13.2168 0.000191
0 251.8682 209.7096 45.8605 36.1230 0.000185
0 2.7426 50.1233 5.4851 54.9241 0.000177
0 386.8886 218.9477 37.5544 42.9726 0.000170
0 450.9586 212.3893 29.9839 115.8929 0.000159
0 21.4915 6.2913 39.3544 12.5826 0.000157
0 18.2165 223.6152 36.2586 132.6095 0.000119
0 119.7786 16.2773 66.9083 32.3933 0.000117
0 149.7820 17.5104 54.9246 34.9851 0.000101
