0 139.2031 258.8223 48.6663 84.5170 0.890608
0 360.9486 262.0375 24.6224 53.0179 0.847881
0 333.7431 7.6651 33.8464 15.2853 0.009124
0 633.2270 336.3582 13.5460 75.7631 0.008443
0 552.5936 190.8810 35.6537 134.0989 0.003823
0 635.3054 354.4519 9.3893 84.7983 0.002675
0 320.4962 6.6978 50.6781 13.3825 0.001343
0 345.6198 9.1415 55.2086 18.1512 0.001263
0 127.5397 4.6838 39.7370 9.3675 0.001071
0 634.8070 280.4102 10.3860 112.1380 0.000863
0 635.6794 392.2446 8.6411 146.0774 0.000852
0 623.5110 271.6108 32.9780 107.3425 0.000720
0 636.4448 244.5673 7.1104 135.8189 0.000665
0 327.9715 13.6074 37.5669 27.0689 0.000655
0 624.7172 168.8174 30.5656 158.6985 0.000607
0 584.0813 2.9728 30.6184 5.8617 0.000594
0 2.5934 100.4611 5.1868 69.8366 0.000574
0 131.8935 8.1160 45.6398 16.2320 0.000509
0 632.6458 360.4505 14.4785 155.2655 0.000445
0 611.2057 238.9763 57.5885 136.9686 0.000415
0 3.0283 70.5376 6.0566 93.4940 0.000375
0 553.8727 228.0673 31.0747 54.1685 0.000310
0 627.2596 301.5092 25.4807 119.9331 0.000292
0 625.3229 216.7766 29.3542 129.4951 0.000282
0 3.2216 126.3178 6.4433 84.4895 0.000279
0 634.7243 18.5183 10.5514 37.0367 0.000235
0 636.1046 42.9800 7.7907 85.9601 0.000170
0 189.7958 2.9877 30.4306 5.9089 0.000160
0 354.0811 21.9916 60.0590 43.4632 0.000150
0 631.3115 234.8000 17.3770 119.6607 0.000132
0 12.2385 4.6143 24.4770 9.2287 0.000130
0 7.2881 8.4805 14.5761 16.9609 0.000115
0 310.5504 486.3132 48.6279 51.0995 0.000114
0 171.6436 4.3059 32.6030 8.6117 0.000109
0 630.2350 13.9015 19.5300 27.6662 0.000103
0 361.3776 287.2680 28.1786 103.7441 0.000101
0 636.5905 425.0872 6.8190 91.8157 0.000101
