0 622.3307 182.7234 35.3387 168.9101 0.081610
0 477.7319 225.3110 28.9110 79.3880 0.024134
0 472.1021 252.6059 44.0148 128.1851 0.023899
0 633.6976 141.0109 12.6047 94.4687 0.014081
0 633.7388 119.3580 12.5223 46.3427 0.005180
0 466.2297 221.9194 46.5010 69.9294 0.004199
0 4.1321 408.6051 8.2642 112.8713 0.002569
0 5.0623 445.7798 10.1246 94.0154 0.001235
0 625.7017 133.6504 28.4650 73.8106 0.001198
0 634.2312 76.0370 11.5361 135.1736 0.000845
0 8.8795 358.3231 17.7590 118.9349 0.000696
0 4.9300 369.7775 9.8600 112.8746 0.000560
0 621.6891 155.9328 36.1432 79.5756 0.000407
0 18.9803 344.5823 37.9606 107.0273 0.000313
0 11.1181 325.5350 22.2361 130.9125 0.000284
0 10.4459 408.0386 20.8918 115.3287 0.000279
0 355.7298 267.7158 57.0370 104.4748 0.000271
0 5.8045 310.3640 11.6089 129.5556 0.000234
0 14.6701 443.7908 29.3403 101.0848 0.000184
0 636.0968 230.1074 7.8064 124.6226 0.000170
0 425.7795 245.0287 31.3447 64.6856 0.000131
0 358.4707 10.4454 34.8181 20.8907 0.000123
0 60.8688 506.3093 60.3982 11.3813 0.000115
0 629.9209 199.0250 20.1581 142.7973 0.000110
0 130.1554 193.2149 20.0261 47.3455 0.000106
