0 267.4165 251.1257 26.9813 120.9402 0.860920
0 22.9483 502.8614 41.1122 18.2772 0.001784
0 637.2739 486.8791 5.4523 50.2419 0.000811
0 616.7066 507.4562 40.7748 9.0876 0.000673
0 372.5976 10.2377 32.7458 20.3873 0.000663
0 307.9760 266.2688 14.4990 76.4097 0.000590
0 3.8690 46.6288 7.7380 93.2576 0.000511
0 339.9723 504.9370 31.6689 14.1259 0.000507
0 620.8516 501.5151 38.2968 20.9698 0.000336
0 13.0906 495.6623 26.1206 32.6755 0.000277
0 622.7700 491.2182 34.4601 41.5636 0.000276
0 637.0069 244.4204 5.9862 132.6632 0.000248
0 331.3861 502.8879 35.1293 18.2242 0.000231
0 38.2684 501.9879 58.9761 20.0242 0.000208
0 4.2893 346.9577 8.5787 114.0751 0.000172
0 636.8839 304.5988 6.2322 89.2594 0.000171
0 378.3418 505.7694 24.7210 12.4612 0.000152
0 19.5383 489.2092 38.5752 45.5816 0.000145
0 637.3033 464.1227 5.3934 83.2531 0.000145
0 312.9846 282.1392 23.2458 110.3339 0.000140
0 387.9095 11.3683 64.8007 22.7365 0.000129
0 429.8692 202.9959 20.2366 56.1201 0.000126
0 5.1238 418.7112 10.2477 114.0593 0.000113
0 48.1052 490.9169 68.8484 42.1661 0.000105
0 11.3121 45.8710 22.5700 91.7420 0.000104
0 631.0796 480.9836 17.8408 61.6929 0.000103
