0 287.4355 203.3900 19.4968 33.0590 0.829192
0 364.9390 185.2477 14.5289 35.0828 0.816774
0 5.3332 9.4385 10.6665 18.8771 0.215174
0 4.8925 21.7246 9.7850 43.4493 0.018813
0 12.2979 7.7727 24.5958 15.5455 0.014324
0 635.4785 24.8266 9.0431 49.6532 0.008332
0 8.6402 75.8702 17.2804 29.6602 0.006528
0 630.9155 26.3204 18.1689 50.9054 0.003284
0 8.3260 90.6841 16.6519 62.0569 0.002161
0 159.5179 508.6339 39.2145 6.7321 0.000754
0 631.5598 7.6954 16.8805 15.3768 0.000582
0 393.8990 21.5175 30.6411 43.0349 0.000510
0 356.5103 4.1721 28.9409 8.3145 0.000477
0 623.2845 28.0227 30.2693 53.3808 0.000463
0 3.5476 459.4064 7.0952 52.3243 0.000438
0 634.6240 320.1590 10.7521 38.6893 0.000426
0 395.7540 5.5213 27.7994 11.0425 0.000347
0 634.5154 313.3347 10.9692 18.5353 0.000330
0 246.5792 188.8004 26.2471 48.1585 0.000330
0 445.9855 4.1506 27.2296 8.3012 0.000319
0 281.8740 395.6786 24.6328 22.7720 0.000269
0 636.8094 42.7397 6.3812 68.3944 0.000266
0 446.4990 11.0513 28.5815 22.1025 0.000232
0 4.7666 100.1478 9.5332 74.3073 0.000224
0 318.0761 494.8567 31.3325 32.9380 0.000223
0 7.2980 47.8850 14.5959 77.1699 0.000218
0 6.6349 221.4720 13.1406 34.4031 0.000215
0 366.5574 4.6858 29.8077 9.2688 0.000203
0 522.9829 3.2664 24.9429 6.5209 0.000190
0 53.5212 507.6773 29.5824 8.6454 0.000161
0 186.2726 4.1940 21.9521 8.2558 0.000158
0 5.9807 238.0380 11.9615 61.3378 0.000156
0 622.1768 3.7608 22.0654 7.5216 0.000155
0 625.2610 11.4476 26.0356 22.8952 0.000149
0 396.9006 11.1962 28.6173 22.3925 0.000149
0 194.9774 3.5294 23.5298 6.9486 0.000147
0 177.0056 507.6793 36.8313 8.6414 0.000127
0 3.6871 479.7577 7.3741 64.4846 0.000125
0 187.8705 507.7344 28.6359 8.5312 0.000124
0 121.4216 303.2407 50.3454 40.4727 0.000105
0 453.7771 4.7714 24.8933 9.5429 0.000101
0 15.3892 23.7017 30.7785 47.2900 0.000101
0 106.7261 503.3646 46.8867 17.2708 0.000100
