0 239.6810 148.4778 17.3119 28.7127 0.813036
0 313.9554 255.4279 15.4637 36.1606 0.509482
0 48.8858 22.7537 23.5813 44.6592 0.028056
0 51.0232 5.1956 23.1178 10.1662 0.017684
0 57.7840 4.6843 19.5114 9.3572 0.017609
0 67.4352 4.6399 16.9045 9.2799 0.010607
0 39.1371 6.3837 28.0631 12.7079 0.008132
0 40.4045 12.7648 26.7076 25.4141 0.005163
0 28.9970 6.1183 19.7572 12.1672 0.003748
0 74.3426 4.8579 17.9309 9.7158 0.003438
0 40.2321 21.9125 19.0015 39.5184 0.002825
0 57.0879 9.5755 22.6684 18.9456 0.002197
0 67.6059 10.0066 14.1388 19.0315 0.001711
0 3.6333 229.9648 7.2665 68.7364 0.000867
0 6.5521 485.0964 13.1042 53.8073 0.000831
0 21.8771 8.8369 25.0511 17.6601 0.000783
0 165.1577 161.9837 9.2922 32.3463 0.000717
0 14.9501 6.5877 26.1498 13.1754 0.000660
0 28.2952 18.3705 19.1652 34.8790 0.000585
0 636.2177 236.4191 7.5646 41.2325 0.000552
0 134.0200 507.4290 28.1792 9.1421 0.000518
0 74.6354 9.9479 17.6538 18.8792 0.000494
0 66.5364 30.3191 9.8418 29.5655 0.000492
0 4.4269 282.0929 8.8538 42.9535 0.000451
0 5.8124 241.4583 11.6248 67.5851 0.000422
0 5.0773 34.6005 10.1545 63.0670 0.000408
0 636.7629 219.9243 6.4742 44.7966 0.000399
0 3.7026 206.0595 7.4053 49.6581 0.000355
0 164.5988 221.6940 10.5998 29.7240 0.000347
0 13.4122 12.1024 25.3641 24.2048 0.000320
0 58.9479 25.6607 20.4728 38.5687 0.000317
0 6.1232 10.5961 12.2464 21.1923 0.000299
0 165.9260 150.9236 9.4378 17.9073 0.000292
0 124.1872 11.5829 17.8380 23.1658 0.000249
0 10.3366 496.8650 20.6733 30.2701 0.000240
0 164.1875 209.9985 9.1351 29.3589 0.000224
0 636.2133 265.0938 7.5734 63.8147 0.000217
0 124.4294 3.6567 18.0690 7.3134 0.000214
0 3.6217 310.1205 7.2435 41.2750 0.000202
0 636.1829 295.2870 7.6343 37.7870 0.000199
0 10.7398 23.4063 20.9725 45.2293 0.000191
0 63.0413 31.0564 14.3373 32.9106 0.000190
0 636.8042 335.0018 6.3916 48.1680 0.000189
0 636.2099 6.2528 7.5802 12.5056 0.000187
0 20.0889 17.8906 26.9717 34.3106 0.000178
0 6.5967 456.4373 13.1935 80.7754 0.000156
0 170.0475 154.2124 11.3820 21.3792 0.000141
0 3.2786 323.7757 6.5571 40.1683 0.000137
0 54.3107 508.6024 38.6816 6.7952 0.000137
0 5.3572 264.2703 10.7145 57.9398 0.000136
0 636.3770 480.9810 7.2460 54.6301 0.000134
0 4.4694 60.3126 8.9387 36.6670 0.000125
0 3.6831 349.4794 7.3663 44.1588 0.000121
0 3.3355 163.3733 6.6709 41.4615 0.000114
0 636.4984 318.1737 7.0032 57.8629 0.000113
0 88.5744 509.0901 37.6309 5.7488 0.000102
