0 345.0995 245.8021 19.5736 34.7558 0.838074
0 287.4731 118.0770 15.8307 30.3976 0.795049
0 90.2421 4.5796 29.2807 9.1142 0.005380
0 122.2512 12.7227 20.0576 25.4454 0.003787
0 122.8253 6.0468 18.9814 12.0936 0.003511
0 72.9718 5.6159 33.0025 11.2318 0.001888
0 213.6461 147.9348 8.3340 28.8748 0.001376
0 115.5833 7.2710 25.6599 14.5150 0.001204
0 211.4568 201.8825 9.1639 33.6458 0.001172
0 99.1553 9.2585 23.7288 18.5104 0.000941
0 637.1189 332.7629 5.7622 59.4801 0.000807
0 133.1848 4.6341 21.3633 9.2561 0.000718
0 116.0188 16.8347 25.4758 33.5375 0.000709
0 523.2255 262.6895 27.5125 54.8360 0.000646
0 104.5106 14.7202 21.6679 29.0391 0.000602
0 3.4441 43.7050 6.8881 40.9850 0.000450
0 80.6866 7.6125 26.2310 15.2250 0.000417
0 3.4830 344.6087 6.9660 67.4634 0.000385
0 2.4321 112.9546 4.8642 52.3059 0.000372
0 212.0139 212.5316 11.6532 30.1273 0.000299
0 132.8311 9.9641 22.3452 19.8878 0.000281
0 4.0949 375.3230 8.1899 110.6063 0.000280
0 637.0757 353.5766 5.8485 48.8718 0.000228
0 60.2634 8.9387 26.4944 17.8775 0.000223
0 635.5179 11.2673 8.9641 22.5347 0.000208
0 217.3133 147.8807 9.7507 28.0355 0.000198
0 180.0823 3.4301 17.6683 6.8533 0.000188
0 3.2246 326.3472 6.4492 52.7271 0.000150
0 376.2245 496.2762 14.5668 30.3782 0.000149
0 636.9355 24.7786 6.1289 49.5572 0.000139
0 92.8992 13.6282 27.6293 26.5679 0.000136
0 494.2584 507.8165 25.5684 8.3671 0.000120
0 217.9403 194.3692 11.4576 27.2302 0.000106
0 635.2888 469.4768 9.4225 51.1769 0.000104
0 3.8644 26.6535 7.7287 51.9811 0.000101
0 636.6727 311.9634 6.6547 51.6351 0.000100
