0 287.8562 205.2030 19.6455 22.3008 0.764079
0 329.6600 239.1144 11.4741 22.3948 0.758469
0 128.4175 6.1531 29.5938 12.3012 0.023068
0 180.6737 80.1871 10.8254 32.3175 0.016236
0 118.1616 6.0211 33.2277 12.0422 0.008061
0 135.5377 8.3936 41.2423 16.7872 0.005935
0 188.9311 49.1957 13.0359 24.9504 0.004138
0 184.9425 73.6742 13.4413 42.3894 0.001539
0 636.1826 113.0202 7.6349 51.4422 0.001082
0 176.6247 82.0453 15.5796 34.4929 0.000668
0 635.4286 474.3237 9.1428 52.5292 0.000575
0 126.2411 13.1600 25.4008 26.0694 0.000531
0 3.0708 347.0192 6.1416 60.9111 0.000474
0 2.5866 371.2511 5.1733 64.4292 0.000419
0 184.9162 52.0140 13.9706 25.5106 0.000357
0 278.5655 44.8162 14.1839 29.5915 0.000329
0 368.2362 73.8859 23.8577 45.2568 0.000299
0 3.4561 392.5745 6.9122 72.1506 0.000262
0 4.1540 456.1533 8.3080 55.3114 0.000233
0 193.6260 45.2252 16.6818 27.5181 0.000215
0 99.6136 489.7759 40.6611 44.3220 0.000207
0 635.5638 498.9593 8.8723 26.0815 0.000204
0 637.3058 137.1495 5.3883 47.1846 0.000182
0 2.9422 155.0456 5.8844 66.4705 0.000178
0 530.2644 3.1511 28.2996 6.3022 0.000178
0 7.5279 501.4156 15.0558 21.1688 0.000176
0 3.8004 414.4098 7.6007 67.5172 0.000175
0 183.6837 84.0545 17.3845 42.4652 0.000173
0 115.9415 13.5490 33.7447 27.0033 0.000160
0 632.8472 115.8083 14.3057 45.0562 0.000159
0 95.8465 506.1651 35.2957 11.6698 0.000148
0 3.3236 176.8977 6.6472 61.7096 0.000146
0 3.9461 473.9443 7.8922 55.6586 0.000121
0 593.6985 3.3533 27.8306 6.6827 0.000120
0 6.1089 490.7013 12.2178 42.5974 0.000118
0 330.5466 286.6433 13.1573 21.5205 0.000118
0 634.1649 7.0615 11.6702 14.1230 0.000116
0 636.4775 336.2937 7.0450 44.7371 0.000112
0 269.6069 47.9448 20.5212 36.0451 0.000108
0 99.0311 5.1428 34.6706 10.1705 0.000106
0 636.3076 450.4625 7.3849 54.0785 0.000100
