0 283.1204 202.9824 20.2164 18.1125 0.834880
0 309.9991 206.8322 20.2366 21.4143 0.783359
0 538.1672 4.2695 26.3932 8.4956 0.004696
0 217.5668 4.0620 25.2133 7.9550 0.000708
0 610.1660 3.2452 25.6653 6.4903 0.000640
0 2.7593 195.3267 5.5186 66.8418 0.000576
0 541.6413 7.1317 30.2616 14.2634 0.000494
0 555.3010 4.7005 32.1179 9.4010 0.000460
0 636.7361 172.5601 6.5279 58.4591 0.000457
0 81.0125 88.3289 18.2586 30.6741 0.000392
0 41.1306 501.8792 34.9835 20.2416 0.000378
0 173.5266 340.6000 27.4288 39.9587 0.000371
0 3.2338 474.1773 6.4675 64.5834 0.000260
0 146.1432 395.1955 30.0965 51.4397 0.000252
0 450.5501 3.6794 24.7855 7.3588 0.000221
0 321.5858 205.0286 26.8292 22.8989 0.000192
0 636.3743 252.4071 7.2513 61.6972 0.000190
0 10.9042 219.1825 21.8084 31.5940 0.000187
0 635.0402 364.5200 9.9196 61.9780 0.000179
0 398.6241 3.4618 23.2899 6.9235 0.000170
0 230.9419 3.7130 29.8926 7.4259 0.000169
0 88.6936 91.0974 21.3034 27.6158 0.000167
0 636.5826 61.4819 6.8347 49.0309 0.000164
0 148.9749 377.6309 35.1968 85.4827 0.000162
0 621.3755 4.7253 33.3186 9.3129 0.000155
0 251.2469 219.1720 20.8076 20.9995 0.000149
0 94.4170 508.9263 34.9667 6.1473 0.000146
0 523.7706 4.0571 34.3639 8.1143 0.000130
0 635.8835 385.0598 8.2328 52.6467 0.000123
0 5.7265 495.5634 11.4530 32.8731 0.000123
0 218.1079 7.7142 27.9490 15.2100 0.000122
0 637.3262 111.8190 5.3477 52.1615 0.000118
0 3.0534 172.5651 6.1067 86.7654 0.000112
0 636.8464 90.9751 6.3071 58.1669 0.000112
0 632.9105 7.7567 14.0596 15.5134 0.000111
0 636.3022 31.8860 7.3955 47.6918 0.000108
0 459.1874 505.9181 29.8057 12.1638 0.000107
0 27.4318 502.5865 49.1529 18.8271 0.000106
0 143.0017 422.5179 23.3080 40.0199 0.000105
0 636.1804 275.9549 7.5337 42.4958 0.000102
0 113.5604 508.3188 36.1967 7.3624 0.000101
0 299.2293 220.9471 13.7852 48.1089 0.000100
