0 392.6089 262.4919 30.5333 61.3508 0.861315
0 419.9608 270.8428 28.2996 52.4446 0.845348
0 3.0317 171.3466 6.0634 46.8757 0.000645
0 443.9781 381.1072 14.4320 11.5677 0.000347
0 636.0341 7.9806 7.9319 15.9612 0.000300
0 2.7069 144.7198 5.4138 78.9155 0.000282
0 636.8975 13.7646 6.2050 27.5292 0.000280
0 261.1138 427.8221 16.8865 17.5515 0.000234
0 401.1322 502.9509 39.0831 18.0982 0.000228
0 8.6018 172.2574 17.0994 47.0185 0.000212
0 45.6371 501.4113 59.2747 21.1775 0.000210
0 192.7142 3.4120 23.9165 6.7441 0.000197
0 260.6482 3.7425 22.5229 7.4849 0.000197
0 261.4842 506.5354 31.0874 10.9291 0.000187
0 355.7200 3.3879 20.0052 6.7552 0.000140
0 637.1479 200.3745 5.7041 40.0045 0.000126
0 182.3218 3.8710 25.1377 7.7421 0.000126
0 301.9270 395.7617 14.2267 7.4100 0.000124
0 630.7437 3.8575 17.8361 7.7151 0.000120
0 237.9263 506.6502 31.5594 10.6995 0.000117
0 363.3159 3.6398 25.1895 7.1466 0.000107
0 637.2769 181.4661 5.4462 61.1162 0.000102
