0 258.8094 325.2424 27.0688 53.2345 0.858087
0 121.6837 234.1641 27.6655 59.7533 0.856042
0 396.3057 207.4599 21.4988 51.2620 0.851155
0 581.7324 296.5385 19.9119 50.1685 0.823061
0 636.6877 327.4279 6.6245 49.2388 0.002631
0 2.9594 210.2520 5.9187 55.8785 0.001700
0 636.6994 128.3946 6.6012 37.3023 0.001327
0 445.9854 112.2438 15.7020 28.4963 0.001203
0 172.1321 89.7359 12.7866 18.0292 0.000815
0 24.7065 501.7315 43.8637 20.5370 0.000528
0 355.9202 154.5654 9.0725 20.5058 0.000491
0 121.0922 5.2049 23.9052 10.4098 0.000453
0 2.8966 226.8639 5.7931 38.3050 0.000393
0 52.6344 500.4009 45.0526 23.1982 0.000273
0 129.6993 4.7770 24.8125 9.5539 0.000264
0 636.6736 242.9510 6.6528 56.4536 0.000156
0 231.9640 505.1031 29.4500 13.7938 0.000147
0 376.9990 374.6170 29.2855 18.2189 0.000138
0 245.1172 64.2997 17.6686 22.8365 0.000125
0 139.4939 4.5460 28.6014 9.0921 0.000123
0 442.3912 107.3208 19.1104 34.4342 0.000121
0 343.6253 500.5750 31.2614 22.8500 0.000118
0 149.0090 4.7830 28.0133 9.5661 0.000118
0 145.1270 203.7313 13.8763 18.5161 0.000118
0 637.1828 81.6579 5.6344 43.7896 0.000107
0 207.9538 504.6325 27.4225 14.7349 0.000100
