0 385.7197 324.7306 28.1721 51.8948 0.848419
0 528.1195 187.6626 17.5786 49.2748 0.839832
0 230.7883 227.6161 18.1319 50.5184 0.773521
0 5.8691 251.5320 11.7383 56.4266 0.038658
0 166.4708 495.6377 50.5659 32.7245 0.007390
0 236.7091 230.5613 18.4089 47.8544 0.000787
0 352.8687 505.6682 26.5924 12.6636 0.000464
0 637.3647 36.8448 5.2704 51.4146 0.000439
0 150.8965 496.2531 44.0950 31.4938 0.000400
0 256.8297 4.8948 23.6647 9.7715 0.000369
0 636.3783 365.4559 7.1299 36.5662 0.000298
0 308.6807 92.8567 11.1161 18.8538 0.000295
0 10.7344 464.3373 21.4689 56.2418 0.000263
0 265.0952 4.4175 31.5115 8.8349 0.000255
0 578.8822 106.0266 17.7798 47.6141 0.000235
0 9.0046 236.6464 17.8939 65.4003 0.000213
0 635.8271 127.6222 8.1665 31.2076 0.000195
0 636.8939 53.6823 6.2122 45.7126 0.000183
0 635.7752 253.3576 8.4496 42.3302 0.000178
0 636.7440 20.5942 6.5120 41.1884 0.000171
0 5.7536 225.0644 11.5073 52.5980 0.000163
0 275.2369 4.0490 27.8955 8.0980 0.000160
0 588.0089 486.2507 38.6919 51.4987 0.000159
0 241.4656 249.1365 15.9447 30.2723 0.000157
0 636.6821 268.6561 6.6357 45.7045 0.000156
0 635.3002 352.8667 9.3997 57.1292 0.000154
0 631.7024 500.1836 16.5953 23.6329 0.000153
0 636.1878 322.3451 7.6244 47.5840 0.000139
0 54.6065 401.9230 19.8006 34.3244 0.000137
0 636.7004 380.4874 6.5992 40.6241 0.000136
0 13.5946 251.2806 24.2106 54.6577 0.000131
0 150.9370 219.2842 19.1943 37.1779 0.000125
0 633.0672 331.2087 13.8656 40.1002 0.000118
0 637.0486 306.3755 5.9028 30.7643 0.000105
0 633.3124 241.2297 13.3752 46.7807 0.000103
