0 355.6694 219.4217 21.3480 61.5636 0.857168
0 141.1045 347.6647 27.4408 80.0301 0.844275
0 79.7568 352.2566 22.5975 82.1736 0.835984
0 277.9584 5.9110 18.4668 11.8113 0.040116
0 159.4993 15.8703 14.6519 31.7405 0.032544
0 286.5334 4.9339 28.3196 9.8065 0.011556
0 477.1992 16.1573 14.1722 32.3146 0.009082
0 276.3984 11.5406 17.5827 23.0813 0.004407
0 10.5536 306.1934 21.0863 37.8993 0.004375
0 481.0114 10.0916 17.0325 20.1232 0.003170
0 165.0981 17.3215 20.8311 34.3773 0.002677
0 636.9737 166.7147 6.0526 74.2240 0.001304
0 266.4382 5.2129 29.8990 10.4257 0.001194
0 337.6721 4.3706 21.9011 8.7413 0.001131
0 637.2022 186.3425 5.5956 45.8329 0.001038
0 151.9461 324.6802 18.4413 60.3126 0.000967
0 152.8985 308.0982 18.5556 29.7428 0.000902
0 292.3438 6.9517 26.7590 13.9034 0.000843
0 472.9243 17.8993 14.3096 34.7611 0.000612
0 300.9675 3.8471 26.2585 7.6941 0.000528
0 6.6044 291.7899 13.2087 61.8093 0.000402
0 286.1555 12.2303 29.7422 24.2070 0.000385
0 490.2393 8.2641 24.4376 16.4274 0.000351
0 508.9901 12.5619 20.8395 25.1238 0.000340
0 247.7839 5.4219 22.8547 10.8437 0.000333
0 489.3633 17.1239 28.1405 34.2479 0.000325
0 513.1682 18.3631 20.2742 36.7262 0.000288
0 636.7437 203.2182 6.5126 63.5396 0.000269
0 265.2183 12.7685 26.6002 25.2367 0.000256
0 500.2271 8.3062 22.2448 16.5274 0.000191
0 10.9111 332.6989 21.8221 98.3082 0.000180
0 580.1361 165.3423 16.9753 25.3215 0.000178
0 358.0430 186.5752 22.5063 25.7320 0.000173
0 455.8076 254.3835 21.5710 31.3539 0.000172
0 350.2927 186.4658 16.0970 28.6699 0.000158
0 239.7894 5.2666 19.8395 10.5332 0.000145
0 486.0641 508.2929 37.1606 7.4141 0.000130
0 148.3159 16.2084 33.4241 32.3317 0.000129
0 475.5693 26.2668 12.7874 27.9052 0.000128
0 299.8070 69.6615 18.9921 22.5537 0.000106
