0 20.3789 321.7004 36.2859 35.1122 0.701887
0 427.6734 367.6658 30.1868 41.4667 0.325554
0 32.0224 311.9791 25.0295 25.4210 0.071728
0 109.7303 8.0524 26.5161 15.9853 0.068566
0 420.3430 369.4790 18.5356 34.3572 0.025065
0 6.8510 279.7278 13.7021 41.2587 0.006855
0 120.9605 7.9411 29.4618 15.6543 0.006625
0 34.0810 298.3766 21.9059 43.2115 0.004348
0 207.9042 505.0193 26.5885 13.9614 0.003890
0 90.4218 6.9168 31.6967 13.8337 0.001842
0 67.6410 3.8440 23.1012 7.6101 0.001382
0 202.2093 502.2972 30.3399 19.3882 0.001073
0 352.1455 40.7006 15.1643 21.7180 0.000788
0 27.5619 303.0634 25.1409 40.3416 0.000653
0 636.4384 45.2857 7.1232 45.1815 0.000636
0 213.3958 501.8107 33.2510 19.9575 0.000602
0 70.3227 31.4043 34.3711 46.7450 0.000495
0 192.4212 504.3185 30.6979 15.3630 0.000442
0 2.8462 63.7711 5.6923 29.4541 0.000407
0 636.3143 67.0038 7.3713 56.9158 0.000391
0 375.0851 508.8295 26.1667 6.3411 0.000335
0 636.1757 18.6360 7.6486 34.7679 0.000319
0 3.1966 207.2605 6.3931 40.0731 0.000317
0 396.7141 244.9785 23.5197 21.4319 0.000316
0 58.6120 3.7626 28.1498 7.4897 0.000247
0 636.9802 90.3093 6.0397 57.6792 0.000229
0 533.0110 3.7143 22.7852 7.3780 0.000214
0 637.2823 274.0815 5.4353 44.6024 0.000190
0 628.0800 396.9869 23.8401 53.8688 0.000172
0 220.0927 505.5954 37.8601 12.8093 0.000155
0 82.0962 20.8357 16.6298 32.4979 0.000150
0 526.5739 508.3102 34.7376 7.3796 0.000150
0 6.8067 181.1842 13.6134 61.1229 0.000146
0 8.3913 161.2784 16.7825 64.3177 0.000136
0 325.1985 134.1718 15.6252 20.8102 0.000131
0 367.0906 24.9195 17.4109 23.3320 0.000125
0 174.8840 502.9492 24.1983 18.1017 0.000114
0 3.0432 78.0812 6.0865 49.9105 0.000112
