0 20.5102 323.6283 34.0155 35.4533 0.714538
0 114.8985 9.0221 18.9886 17.8746 0.095166
0 31.8196 312.9084 22.3407 25.4799 0.034056
0 104.4208 8.9900 38.2503 17.9801 0.033337
0 6.8001 281.7498 13.6001 40.6226 0.004713
0 35.2178 297.0617 20.2601 45.3406 0.003073
0 126.2123 8.8196 36.3784 17.4382 0.001565
0 534.0391 4.2666 22.8337 8.2998 0.001443
0 66.6485 4.5566 24.1279 9.0545 0.001392
0 8.7311 323.7813 17.4621 35.8898 0.001040
0 69.2406 35.3471 32.5800 45.1305 0.000922
0 5.2044 207.1788 10.4088 39.8034 0.000764
0 84.3173 13.0247 19.9361 15.6932 0.000714
0 210.6433 505.3379 27.6416 13.3242 0.000617
0 69.2209 10.9979 30.1117 19.3658 0.000539
0 636.2008 37.8376 7.5984 38.6545 0.000484
0 370.9912 224.6384 15.0350 22.3400 0.000469
0 636.4933 50.6146 7.0134 27.7194 0.000463
0 76.0670 17.9886 24.7719 25.4909 0.000426
0 3.4381 70.5727 6.8763 28.4171 0.000411
0 363.2075 224.6945 29.7596 22.4253 0.000408
0 423.7889 371.5224 17.6721 39.4170 0.000354
0 554.0145 6.2982 29.8926 12.5964 0.000343
0 635.6870 23.5101 8.6260 39.5430 0.000340
0 636.1863 78.2322 7.6273 47.2604 0.000337
0 270.3673 3.7455 26.0701 7.4911 0.000311
0 636.5288 95.2986 6.9424 57.0472 0.000262
0 200.7777 505.7122 29.3141 12.5756 0.000230
0 3.2637 223.3290 6.5274 60.6250 0.000214
0 637.5885 142.7034 4.8230 41.2862 0.000169
0 50.9556 4.0748 29.9362 8.1497 0.000162
0 279.9742 3.1819 30.2185 6.3639 0.000161
0 523.3323 4.0460 28.0732 7.9123 0.000159
0 635.2083 12.8275 9.5834 25.6550 0.000156
0 529.9058 508.4897 30.7161 7.0119 0.000145
0 542.2683 7.6171 31.6912 14.7901 0.000143
0 6.7078 186.7206 13.4156 60.9760 0.000138
0 432.8719 356.1896 19.4246 18.0139 0.000136
0 623.6146 412.7288 27.5237 30.5361 0.000133
0 429.1680 367.4991 22.8602 34.8596 0.000131
0 615.0507 413.8408 15.0466 24.7728 0.000118
0 24.0822 302.1641 19.8903 39.1125 0.000110
0 323.5679 138.8584 14.2766 16.3932 0.000106
0 637.2013 128.5544 5.5974 40.1089 0.000101
