0 429.0831 354.6339 27.9320 73.5603 0.894317
0 359.5682 219.9419 35.0903 32.8725 0.853893
0 22.5584 323.3878 35.4361 37.8276 0.720462
0 31.7336 319.3232 23.5024 36.4462 0.102184
0 115.3277 8.9858 17.9010 17.8023 0.096998
0 104.3925 8.8478 38.7289 17.6955 0.028075
0 35.1709 311.2128 21.3030 22.7821 0.006777
0 89.9077 7.4804 33.7641 14.9609 0.003189
0 535.1035 4.5377 22.7461 8.8540 0.001557
0 6.9569 284.4091 13.9137 38.1534 0.001423
0 68.6493 4.6963 21.5020 9.2671 0.001243
0 10.5886 324.3216 21.1771 38.4888 0.001199
0 396.9551 247.7552 24.9716 19.7784 0.000975
0 35.7006 298.9486 18.6878 42.5005 0.000934
0 3.4721 71.5982 6.9442 27.4156 0.000926
0 126.8457 8.7865 35.7495 17.2851 0.000902
0 84.2766 12.8136 18.7296 17.5032 0.000883
0 555.3112 6.5103 31.3940 13.0206 0.000605
0 636.5450 53.9897 6.9100 34.8295 0.000594
0 636.3737 40.7202 7.2527 43.5851 0.000511
0 75.9410 13.2102 27.3796 20.9269 0.000442
0 70.7969 7.9190 27.6718 14.9226 0.000388
0 5.5101 320.9486 11.0202 38.4842 0.000345
0 321.4214 217.3067 19.9218 36.2694 0.000336
0 636.3276 73.2837 7.3448 53.7816 0.000335
0 542.9823 7.1772 33.0793 14.3120 0.000284
0 636.1284 24.4149 7.7432 42.8253 0.000276
0 636.7487 92.4128 6.5027 54.5786 0.000273
0 59.4780 4.1460 30.1601 8.2635 0.000262
0 5.8530 204.1998 11.7061 41.9315 0.000251
0 355.8096 107.1788 12.2814 22.3951 0.000190
0 635.5384 11.8461 8.9232 23.6923 0.000181
0 7.9602 173.4159 15.9204 47.3884 0.000177
0 71.7824 33.5578 33.8771 46.1477 0.000148
0 637.1290 283.5755 5.7420 52.6915 0.000122
0 107.7450 157.3710 10.0856 12.6861 0.000116
0 352.2119 43.6755 16.0800 21.1959 0.000106
