0 354.1970 212.8335 23.0803 46.1479 0.848226
0 492.8820 337.7092 25.9277 63.6703 0.838781
0 24.2854 322.6972 34.3764 38.2728 0.724463
0 116.9128 9.0679 19.7173 17.9542 0.057587
0 104.6674 8.8967 39.9982 17.7935 0.027942
0 34.6790 310.7098 22.5129 22.0135 0.014324
0 5.1891 322.5698 10.3782 39.5272 0.006721
0 8.2129 283.9302 16.4257 38.1526 0.004900
0 86.1211 7.2061 34.8142 14.4121 0.002787
0 71.8202 5.5115 21.2574 10.7667 0.002185
0 34.8499 300.6520 20.2093 40.4154 0.002156
0 3.6673 71.0884 7.3346 29.6530 0.001306
0 83.2169 13.1613 20.4189 16.4634 0.001176
0 208.5946 506.9169 25.2365 10.1663 0.001100
0 75.6442 8.0842 25.2751 12.2532 0.000818
0 127.1963 8.8987 34.7995 17.4949 0.000768
0 534.7066 4.3349 21.9514 8.4759 0.000733
0 636.5951 54.6151 6.8098 34.2322 0.000442
0 60.3932 4.7731 31.1032 9.5342 0.000431
0 636.2508 73.1235 7.4984 55.6014 0.000379
0 636.4734 40.7949 7.0532 43.5250 0.000315
0 9.4997 168.3323 18.9994 52.8770 0.000292
0 636.8096 92.1535 6.3809 54.2725 0.000275
0 555.7475 6.2109 30.4259 12.4218 0.000269
0 203.9660 503.8992 29.1397 16.2017 0.000261
0 215.0007 503.1642 34.5983 17.6716 0.000252
0 467.3045 359.4585 21.7220 21.7699 0.000251
0 636.3582 23.9981 7.2837 40.8889 0.000236
0 489.5330 323.3368 19.4487 48.6738 0.000216
0 635.6616 10.3677 8.6768 20.7355 0.000198
0 322.3721 217.1986 20.7716 35.4718 0.000198
0 74.8505 31.1336 29.1676 48.3006 0.000194
0 107.1943 157.2031 9.4828 11.6093 0.000172
0 7.6444 411.4786 15.2328 92.3221 0.000169
0 6.3561 207.9074 12.1368 33.1067 0.000166
0 637.2480 279.0361 5.5040 48.8506 0.000148
0 7.5570 192.8192 15.0941 62.7834 0.000135
0 461.6689 368.8866 13.4276 18.0290 0.000125
0 542.2860 7.1323 29.9553 14.1276 0.000123
0 221.1092 506.4967 37.2521 11.0066 0.000122
0 99.9381 156.4872 10.3535 9.6756 0.000115
0 397.2296 247.3680 23.5925 19.3010 0.000115
0 637.0393 107.8399 5.9213 45.9069 0.000101
0 352.0186 43.7838 16.5217 20.3825 0.000100
