0 332.3942 228.3696 37.5190 55.3143 0.880478
0 575.7417 312.4258 21.3862 43.0204 0.010119
0 160.0112 196.8655 15.5433 27.7224 0.001127
0 637.0848 288.8631 5.8304 35.9227 0.001056
0 635.9595 7.8459 8.0809 15.6919 0.000436
0 636.7392 276.6599 6.5216 38.3695 0.000366
0 2.8055 412.6056 5.6110 40.7516 0.000262
0 630.5140 287.1230 18.9720 34.0344 0.000231
0 636.3348 18.5156 7.3303 37.0312 0.000212
0 273.4651 339.8900 19.9966 22.1876 0.000168
0 122.4585 414.0854 7.7816 15.4658 0.000168
0 414.7990 220.5083 11.1323 14.2711 0.000163
0 368.0430 508.3209 26.5166 7.3583 0.000158
0 414.5041 228.0499 11.5798 28.8324 0.000153
0 308.3919 9.7693 33.3842 19.3430 0.000148
0 632.0776 387.1263 15.8447 54.9834 0.000145
0 300.7753 47.8551 60.3905 85.6028 0.000143
0 544.1257 15.9209 19.6552 31.7911 0.000138
0 628.9991 7.3613 21.6793 14.7226 0.000136
0 9.1957 502.6281 18.3914 18.7438 0.000106
0 410.4114 4.2170 20.8284 8.2487 0.000106
0 410.7207 15.2399 19.9266 24.3770 0.000101
