0 348.6049 258.6549 36.5326 52.0992 0.846746
0 620.2399 417.0117 39.5203 128.1542 0.047407
0 633.4048 88.1985 13.1904 106.1796 0.035082
0 445.7258 403.6747 62.5640 216.1630 0.009756
0 635.0331 412.0936 9.9338 126.3873 0.002311
0 323.4825 254.4385 22.6049 49.2093 0.002185
0 634.3873 372.1328 11.2254 154.7307 0.001021
0 629.6387 401.0436 20.7227 149.5833 0.001019
0 635.2750 136.3102 9.4500 94.2964 0.000782
0 624.5977 87.6349 30.3384 105.2113 0.000609
0 3.0065 89.0369 6.0130 49.3552 0.000446
0 632.8522 53.4468 14.2957 50.3283 0.000441
0 12.7447 352.0555 25.4895 97.5533 0.000280
0 631.5953 331.8702 16.8093 190.8829 0.000279
0 265.6066 343.7631 39.6696 63.1650 0.000241
0 365.2136 509.2157 53.0129 5.5687 0.000189
0 10.1442 10.6928 20.2885 21.3856 0.000163
0 13.0864 404.7122 26.1728 47.3160 0.000154
0 3.2066 237.5705 6.4132 64.2964 0.000104
