0 343.2560 239.3453 34.4771 41.2113 0.848735
0 157.7027 291.5044 19.1502 42.5123 0.025340
0 625.4807 62.7810 28.2196 64.8190 0.024360
0 571.4882 105.0095 25.5325 77.2599 0.009068
0 224.4581 15.0292 35.1950 30.0584 0.005328
0 591.0345 11.4383 30.5450 22.2786 0.002687
0 11.6213 480.4373 23.2425 61.4709 0.002650
0 14.8079 207.4753 29.6158 78.9207 0.002337
0 635.4160 67.4428 9.1681 66.8412 0.001795
0 632.6788 206.7809 14.6179 68.5860 0.001768
0 4.1341 363.3814 8.2417 45.9495 0.001642
0 6.7853 339.0253 13.5707 90.8133 0.001193
0 636.0316 379.9950 7.9369 84.4338 0.001160
0 498.6937 221.9843 42.9174 86.9799 0.000999
0 636.9795 19.0164 6.0410 38.0328 0.000835
0 333.8012 87.1212 22.5784 39.0711 0.000707
0 240.6674 4.3075 40.8351 8.6150 0.000638
0 636.2163 9.3660 7.5673 18.7319 0.000597
0 500.7703 198.7786 38.9460 39.8451 0.000593
0 530.2383 193.3886 39.5397 26.6373 0.000548
0 256.9145 3.8852 30.3246 7.7238 0.000542
0 599.2870 14.8785 34.3997 23.6327 0.000541
0 3.4691 378.3718 6.9383 54.5065 0.000479
0 266.6255 4.1354 27.1414 8.2709 0.000470
0 5.9953 209.1263 11.9905 85.0734 0.000438
0 628.2584 49.6595 23.2587 40.5187 0.000425
0 611.4216 48.0163 52.4539 50.2782 0.000395
0 636.0552 217.8329 7.8896 74.0097 0.000387
0 233.1724 10.2786 48.2991 20.5572 0.000337
0 637.2297 446.1427 5.4617 66.3088 0.000322
0 20.2043 494.3389 32.5454 35.1102 0.000291
0 636.5830 43.1248 6.8340 32.4885 0.000280
0 277.8075 4.3882 24.7903 8.7763 0.000280
0 517.2146 18.8622 32.8672 33.1313 0.000259
0 331.8971 13.0145 33.5674 26.0290 0.000247
0 9.5839 221.8318 19.0656 93.5999 0.000245
0 580.8747 8.0384 40.4236 16.0769 0.000236
0 340.7944 131.2634 14.1707 19.4828 0.000232
0 223.3971 23.7997 30.3759 15.6353 0.000227
0 69.8810 182.3317 29.9196 67.2338 0.000210
0 628.8601 6.4442 22.2797 12.8884 0.000209
0 3.4822 51.8698 6.9644 36.8970 0.000208
0 635.7784 341.5854 8.4432 117.7928 0.000206
0 26.2519 499.7408 26.0422 24.5184 0.000205
0 636.8995 473.8677 6.2010 69.5956 0.000201
0 7.9234 361.6368 15.6397 46.6248 0.000200
0 3.6384 197.2526 7.2768 77.3318 0.000195
0 514.9021 193.6011 51.5325 29.2798 0.000193
0 631.4006 183.2078 17.1988 105.1710 0.000187
0 636.4755 88.0184 7.0490 81.8239 0.000177
0 273.1779 506.7182 38.6241 10.5637 0.000177
0 636.8383 399.8463 6.3038 82.1036 0.000175
0 288.0231 3.9653 31.3756 7.9307 0.000165
0 339.1911 123.9474 15.7225 29.6642 0.000144
0 116.5827 48.1536 24.4370 70.0968 0.000134
0 71.4138 106.6001 9.8036 21.7229 0.000133
0 520.2019 222.9337 56.8682 87.7337 0.000129
0 3.5031 398.8711 7.0063 43.8775 0.000124
0 345.4037 118.5045 21.7169 32.4362 0.000122
0 636.8377 326.4044 6.1687 76.4235 0.000121
0 130.5421 390.4874 22.5240 66.3196 0.000110
