0 294.4147 338.4154 27.7664 94.8171 0.868818
0 281.4577 257.3851 27.4139 51.8070 0.843281
0 185.4657 16.2460 13.6087 21.9686 0.002890
0 636.3453 482.0145 7.3094 59.9710 0.000736
0 20.6200 328.5909 41.2400 60.5045 0.000564
0 3.3886 206.6691 6.7773 61.4962 0.000504
0 628.1786 479.2905 23.6428 65.3440 0.000283
0 178.8866 13.3908 28.2222 26.7493 0.000260
0 626.5333 439.3813 26.9333 85.4331 0.000252
0 23.7864 464.9742 47.5687 49.4529 0.000239
0 305.1489 3.2403 29.3635 6.4806 0.000232
0 190.8920 11.0616 24.4056 22.1231 0.000205
0 214.0364 4.1749 18.8212 8.3377 0.000191
0 203.4586 4.7392 30.8581 9.2603 0.000174
0 357.5503 4.7457 22.3860 9.2194 0.000172
0 2.8283 227.3447 5.6566 50.1558 0.000165
0 315.2129 3.6788 22.6324 7.3575 0.000157
0 627.3033 494.8960 25.3933 34.2079 0.000157
0 287.5733 3.0130 23.5404 5.7738 0.000141
0 350.1216 4.7378 21.2997 9.1409 0.000140
0 635.3979 12.8403 9.2041 25.6807 0.000125
0 365.7908 4.4592 30.0095 8.8368 0.000122
0 386.3768 4.5802 23.3778 9.1041 0.000113
