0 252.6795 236.4156 43.1136 73.4407 0.904708
0 364.8611 274.4844 31.0740 36.8897 0.886325
0 123.7536 504.2889 46.2768 15.4221 0.022304
0 115.1610 506.7458 47.2520 10.5084 0.005944
0 116.7496 251.7849 10.6548 18.6292 0.000907
0 507.5905 401.1110 50.8986 85.9703 0.000246
0 632.0571 242.7123 15.8859 149.0457 0.000226
0 372.5304 495.5883 66.2297 32.8233 0.000223
0 635.6265 419.8867 8.7469 90.5252 0.000221
0 3.8889 231.5653 7.7680 82.6929 0.000193
0 528.4869 500.2791 69.8521 23.4417 0.000179
0 475.3585 499.7299 41.5011 24.5403 0.000148
0 469.3250 490.4786 47.1451 43.0427 0.000131
0 141.2103 501.4978 75.8973 20.7769 0.000127
0 467.2671 465.2207 48.8365 93.5586 0.000124
0 433.7315 490.9566 42.0560 42.0868 0.000110
