0 313.4877 228.8271 33.4685 47.7223 0.867660
0 368.0478 368.5347 37.7428 40.5073 0.846706
0 545.0350 29.4718 21.7468 32.9824 0.582187
0 504.9434 45.2708 43.1971 22.5056 0.009574
0 624.9066 415.0455 30.1404 74.7243 0.008607
0 610.5323 153.3468 28.2053 51.3730 0.005694
0 5.2455 112.4168 10.4911 61.0434 0.001937
0 61.5203 17.1334 30.3447 34.2668 0.001884
0 636.3204 285.3537 7.3591 54.3210 0.001630
0 55.0822 4.0579 30.3125 8.1158 0.000985
0 5.6974 137.7571 11.3948 85.4911 0.000874
0 101.9923 7.7755 29.8314 15.5511 0.000810
0 635.0700 303.4512 9.8600 84.3050 0.000782
0 636.3424 261.5130 7.3152 76.8526 0.000731
0 528.3034 213.9387 32.9700 58.0006 0.000672
0 108.2442 12.5549 35.8851 25.1098 0.000650
0 633.8914 410.3105 12.2173 74.7474 0.000645
0 483.5484 179.8545 29.9481 50.7545 0.000432
0 3.5653 39.7590 7.1306 68.2622 0.000389
0 573.4304 109.0565 26.2906 47.0218 0.000376
0 496.8469 34.1464 62.5626 41.4694 0.000347
0 635.9606 163.0299 7.9675 57.8124 0.000339
0 70.2406 12.2847 39.9937 24.4446 0.000338
0 185.0013 10.0629 26.8706 20.1258 0.000336
0 633.2079 9.5288 13.5841 18.9377 0.000307
0 379.8461 507.7562 23.7585 8.4877 0.000294
0 47.0677 11.2450 46.0169 22.4899 0.000281
0 113.2245 5.2628 36.2061 10.5256 0.000261
0 636.9397 192.0803 5.9744 58.7614 0.000261
0 84.5852 8.0978 34.1951 16.0488 0.000216
0 585.5922 115.9352 22.8722 45.6798 0.000213
0 636.5884 229.4262 6.8232 92.3458 0.000206
0 362.7388 206.7440 43.0195 25.2742 0.000201
0 550.4272 4.9388 28.0652 9.7260 0.000200
0 409.1731 29.0511 21.9152 29.5535 0.000197
0 122.7145 3.7680 27.6343 7.5201 0.000195
0 626.6488 7.3926 26.7025 14.6080 0.000184
0 317.1353 213.1771 27.1198 20.6459 0.000182
0 627.0212 440.5490 25.9576 102.5620 0.000168
0 409.6696 3.1659 25.4415 5.8545 0.000166
0 41.3552 4.5769 44.0969 9.1538 0.000151
0 276.9097 493.1692 42.9220 36.9808 0.000146
0 546.5098 56.4946 27.9365 85.2146 0.000145
0 4.0105 63.4887 8.0210 40.2796 0.000135
0 632.7966 259.9391 14.1631 73.3655 0.000133
0 345.0753 355.4093 27.4207 60.6371 0.000125
0 634.1016 18.0027 11.7968 36.0054 0.000123
0 630.5396 285.9711 18.0370 56.4531 0.000121
0 5.0626 10.6369 9.9652 21.2739 0.000120
0 632.1011 322.0038 15.7979 123.1261 0.000110
0 636.2113 371.1973 7.5773 107.6685 0.000109
0 191.6689 5.9922 40.6779 11.9844 0.000109
0 193.1616 13.2918 44.7892 26.5836 0.000104
0 320.1440 208.8299 18.9352 15.4125 0.000104
0 268.9430 503.6909 36.0086 16.4300 0.000101
