0 237.8569 178.0896 34.8326 76.5557 0.886923
0 256.5471 251.2807 32.9329 75.4616 0.877423
0 635.5562 451.4538 8.8877 70.5602 0.051402
0 635.3588 347.6557 9.2825 59.3150 0.011218
0 632.5233 458.2605 14.9343 83.2622 0.008610
0 632.2258 491.0354 15.5483 41.6111 0.006590
0 154.6009 4.9228 23.4307 9.8456 0.005683
0 636.9609 333.1642 6.0781 46.0471 0.005259
0 3.0620 116.5490 6.1240 45.5052 0.003154
0 163.0889 7.8437 26.9365 15.6873 0.002541
0 19.6800 10.6506 35.1073 21.1309 0.001850
0 629.8224 301.5145 20.3551 78.3239 0.001391
0 69.7597 14.2371 47.6409 28.1773 0.001193
0 3.6564 93.0077 7.3129 77.7293 0.001051
0 147.5020 9.9799 29.1978 19.9597 0.001008
0 632.3356 338.8698 15.3289 57.2064 0.000913
0 3.3976 176.8851 6.7951 41.9598 0.000839
0 30.4029 9.1024 36.7612 18.2049 0.000759
0 9.5212 447.0586 18.2202 70.1461 0.000693
0 93.0456 4.3731 26.0290 8.6686 0.000690
0 81.6180 4.6852 32.5434 9.1886 0.000489
0 342.3790 503.5689 54.3014 16.8622 0.000468
0 348.8353 201.1145 45.4698 45.9467 0.000425
0 492.1507 9.3265 35.2555 18.6026 0.000391
0 307.0366 494.7678 27.6637 34.4645 0.000377
0 635.5812 422.0596 8.8376 61.9194 0.000354
0 173.1008 6.3894 29.2389 12.7787 0.000327
0 6.6276 17.3887 13.2552 33.8401 0.000292
0 328.3009 3.4705 24.2569 6.9409 0.000290
0 514.1019 144.5798 35.4431 107.3026 0.000286
0 635.5637 142.5750 8.8727 73.4729 0.000282
0 56.0898 10.4677 56.8826 20.7983 0.000254
0 634.6554 363.9960 10.6892 115.1418 0.000251
0 3.3153 134.7247 6.5920 59.2567 0.000240
0 3.6953 242.2242 7.3905 87.3870 0.000239
0 24.4591 119.1573 42.7152 37.1805 0.000216
0 601.2322 276.9614 19.6431 47.5316 0.000200
0 633.1110 433.5349 13.3035 59.0161 0.000194
0 9.0408 487.8823 18.0816 48.2355 0.000180
0 294.3851 153.7269 13.7618 28.5220 0.000168
0 631.0954 142.8619 17.8092 77.6879 0.000161
0 104.4135 499.2312 55.4430 25.4957 0.000161
0 503.3829 5.2658 35.8408 10.5316 0.000157
0 626.2363 461.6389 25.6155 87.5935 0.000148
0 3.5562 212.4135 7.1124 74.8705 0.000144
0 3.5305 25.9712 7.0594 49.6208 0.000138
0 138.0710 7.0885 27.7873 14.1771 0.000125
0 635.9910 164.8025 8.0181 61.5854 0.000122
0 480.3896 10.0468 30.1396 20.0936 0.000113
