0 427.5831 168.1223 15.2977 31.1809 0.893626
0 404.8279 127.6663 18.8179 39.7288 0.848217
0 454.8981 244.2645 11.7339 16.1918 0.014743
0 13.9918 88.2172 27.9836 64.1632 0.014636
0 8.4656 16.9679 16.9313 33.9358 0.002558
0 62.5381 16.7159 43.8353 33.3397 0.000648
0 4.8789 100.1727 9.7578 72.4034 0.000348
0 289.1458 400.9173 21.9521 33.7667 0.000319
0 16.7912 16.2520 33.5823 32.5040 0.000207
0 4.3481 178.7614 8.6962 59.3219 0.000187
0 349.2090 86.7277 9.4310 17.5017 0.000156
0 459.6525 244.7603 21.8163 19.0895 0.000133
0 450.3665 243.1035 19.9579 18.9066 0.000106
0 66.9696 9.1868 36.1142 18.3078 0.000100
