0 218.8750 185.3960 16.7558 40.6269 0.900710
0 366.8932 207.6424 21.2701 41.6841 0.896780
0 155.0808 207.3030 18.2366 46.0794 0.889198
0 630.4192 505.6234 19.1160 12.7532 0.005553
0 26.6337 3.3681 14.9070 6.6797 0.005368
0 18.1295 4.0473 31.0178 8.0946 0.002389
0 620.9803 505.9899 38.0394 12.0201 0.001627
0 34.8513 3.7691 29.4237 7.5383 0.000633
0 10.9861 8.3382 21.8676 16.6763 0.000220
0 26.9725 7.5366 15.2723 15.0733 0.000118
0 634.1503 496.7722 11.6995 30.4557 0.000116
0 20.8939 8.2324 24.0384 16.4649 0.000111
