0 365.5248 173.2357 18.2555 40.1578 0.895603
0 317.0324 139.4013 12.2349 37.9493 0.877720
0 318.9681 185.3410 13.8256 38.5418 0.868293
0 208.9372 238.2427 13.1533 22.8959 0.785654
0 636.6384 502.6120 6.7231 18.7760 0.122875
0 632.4586 504.0829 15.0828 15.8342 0.014045
0 636.7579 492.5130 6.4842 38.8068 0.012028
0 349.3002 509.4292 20.8265 5.1416 0.003236
0 203.6104 237.2681 22.9852 25.2816 0.001574
0 208.7853 247.9246 14.4114 42.0952 0.000537
0 627.3545 501.9449 25.2480 19.8344 0.000489
0 337.5355 508.0646 38.7190 7.8708 0.000282
0 631.8013 492.4595 16.3974 39.0811 0.000240
0 349.8645 503.5338 21.3422 16.9324 0.000162
0 582.1138 504.1652 41.6340 15.6696 0.000135
0 636.6481 471.9177 6.7037 61.3400 0.000125
