0 395.7164 260.7664 19.3309 41.1851 0.893224
0 435.4770 227.8631 12.4163 32.6414 0.871118
0 395.7075 218.9370 12.7338 38.5291 0.867575
0 424.5499 209.6419 11.8223 30.7275 0.639425
0 427.1310 214.2651 11.5814 23.5448 0.014361
0 10.9762 500.0891 21.9523 23.6906 0.000474
0 427.5037 226.3601 18.6112 34.3832 0.000392
0 430.2013 209.5847 16.6641 32.7006 0.000306
0 419.1172 211.6973 22.0706 32.9489 0.000294
0 4.3551 83.5883 8.7103 79.4453 0.000111
0 80.0805 502.8737 36.2569 18.2526 0.000107
0 166.3119 509.2518 24.1126 5.4963 0.000106
