0 189.1710 117.7838 18.7625 33.5469 0.889241
0 145.5594 142.0802 14.1330 27.8145 0.849169
0 253.5799 132.9322 14.0448 29.8948 0.836314
0 4.0251 492.9143 8.0502 37.6915 0.021971
0 3.6730 479.3119 7.3461 28.5976 0.009996
0 8.0958 494.0142 16.1915 35.6222 0.002134
0 256.4282 509.4327 20.5463 5.1346 0.001102
0 2.8576 390.8934 5.7153 25.1204 0.000588
0 3.9951 460.7518 7.9903 64.7017 0.000518
0 7.4035 473.0240 14.5407 38.4557 0.000444
0 3.2733 380.6900 6.5465 43.2567 0.000290
0 235.8521 12.9232 21.1209 25.8463 0.000275
0 3.0405 405.5961 6.0809 58.4895 0.000219
0 139.8622 140.7038 23.0666 30.3098 0.000134
