0 24.6778 247.4450 31.8037 96.2186 0.872386
0 356.5057 293.2814 34.7520 56.6993 0.844714
0 217.0412 270.9392 30.1850 33.2372 0.810296
0 4.7410 251.4724 9.4820 86.8653 0.186631
0 629.6888 20.1280 20.6224 40.2560 0.007274
0 584.2529 3.0474 27.5234 6.0948 0.003020
0 221.2535 247.1823 41.3883 80.8857 0.002686
0 389.7558 289.8986 35.2849 27.6902 0.002505
0 12.1713 248.7517 14.6188 95.4395 0.001180
0 623.5438 13.0661 32.9124 26.1322 0.001052
0 376.8501 294.0462 60.3688 38.4910 0.001047
0 629.0504 41.0204 21.8256 82.0276 0.000797
0 598.7134 4.2239 49.4363 8.3438 0.000450
0 610.9512 15.3472 58.0976 30.6945 0.000333
0 36.2518 251.8116 11.3420 83.7362 0.000312
0 3.0483 283.9997 6.0966 129.3455 0.000300
0 620.7096 29.6528 38.5809 59.3055 0.000260
0 3.0532 223.1729 6.1064 57.2109 0.000256
0 594.0045 8.5352 45.4285 17.0704 0.000210
0 636.7080 290.3132 6.5840 98.4831 0.000185
0 573.1772 4.1073 31.6992 8.2147 0.000173
0 632.9511 389.5651 14.0978 86.6628 0.000148
0 518.7660 272.4890 39.6372 45.7842 0.000126
