0 477.7650 375.2003 19.7181 55.0793 0.900146
0 492.9266 146.7846 19.9062 48.2596 0.895205
0 410.6612 359.4592 28.8014 44.8541 0.894693
0 21.9286 21.3666 43.8572 42.6437 0.034767
0 6.5917 25.1408 13.1835 50.2816 0.001214
0 416.0810 118.3546 16.3300 53.0808 0.001002
0 10.4462 34.8305 20.8625 63.4226 0.000542
0 256.4760 26.7395 34.6317 53.4324 0.000505
0 5.5459 43.4660 11.0919 66.4799 0.000434
0 11.9553 120.7186 23.9106 112.0662 0.000305
0 238.0824 27.0072 38.1982 53.9654 0.000233
0 32.4810 8.1648 45.9269 16.3297 0.000153
0 578.5750 7.4015 33.2393 14.8031 0.000107
