0 55.9734 244.6805 24.8434 85.7050 0.879673
0 457.3764 234.3942 32.0015 70.8102 0.876101
0 349.4451 288.9255 47.0824 65.5251 0.866935
0 211.0098 240.3627 35.0375 90.9602 0.862286
0 630.6428 36.6552 18.7144 73.3105 0.000843
0 2.6645 250.1044 5.3290 66.5244 0.000668
0 580.7701 3.4426 25.0027 6.8852 0.000406
0 635.9531 43.2702 8.0938 84.4987 0.000371
0 636.5995 284.9276 6.8010 96.0342 0.000326
0 626.7894 16.5563 26.4211 32.9852 0.000296
0 633.7389 415.8129 12.5222 134.7808 0.000284
0 3.0098 300.3914 6.0196 142.1387 0.000162
0 200.5306 259.1413 23.3263 58.7040 0.000139
0 2.9765 221.4572 5.9530 82.3163 0.000128
0 635.9904 321.2843 8.0193 145.0685 0.000128
0 621.4548 34.5659 37.0903 69.1319 0.000120
0 623.0861 8.3345 33.5114 16.5671 0.000104
0 371.4764 280.0038 43.4330 54.3864 0.000104
