0 538.4446 358.7318 57.4932 185.6538 0.898228
0 361.3654 278.8828 37.5579 108.3853 0.892065
0 611.9921 403.0349 36.9146 111.1650 0.208993
0 635.9696 243.4182 8.0608 78.1653 0.001805
0 65.4078 497.7292 32.4266 27.2795 0.000716
0 513.8660 423.5702 22.5073 60.4395 0.000478
0 636.3172 476.6093 7.3656 70.0015 0.000318
0 635.4031 449.1953 9.1938 81.0417 0.000255
0 462.1988 503.4936 36.6827 17.0128 0.000185
0 634.9470 201.3330 10.1061 124.1122 0.000143
0 633.3396 430.6202 13.3208 105.5469 0.000141
0 633.7939 23.0759 12.4055 44.4487 0.000121
0 521.9930 418.4205 28.1962 72.1180 0.000111
0 632.9762 232.0712 14.0476 76.7441 0.000109
