0 207.8404 235.9137 32.5076 69.5132 0.890955
0 3.3185 285.7560 6.6371 49.5970 0.033442
0 628.6917 458.7135 21.6838 33.9142 0.008231
0 618.1575 98.0485 37.7871 35.0308 0.007784
0 3.0750 50.8635 6.1500 37.5634 0.003370
0 48.8226 93.2712 24.6535 29.9978 0.001461
0 3.7125 262.7386 7.4249 81.5511 0.000930
0 633.0657 98.4812 13.7573 36.6754 0.000673
0 6.7960 280.5524 13.5920 55.3956 0.000651
0 37.5431 505.3868 44.2959 13.2264 0.000607
0 636.0733 435.2402 7.8534 26.5833 0.000505
0 36.8666 495.6059 47.1474 32.7882 0.000429
0 27.8694 502.2808 39.1097 19.4384 0.000393
0 202.1123 497.4945 41.0178 29.0109 0.000317
0 637.1136 296.5626 5.7726 63.4889 0.000294
0 630.9105 440.6902 18.1789 26.8694 0.000292
0 636.6472 274.9176 6.7056 59.8754 0.000201
0 159.4980 3.0555 28.6667 5.9735 0.000186
0 20.7604 497.1149 39.7860 29.6904 0.000184
0 186.4977 497.5742 26.5076 28.7028 0.000168
0 636.6512 236.0565 6.6975 44.7504 0.000167
0 503.3118 6.9295 22.5514 13.6409 0.000166
0 636.5701 204.9298 6.8599 44.3762 0.000166
0 637.2523 215.6615 5.4955 37.7871 0.000156
0 84.8370 508.3469 28.4377 7.3062 0.000155
0 635.2493 107.5649 9.5014 57.4672 0.000151
0 144.4203 500.4984 32.1725 23.0033 0.000143
0 632.3865 425.6660 15.2270 29.2957 0.000141
0 633.0143 403.7773 13.8899 44.8906 0.000115
0 634.7255 414.2798 10.5490 40.1504 0.000115
0 150.8768 3.4618 32.5662 6.8791 0.000114
0 8.7486 497.0269 17.3337 29.9462 0.000107
0 215.2775 504.5544 31.0106 14.8912 0.000102
