0 273.4122 207.1544 22.1278 49.3700 0.840581
0 637.0602 342.8995 5.8796 52.9786 0.019825
0 176.9012 504.3619 23.8481 15.2761 0.006908
0 635.7829 321.1305 8.4342 81.1740 0.004276
0 636.3105 356.0216 7.3789 86.8272 0.004027
0 627.4355 158.4366 25.1121 73.4480 0.001268
0 632.7203 337.5258 14.5593 59.5111 0.001099
0 389.7424 126.9319 40.3091 68.5439 0.000796
0 158.3797 504.3624 38.4678 15.2752 0.000779
0 637.1080 387.8386 5.7841 66.7124 0.000758
0 12.3537 420.5674 24.6339 75.4507 0.000697
0 136.8871 503.9764 37.8937 16.0472 0.000468
0 627.0210 133.6501 25.7502 49.8450 0.000454
0 11.3271 403.3038 22.6543 41.0844 0.000352
0 584.9653 69.8213 29.2922 49.2010 0.000349
0 485.3369 212.2293 33.6854 86.4865 0.000257
0 452.2415 161.3586 26.7018 24.4797 0.000254
0 631.1550 318.1341 17.4780 77.9547 0.000228
0 626.7615 506.4890 26.4771 11.0220 0.000195
0 636.9192 412.6785 6.1616 51.3286 0.000173
0 383.4393 112.2156 25.4800 35.2241 0.000169
0 409.7893 291.3735 23.0368 16.5773 0.000154
0 631.5379 467.0394 16.9242 40.1115 0.000145
0 8.7513 447.2932 17.5025 129.4137 0.000131
0 633.6901 487.4229 12.6198 47.0500 0.000125
0 396.7513 112.2356 51.8043 43.3004 0.000113
0 100.3473 505.7403 28.1833 12.5193 0.000101
