0 190.2467 227.8877 28.2246 118.7637 0.879225
0 318.0505 505.8146 41.9523 12.3707 0.004582
0 497.7471 8.5709 38.1439 16.9952 0.002803
0 622.2684 351.2632 35.4633 163.4846 0.000996
0 636.3832 294.9120 7.2336 80.3350 0.000444
0 627.1749 323.0428 25.4662 111.0624 0.000329
0 635.6282 323.9661 8.7436 97.3998 0.000282
0 137.9615 506.2303 33.8171 11.5395 0.000276
0 422.8353 342.5862 27.4712 18.9050 0.000262
0 634.8829 492.3386 10.2341 39.3229 0.000220
0 347.6659 505.5103 63.4341 12.9794 0.000211
0 634.2335 86.4581 11.5330 134.0979 0.000195
0 636.2866 478.3771 7.4269 67.2458 0.000181
0 562.9764 4.4227 31.1882 8.8453 0.000160
0 190.2223 182.9710 24.3868 28.5651 0.000145
0 635.2104 454.4345 9.5792 115.1310 0.000144
0 182.4159 480.1408 36.2611 63.6681 0.000135
0 137.5322 500.5344 35.1762 22.9312 0.000125
0 305.3373 504.4998 55.8798 15.0003 0.000102
