0 374.4421 336.9714 46.4604 71.6259 0.907980
0 385.5335 284.2195 33.0353 68.7365 0.881971
0 11.7109 331.2049 23.4053 115.8005 0.874675
0 621.5071 353.0587 36.9858 101.6755 0.008071
0 635.0852 355.6380 9.8295 104.1768 0.004050
0 635.8893 330.5617 8.2215 67.9750 0.000659
0 9.3929 307.9504 18.7859 68.4761 0.000611
0 635.0590 310.6026 9.8820 56.9351 0.000530
0 4.9494 296.5642 9.8988 47.3188 0.000424
0 527.4622 504.0934 34.6468 15.8005 0.000403
0 198.0833 295.4701 15.6938 26.0309 0.000387
0 635.8358 475.5036 8.3284 55.5315 0.000368
0 458.4743 487.5344 30.3440 48.9268 0.000332
0 515.1793 502.8892 29.9669 18.2216 0.000309
0 633.6586 293.8855 12.6827 72.1979 0.000301
0 636.7582 259.5704 6.4835 85.6764 0.000297
0 612.3409 341.0458 29.9280 68.8337 0.000277
0 7.0909 438.8614 14.1819 85.5803 0.000257
0 634.8566 488.2902 10.2869 41.4413 0.000222
0 633.2270 496.9763 13.5460 30.0475 0.000216
0 636.1053 432.9004 7.7893 88.3747 0.000189
0 420.9621 505.7638 28.8330 12.4724 0.000180
0 627.5571 288.2311 24.8103 72.3726 0.000168
0 624.5668 322.0931 30.8663 48.7933 0.000162
0 10.0591 378.3475 20.1183 141.8543 0.000160
0 77.3515 508.0410 34.9018 7.9181 0.000146
0 6.5834 471.5799 13.1669 76.0743 0.000126
0 425.8836 499.0168 31.8829 25.9663 0.000125
0 181.7273 9.1300 35.4139 18.2600 0.000112
0 369.7829 506.1784 26.1285 11.6432 0.000102
0 287.2030 274.1741 18.0368 81.5502 0.000101
