0 600.7516 281.2947 41.8794 99.5801 0.885755
0 145.5560 341.2471 46.2457 114.1451 0.882408
0 334.5519 296.0787 30.8723 64.4982 0.864707
0 3.9462 494.8296 7.8924 34.3408 0.009640
0 16.4546 501.1552 32.9092 21.6896 0.005114
0 12.4123 486.8324 24.8246 50.3352 0.005059
0 65.7499 498.7892 37.8297 26.4217 0.004822
0 236.7065 506.7365 31.4523 10.5269 0.004303
0 628.3600 202.2777 23.2799 60.6481 0.004162
0 3.5684 476.3370 7.1368 71.3259 0.004021
0 69.1756 507.1499 30.1590 9.7001 0.003296
0 620.7341 210.6168 38.4927 72.9719 0.002422
0 76.3827 496.8937 34.9861 30.2126 0.001290
0 44.5226 499.1071 76.6382 25.7857 0.001287
0 36.5877 27.3906 30.1861 54.7811 0.001269
0 226.4776 505.8250 43.0679 12.3500 0.001227
0 563.3586 498.7211 41.3480 26.5579 0.000795
0 67.5420 486.0793 42.0168 51.8414 0.000634
0 634.0725 187.0394 11.8549 68.7311 0.000592
0 23.3077 27.4071 46.6153 54.7758 0.000510
0 125.5475 470.4082 38.4739 83.0255 0.000499
0 141.0442 494.6667 60.3461 34.5741 0.000464
0 141.2846 503.8452 53.3310 16.3096 0.000421
0 635.6271 497.2751 8.7458 28.9542 0.000367
0 239.6804 258.3248 20.3808 35.2031 0.000364
0 573.2826 500.5498 28.5486 22.9003 0.000356
0 246.6376 503.8247 44.3137 16.2546 0.000354
0 6.2543 19.7658 12.5087 39.2290 0.000331
0 142.6793 472.6837 64.5526 78.6325 0.000308
0 636.2273 274.7607 7.5455 81.6484 0.000304
0 236.3751 496.7805 30.6786 30.4389 0.000266
0 220.1468 501.5425 46.8570 20.8588 0.000262
0 635.9412 476.7153 8.1177 68.8346 0.000251
0 87.2147 503.0672 48.4785 17.8655 0.000235
0 630.4125 240.9333 19.1749 119.2341 0.000229
0 316.8874 7.9193 25.3668 15.8360 0.000214
0 326.2188 284.2308 16.7384 40.8569 0.000212
0 625.4010 466.7589 29.1313 73.1753 0.000205
0 80.9203 482.0424 36.4725 59.9153 0.000202
0 392.7246 3.7351 21.9297 7.4042 0.000175
0 209.3025 503.8401 39.0237 16.3199 0.000173
0 47.0184 484.7353 68.1454 54.5294 0.000170
0 10.4955 460.6848 20.9910 102.6303 0.000166
0 634.4097 258.9395 11.1807 105.4326 0.000154
0 4.8831 389.0757 9.7662 118.9505 0.000144
0 502.2831 495.8954 33.5174 32.2092 0.000142
0 356.5614 290.4145 24.6260 55.1938 0.000137
0 512.3473 499.9085 46.8046 24.1830 0.000130
0 552.2053 502.2429 38.2339 19.5142 0.000126
0 636.5936 409.3926 6.8128 76.5421 0.000119
0 123.8481 494.7053 39.7635 34.3907 0.000117
0 197.9804 500.4118 40.1796 23.0635 0.000114
0 92.7401 490.1312 61.3371 43.6523 0.000107
0 16.8288 387.4351 33.6576 117.4100 0.000103
0 633.1263 283.0634 13.6272 66.8804 0.000101
0 324.0192 497.8332 39.2921 28.3185 0.000101
