0 282.7442 218.3279 50.7539 127.7785 0.907481
0 444.2782 213.3915 46.6697 156.2150 0.890362
0 6.2245 70.0137 12.4491 94.2290 0.128741
0 8.0110 339.2067 16.0220 86.0834 0.007444
0 6.1279 122.1884 12.2557 74.2925 0.004902
0 6.8085 312.3184 13.6169 76.6200 0.001849
0 231.2318 6.8302 36.9034 13.6604 0.000831
0 4.5872 42.4454 9.1745 75.0110 0.000533
0 236.7924 204.1887 28.6191 41.3404 0.000448
0 298.8725 507.7477 34.6759 8.5045 0.000376
0 8.9960 290.9348 17.9921 121.2117 0.000362
0 5.7507 147.6570 11.5014 82.2372 0.000264
0 382.9392 508.0201 37.4260 7.9597 0.000202
0 310.9222 507.0108 32.2709 9.9061 0.000195
0 216.3008 6.8163 45.5382 13.4120 0.000139
0 281.1419 508.4102 41.2927 7.0571 0.000126
0 17.0262 289.0239 34.0525 131.2884 0.000104
