0 253.7588 265.4262 43.5146 107.9479 0.874444
0 325.5102 297.1097 28.2906 93.2013 0.851523
0 347.5403 256.7472 28.5881 42.0822 0.823680
0 6.2811 199.9390 12.5622 52.9981 0.056569
0 6.2158 187.6798 12.0946 25.1269 0.046426
0 635.9049 423.5259 8.1902 64.2915 0.008298
0 636.1167 459.3689 7.7666 101.0794 0.005630
0 624.8217 336.1768 25.5427 74.6323 0.005569
0 516.3779 481.6180 22.8999 60.5449 0.004849
0 7.5576 218.4062 15.1151 85.7428 0.003884
0 636.5071 482.4919 6.9858 57.1421 0.003158
0 5.9208 175.4489 11.5672 50.1343 0.001831
0 377.3165 506.3040 28.3456 11.3920 0.001642
0 632.5184 451.0249 14.9558 111.0690 0.000723
0 636.1944 398.0659 7.6112 85.6344 0.000605
0 630.7833 482.7799 18.3738 57.9946 0.000508
0 283.2253 191.6059 20.8372 27.4391 0.000457
0 365.7237 506.3721 36.0419 11.2559 0.000426
0 631.8922 406.3106 16.2155 78.9287 0.000409
0 7.4423 318.7538 14.8846 84.6736 0.000388
0 12.4874 189.8748 23.9727 26.5268 0.000346
0 527.0205 500.4039 41.9636 23.1921 0.000326
0 266.3944 504.8962 16.7359 14.2075 0.000313
0 579.4467 469.2167 45.2050 85.5665 0.000308
0 12.9607 202.0235 25.6125 52.0302 0.000275
0 327.6373 500.1996 21.8940 23.4124 0.000236
0 4.3847 239.4540 8.7695 109.6276 0.000234
0 19.3577 315.2406 37.2921 94.8658 0.000183
0 628.4869 317.6273 21.1157 40.1581 0.000167
0 588.2992 437.3406 19.1089 23.3443 0.000164
0 621.2878 482.3220 37.4244 58.8558 0.000153
0 255.8219 228.8684 33.8575 37.3986 0.000132
0 331.3537 325.5138 34.8195 38.3726 0.000122
0 327.7516 266.4937 27.9556 35.9981 0.000120
0 144.0326 6.8890 34.2275 13.7779 0.000119
0 594.4041 473.7597 43.4031 76.4806 0.000103
