0 184.9985 313.3522 54.4058 166.4172 0.904739
0 258.0844 263.3062 17.9902 67.2850 0.839956
0 317.0510 295.9621 21.3293 36.6898 0.797739
0 24.7305 249.1024 21.5685 49.9262 0.656442
0 594.9850 428.7542 32.2323 62.1774 0.334858
0 368.1606 402.3612 20.0289 31.2707 0.028986
0 635.4783 364.8262 9.0435 108.6322 0.022588
0 20.2306 272.4806 28.9699 96.7544 0.005568
0 297.3882 273.6359 13.8301 42.5504 0.004653
0 9.7696 251.3638 19.4901 58.8685 0.001168
0 636.1649 414.4922 7.6702 65.4806 0.001071
0 4.0495 243.7827 8.0622 63.8288 0.000913
0 632.3707 349.2690 15.0503 73.9078 0.000802
0 600.0454 451.7575 41.8950 110.1782 0.000750
0 32.6570 272.9474 35.8328 98.7607 0.000626
0 2.7014 222.9660 5.4029 64.5657 0.000424
0 163.4547 249.0929 24.5603 33.4867 0.000364
0 635.9084 329.3149 8.1830 72.9904 0.000294
0 2.8357 181.3222 5.6714 78.3750 0.000294
0 17.2275 245.6721 29.8485 54.4536 0.000260
0 12.7803 290.1156 25.5606 102.0006 0.000234
0 633.6490 217.2203 12.5410 79.4727 0.000215
0 172.2166 242.2710 23.9350 22.2045 0.000206
0 632.8969 401.6021 14.1440 91.7772 0.000179
0 636.1385 445.0703 7.7228 112.4248 0.000152
0 355.2799 500.9453 30.0066 22.0170 0.000141
0 300.9339 304.1923 14.7485 35.0557 0.000140
0 33.2713 248.1084 35.9574 54.2896 0.000101
