0 316.6563 245.0166 37.9414 110.6740 0.884358
0 287.5096 168.3015 30.5840 47.9893 0.766190
0 631.2288 487.6945 17.5424 48.6109 0.001246
0 312.0645 203.3809 28.2844 26.7203 0.001193
0 186.5105 178.4297 8.7618 24.3317 0.000648
0 295.6756 190.0568 26.1187 61.8211 0.000545
0 633.3623 469.2036 13.2755 75.3053 0.000228
0 620.0075 485.0787 39.9850 53.2953 0.000212
0 317.5134 215.2061 35.7770 51.2945 0.000202
0 278.7053 162.2317 40.8721 41.2844 0.000201
0 218.5804 135.4435 21.3461 58.2046 0.000146
0 633.8578 343.8397 12.2844 84.7412 0.000143
0 298.4777 169.1444 30.6964 49.7928 0.000141
0 306.4911 187.8153 28.0528 43.7199 0.000128
0 173.4196 104.6115 22.4087 19.8954 0.000128
0 634.5060 367.5792 10.9880 50.6753 0.000126
0 348.7147 504.6111 37.0872 14.7777 0.000125
0 635.1766 424.1501 9.6467 145.9288 0.000122
0 509.1656 508.3567 47.5227 7.2866 0.000122
0 175.6119 139.5993 21.9172 88.8027 0.000120
0 173.2363 4.7952 29.9550 9.5905 0.000106
