0 336.6298 215.1970 35.9622 77.3232 0.906096
0 521.0792 214.9869 23.4189 52.8903 0.024234
0 628.2501 205.9870 23.1609 31.0217 0.007960
0 354.1389 394.2828 41.1226 78.6986 0.006876
0 8.3507 330.1817 16.7014 62.8533 0.005842
0 628.0992 219.9811 23.8016 55.9236 0.005136
0 513.9157 493.9381 31.0917 36.1238 0.004993
0 258.4582 6.4017 37.0023 12.8034 0.003590
0 376.8492 235.7643 20.0762 26.5071 0.003419
0 6.9973 310.3159 13.9946 47.8297 0.002588
0 463.4777 502.8037 25.2750 18.3926 0.002000
0 397.1992 506.3431 36.7434 11.3138 0.001622
0 636.8436 194.0398 6.3129 46.1642 0.001333
0 475.6350 501.9803 40.6688 20.0394 0.001080
0 409.0207 506.7166 38.6104 10.5667 0.000947
0 469.3320 496.3687 33.2212 31.1815 0.000762
0 244.5529 5.9463 33.8141 11.8926 0.000616
0 385.8624 475.1669 25.0663 49.9954 0.000597
0 189.0963 142.6669 19.2927 49.7720 0.000596
0 7.7970 289.7790 15.5941 71.5845 0.000555
0 278.6539 6.9020 38.1810 13.8040 0.000481
0 491.4553 493.8323 61.7402 36.2833 0.000396
0 4.8508 79.2579 9.7015 128.0301 0.000363
0 331.6538 182.7560 16.1729 28.1763 0.000328
0 326.1022 181.5136 18.5228 28.4669 0.000254
0 630.3983 189.9569 18.2439 54.9395 0.000224
0 4.9420 13.6956 9.8840 27.3912 0.000224
0 448.0369 501.7815 52.2007 20.4370 0.000216
0 214.7456 189.6269 12.2095 50.6367 0.000197
0 410.7580 493.1899 43.0858 37.0889 0.000154
0 13.1580 12.6853 26.2181 25.3350 0.000145
0 624.6984 194.2466 20.9023 43.0999 0.000140
0 637.4279 172.5309 5.1442 68.3609 0.000129
0 12.1975 317.1149 24.3513 36.6361 0.000126
0 202.7576 507.0645 19.8311 9.8709 0.000123
0 387.9214 495.7870 34.0037 32.4260 0.000122
0 637.0587 304.9843 5.8827 87.2704 0.000119
0 531.7377 500.2742 45.0940 23.4516 0.000114
0 455.3688 494.9647 39.7726 34.0707 0.000111
0 13.0581 303.2926 26.1163 49.3769 0.000107
0 6.2336 351.4901 12.4672 118.7002 0.000101
