0 262.6652 166.1582 54.8364 79.7098 0.895028
0 519.4252 248.1099 25.0481 28.1096 0.001940
0 4.5897 188.6158 9.1793 100.0760 0.001790
0 5.5160 40.8354 11.0320 71.2329 0.001155
0 519.7584 278.6705 25.2032 90.0291 0.000972
0 6.0364 209.9607 12.0728 66.9744 0.000892
0 12.0447 28.4542 24.0893 54.3611 0.000806
0 10.9394 50.4657 21.8787 84.0995 0.000548
0 7.1983 19.7594 14.3966 39.5188 0.000530
0 12.5984 11.6923 25.1967 23.3846 0.000446
0 4.3268 157.8200 8.6536 47.1407 0.000426
0 627.0050 318.7344 25.9900 100.9612 0.000409
0 633.0930 481.1981 13.8141 61.6039 0.000352
0 635.0733 462.3239 9.8534 93.5076 0.000330
0 312.4654 78.0747 29.8285 61.5299 0.000298
0 556.2859 505.8595 32.4912 12.2811 0.000271
0 9.7939 189.5441 19.5878 105.2008 0.000246
0 28.3845 27.0468 51.6312 41.4537 0.000234
0 507.0669 279.9529 47.5203 99.4767 0.000232
0 620.7771 307.5159 22.9431 61.7498 0.000231
0 5.2858 243.0647 10.5716 102.6409 0.000199
0 39.0213 27.8001 33.8420 32.3537 0.000199
0 4.4158 73.1503 8.8316 108.3115 0.000196
0 635.5602 172.7133 8.7698 32.5541 0.000196
0 549.9868 502.8335 33.4678 18.3331 0.000175
0 129.2302 4.7163 24.3962 9.4325 0.000130
0 66.2402 506.3893 34.8550 11.2215 0.000121
