0 47.0088 285.2240 34.0417 68.0319 0.870235
0 366.9510 286.1915 38.0024 165.9850 0.834250
0 401.1597 323.1362 101.4200 92.1249 0.661519
0 541.1254 248.1470 32.3066 56.0284 0.064491
0 3.9567 281.7250 7.9133 62.0885 0.014382
0 4.8681 260.1626 9.7362 90.5124 0.012476
0 541.0009 202.5912 34.9651 116.4618 0.003000
0 7.6401 280.0995 15.2435 64.7673 0.002240
0 533.0924 236.0265 49.0544 75.0410 0.001472
0 420.2027 311.3307 68.8871 69.4026 0.000754
0 3.2905 308.9330 6.5811 108.5026 0.000403
0 625.1897 67.4270 29.6077 47.0589 0.000383
0 591.8251 236.5300 31.9700 73.1811 0.000318
0 2.4870 180.9688 4.9740 73.4836 0.000255
0 5.0987 233.3977 10.1974 56.4309 0.000202
0 523.0941 208.8938 66.4497 129.6490 0.000166
0 579.5598 234.7933 36.7329 75.4026 0.000127
0 636.6097 383.1382 6.7805 109.5812 0.000121
0 396.6870 386.5725 90.2685 227.6640 0.000116
