0 412.6589 264.0550 33.5548 97.0079 0.899508
0 163.0190 240.2031 56.2736 130.4290 0.890806
0 219.6224 155.7651 22.9184 45.1826 0.838822
0 526.8584 209.8285 41.9993 41.4273 0.007294
0 632.1533 350.8856 15.6934 77.4500 0.002090
0 538.4901 210.6421 22.9246 41.6972 0.001534
0 197.4119 506.1297 31.6057 11.7407 0.001317
0 635.6051 367.4158 8.7898 92.7649 0.000644
0 3.9479 279.1673 7.8958 140.0707 0.000371
0 636.1337 409.8381 7.7325 92.7068 0.000315
0 208.7885 504.1618 54.4785 15.6764 0.000274
0 3.7062 356.1244 7.4124 138.1791 0.000260
0 623.8177 142.8300 32.3645 100.4070 0.000250
0 181.9331 505.4891 56.6429 13.0217 0.000211
0 56.7259 221.4156 30.1127 34.8341 0.000154
0 60.6278 263.8118 40.4926 121.1470 0.000142
0 198.0986 500.0498 33.2197 23.9005 0.000136
0 477.5477 76.7763 13.4401 57.6180 0.000116
0 631.4539 451.4098 17.0922 117.0867 0.000102
