0 461.3762 298.0048 48.1940 58.2858 0.899112
0 196.9264 234.6655 42.5925 137.3630 0.875935
0 563.2086 214.4111 45.2727 51.3671 0.010694
0 6.0766 278.4986 12.1532 191.6904 0.007890
0 5.0912 377.3083 10.1824 206.1562 0.002794
0 250.7291 165.1669 24.9255 23.5949 0.001343
0 75.1770 219.2616 35.5715 34.7448 0.000535
0 68.2317 12.7073 29.3120 25.4147 0.000353
0 14.7797 278.9362 29.4621 197.6046 0.000346
0 14.2944 35.4529 28.4415 70.9058 0.000340
0 15.1298 80.8771 30.2596 99.7807 0.000310
0 10.3090 6.6549 20.5326 13.3098 0.000289
0 634.6815 102.3348 10.4775 80.8857 0.000257
0 80.6659 252.6366 52.8129 106.8611 0.000245
0 8.1791 320.5754 16.1855 154.5402 0.000226
0 107.6766 334.7073 99.1710 222.1994 0.000205
0 17.1778 378.5097 34.3556 213.1676 0.000173
0 562.1263 195.6829 43.8701 60.9926 0.000137
0 636.2317 87.7378 7.5366 62.3273 0.000119
0 625.4248 361.9788 29.1348 76.8754 0.000117
0 3.7298 252.9120 7.4595 202.1674 0.000112
