0 281.0329 218.4956 80.2754 174.0859 0.893275
0 455.0414 253.7490 65.3497 213.0266 0.875888
0 306.3436 187.3457 31.5215 106.7458 0.045996
0 61.7809 505.1323 35.6854 13.7355 0.004499
0 600.7143 384.9388 24.9230 24.4457 0.003699
0 209.0469 5.6107 38.7156 11.2214 0.003507
0 418.4739 6.4526 54.2406 12.8769 0.002924
0 435.5086 6.2036 26.6974 12.3918 0.002164
0 79.1821 505.2554 39.1072 13.4893 0.000988
0 222.7968 5.4625 40.6784 10.7746 0.000852
0 52.0767 342.8243 29.0598 82.7627 0.000580
0 151.3115 168.3830 32.9136 38.2018 0.000566
0 5.0972 450.7076 10.1944 111.3018 0.000484
0 54.0545 502.6182 53.2831 18.7636 0.000432
0 88.6822 503.5398 36.9524 16.8505 0.000417
0 14.0087 422.2043 27.9534 63.3197 0.000393
0 7.8709 506.0912 15.7418 11.8176 0.000385
0 636.8683 228.2657 6.2633 80.8179 0.000362
0 429.6183 497.7621 45.5074 28.4759 0.000339
0 282.7780 170.0287 73.8840 73.4099 0.000304
0 425.3045 504.8769 47.5099 14.2462 0.000303
0 98.5325 505.5006 39.6047 12.9987 0.000263
0 6.7974 498.4093 13.5778 27.1814 0.000240
0 449.9445 165.4438 34.9979 38.9050 0.000239
0 451.3009 9.6136 52.2671 19.1746 0.000239
0 410.8177 9.9977 71.5219 19.9953 0.000237
0 13.6634 507.7064 26.8105 8.5873 0.000232
0 196.9447 7.0849 61.8103 14.1697 0.000217
0 7.5354 412.7404 15.0707 63.7898 0.000211
0 556.2307 3.2631 27.3583 6.5262 0.000207
0 593.0000 6.3089 36.2063 12.6177 0.000202
0 3.1157 112.2004 6.2314 62.6830 0.000201
0 44.2458 506.9672 57.0182 10.0657 0.000194
0 65.8829 499.0930 37.3207 25.7880 0.000193
0 631.9305 227.2873 16.1389 83.7509 0.000188
0 209.4580 15.5511 40.3252 31.1023 0.000172
0 115.7812 506.6793 31.6370 10.6414 0.000162
0 260.9033 506.4341 40.8714 11.1318 0.000150
0 8.4187 186.3968 16.8374 142.1552 0.000150
0 371.6313 7.4809 40.3236 14.7970 0.000146
0 150.3427 188.4011 29.8195 77.5012 0.000146
0 377.3276 17.4353 35.5106 31.2727 0.000139
0 3.7168 93.3820 7.4336 81.1024 0.000135
0 403.8616 227.0978 32.7804 29.6237 0.000122
