0 460.5631 227.4263 63.4626 176.3269 0.823506
0 393.8220 193.8181 28.2780 110.2694 0.556821
0 106.5464 49.9025 42.4573 81.9729 0.398325
0 411.5170 194.7460 62.9376 123.7780 0.059078
0 105.8073 25.1234 42.2264 46.7188 0.010747
0 564.9670 4.6893 29.1337 9.3771 0.009402
0 149.3490 4.7277 27.8085 9.4537 0.004679
0 554.9309 5.1429 36.8860 10.2550 0.003824
0 158.3024 19.4448 35.4438 38.7948 0.001915
0 157.1897 6.6063 36.7439 13.2127 0.001548
0 345.9039 22.1215 52.6262 44.2277 0.000929
0 109.2710 12.2790 35.0911 24.3507 0.000913
0 577.8326 5.6086 51.4514 11.1381 0.000575
0 138.8888 5.1489 33.5902 10.2606 0.000480
0 3.7557 47.7211 7.5113 85.7524 0.000414
0 15.3653 8.6580 29.5105 17.3160 0.000353
0 540.3351 4.5095 56.1936 8.9787 0.000351
0 447.1134 506.9294 26.1196 10.1412 0.000348
0 6.7547 22.0408 13.5018 44.0817 0.000341
0 389.7173 216.7358 17.0741 64.1321 0.000331
0 415.8738 168.4670 52.9994 69.5822 0.000323
0 116.3653 8.1164 32.7568 15.9566 0.000241
0 269.3481 6.1203 39.9650 12.2405 0.000216
0 434.4510 506.2751 52.1530 11.4498 0.000208
0 92.2243 502.2946 29.6348 19.4108 0.000206
0 637.4170 294.2528 5.1661 95.1017 0.000168
0 555.1890 12.9101 37.6902 25.6107 0.000144
0 546.4881 262.1983 37.0370 96.6208 0.000141
0 4.3934 431.1166 8.7867 83.5938 0.000139
0 365.5572 6.4579 35.4513 12.8414 0.000138
0 8.6273 406.3391 17.2547 75.7614 0.000138
0 75.3044 495.3367 59.8890 32.6353 0.000132
0 15.3985 24.2505 30.6217 48.5010 0.000130
0 429.2343 201.1642 27.8551 110.8018 0.000127
0 87.5250 6.2293 49.8135 12.4585 0.000125
0 400.5944 171.1715 41.4528 74.2982 0.000119
0 332.1529 10.5825 50.7139 21.0054 0.000118
0 478.5692 506.8521 25.9561 10.2958 0.000108
0 381.6518 505.7489 52.8290 12.5023 0.000107
0 363.2881 484.9770 32.4606 54.0460 0.000103
