0 415.0453 230.7395 68.1023 183.1952 0.882932
0 394.6224 202.8674 31.5830 115.6772 0.046843
0 555.9832 9.6298 32.4629 19.2595 0.026429
0 433.7799 182.7869 31.3358 90.9317 0.010450
0 16.9240 444.4021 33.8481 108.1420 0.010393
0 362.7901 4.3214 25.9452 8.6428 0.004023
0 537.2198 9.5268 60.6277 18.9956 0.003555
0 84.3253 504.1130 27.5219 15.7740 0.002633
0 194.0226 492.2963 28.0418 39.4074 0.002117
0 214.5159 4.7211 31.4433 9.4421 0.001186
0 214.9038 492.0805 58.7896 39.6412 0.001123
0 7.9165 32.8686 15.8330 65.7371 0.000893
0 18.8886 417.4753 37.1370 53.3002 0.000832
0 433.5606 506.8177 47.7687 10.3646 0.000682
0 19.5617 405.2125 30.5040 29.4664 0.000381
0 251.3125 496.5190 47.9340 30.9603 0.000342
0 344.6072 6.1968 51.5082 12.2417 0.000299
0 68.7550 501.8596 47.8926 20.2809 0.000291
0 15.0148 14.9525 30.0296 29.8340 0.000268
0 636.0316 21.2669 7.9369 42.2774 0.000255
0 414.0778 507.2075 49.0269 9.5850 0.000249
0 171.1682 489.4027 71.5038 45.1946 0.000235
0 234.8112 494.6351 42.2408 34.1512 0.000234
0 230.7853 5.6893 52.5674 11.3787 0.000214
0 517.6516 6.0551 42.0325 12.0726 0.000194
0 220.6367 7.5748 30.6467 15.1495 0.000166
0 367.6757 7.7843 33.7678 15.5686 0.000161
0 378.9502 5.0464 49.8829 10.0927 0.000148
0 635.4318 107.6621 9.1364 49.7790 0.000144
0 633.7694 127.8090 12.4612 87.4852 0.000141
0 592.2175 7.1158 33.6794 14.1751 0.000115
0 60.5246 495.4651 40.4588 32.9083 0.000109
0 387.3439 211.0049 19.5227 98.8421 0.000105
0 140.8437 503.9008 38.8435 16.1320 0.000104
