0 303.9390 191.4339 31.5271 101.2927 0.875313
0 268.4833 241.7880 56.5369 163.8738 0.874507
0 4.3726 492.6668 8.7453 38.6664 0.037054
0 15.2682 496.6967 29.9428 30.4237 0.012105
0 237.6118 5.1062 26.8572 10.1955 0.008938
0 32.9290 496.8842 48.0573 30.0908 0.005844
0 14.8640 28.7665 29.7281 56.6239 0.004948
0 14.0785 14.4147 28.1570 28.6845 0.002176
0 8.7580 491.7497 17.4673 40.2174 0.002014
0 533.4907 5.2510 34.5745 10.5020 0.001892
0 3.8358 478.6563 7.6716 66.6874 0.001857
0 412.0715 16.0910 44.7423 32.1550 0.001726
0 471.4732 502.9127 25.6906 18.1746 0.001393
0 480.9961 501.6884 33.9429 20.6231 0.001312
0 50.0353 495.0411 23.2625 33.5934 0.000951
0 242.5219 7.6957 34.6766 15.3914 0.000816
0 542.4132 9.1222 43.5549 18.2246 0.000449
0 44.8018 277.9805 18.6540 17.4830 0.000405
0 308.0684 3.9146 30.7677 7.8293 0.000374
0 11.3319 47.4850 22.6639 85.2785 0.000249
0 490.6375 505.6288 40.7018 12.7425 0.000236
0 461.4377 505.7923 39.2304 12.4153 0.000225
0 90.5706 506.2628 32.2061 11.4745 0.000222
0 227.2810 8.1152 46.9343 16.2304 0.000195
0 519.0662 4.7969 48.3230 9.5382 0.000180
0 423.2492 11.3019 53.3115 22.5354 0.000156
0 582.6491 507.5707 36.3746 8.6530 0.000146
0 191.1429 4.7156 34.1792 9.4313 0.000140
0 103.3898 5.1062 31.5559 10.0819 0.000124
0 276.0402 506.4516 43.6291 11.0969 0.000115
0 4.7499 419.6703 9.4997 65.1403 0.000112
0 90.0380 501.0728 34.4605 21.7635 0.000106
0 212.8376 5.4129 50.4258 10.8074 0.000105
0 59.0239 501.3777 34.1618 21.0260 0.000100
