0 402.1716 205.7469 61.1960 179.5403 0.862824
0 522.5537 124.5000 26.4924 24.3671 0.342209
0 523.2511 135.9612 27.8446 47.1336 0.031725
0 577.2217 8.6587 55.8850 17.3173 0.005876
0 591.7728 5.6674 29.2136 11.3348 0.005818
0 560.8336 10.8452 28.8842 21.5959 0.003806
0 132.0470 7.0921 27.8663 14.1842 0.003590
0 588.6415 27.0538 34.4761 54.1076 0.002796
0 423.1037 15.2998 45.6912 30.5996 0.001609
0 631.4520 4.8450 17.0959 9.6876 0.000896
0 125.1435 10.9933 41.2691 21.9866 0.000807
0 108.1681 111.5889 20.8246 20.5690 0.000755
0 513.7575 126.8395 37.3932 29.6042 0.000744
0 548.8174 10.8124 40.9983 21.5796 0.000563
0 382.8401 177.0453 23.3877 92.9323 0.000492
0 535.6048 126.1313 53.0675 28.3917 0.000487
0 334.0113 6.5451 29.6696 13.0903 0.000466
0 268.8129 4.4620 24.9568 8.9240 0.000459
0 529.7306 14.8110 31.6511 28.9307 0.000405
0 634.5880 12.5962 10.8240 25.1923 0.000395
0 142.3535 11.2320 49.5867 22.4640 0.000361
0 532.4582 143.5879 45.6362 61.5153 0.000357
0 615.9832 5.1778 44.8127 10.3555 0.000347
0 394.8453 18.3182 41.7974 36.6363 0.000294
0 115.3050 6.2827 50.2013 12.5654 0.000256
0 602.3475 15.0187 50.7554 30.0373 0.000240
0 387.0174 129.2176 30.4988 96.0016 0.000238
0 52.9210 29.5482 47.3265 59.0964 0.000207
0 22.0660 9.3966 44.1321 18.7931 0.000177
0 172.9636 13.4316 38.0088 26.8631 0.000172
0 385.1694 20.5189 24.4784 35.0732 0.000164
0 384.9649 148.3367 26.0824 53.8718 0.000162
0 127.5288 494.1869 27.7914 35.6262 0.000161
0 4.5605 244.1669 9.1210 74.5045 0.000157
0 409.3593 16.2638 26.3162 32.5275 0.000152
0 636.4360 50.0181 7.1279 62.7698 0.000132
0 314.5715 6.2758 42.1967 12.5515 0.000122
0 4.0308 477.1101 8.0616 44.7653 0.000113
0 631.2147 20.4698 17.5707 40.9395 0.000108
