0 63.1891 424.1429 126.3781 174.8508 0.840348
0 4.1297 61.8997 8.2595 45.9066 0.013175
0 4.1805 85.6380 8.3610 78.6963 0.009939
0 17.7613 422.4649 35.3660 152.3715 0.002255
0 311.1724 252.1671 46.1625 62.3266 0.001005
0 8.9766 419.5982 17.9532 135.1338 0.000851
0 5.7547 382.4109 11.5094 101.8404 0.000684
0 3.4207 114.4019 6.8414 95.1343 0.000511
0 13.2069 383.3143 26.4139 105.9839 0.000422
0 7.6578 92.8381 15.3156 97.6807 0.000391
0 140.2948 3.3691 18.6178 6.7381 0.000306
0 147.0118 3.2404 19.4947 6.4808 0.000251
0 4.3437 41.1527 8.6875 78.9991 0.000189
0 32.4035 422.1753 64.8069 173.1781 0.000181
0 109.5520 463.4244 57.5909 96.7572 0.000145
0 581.2057 501.0940 38.1260 21.8121 0.000125
0 637.1891 150.4852 5.6217 79.8713 0.000118
0 7.6413 66.9630 15.2692 40.5064 0.000115
0 592.4929 505.2072 44.5493 13.5857 0.000112
0 29.1642 8.0139 25.0007 16.0037 0.000103
