0 344.7525 237.5652 47.7621 79.5654 0.912160
0 4.9666 354.7454 9.9331 179.1207 0.086096
0 4.9471 441.8374 9.8943 140.3251 0.046581
0 29.1366 55.1503 14.4623 32.1793 0.035913
0 19.5499 54.9127 33.7052 34.1372 0.005227
0 630.3049 471.4414 19.3903 50.3287 0.003043
0 10.8053 341.0551 21.6107 205.5045 0.002801
0 7.3949 385.5040 14.7899 129.9121 0.002795
0 3.3766 52.2796 6.7532 34.7410 0.002382
0 11.0021 443.8106 22.0042 136.3788 0.002266
0 8.9873 59.4435 17.9522 45.5626 0.000613
0 18.1015 70.8309 36.0831 64.5679 0.000546
0 637.0795 169.4672 5.8411 66.7781 0.000388
0 24.7920 448.6762 49.5841 126.6475 0.000331
0 5.3254 193.0296 10.6509 70.8998 0.000225
0 2.9952 240.6265 5.9903 134.5997 0.000223
0 4.4426 268.4987 8.8852 87.7589 0.000167
0 636.1898 194.6657 7.6203 98.2632 0.000139
0 18.7319 390.9406 37.4638 116.9908 0.000127
0 614.3053 169.9179 33.4082 59.1197 0.000111
0 116.5807 5.4453 21.7351 10.8907 0.000106
0 22.5651 343.6295 45.1303 198.8438 0.000103
