0 336.2180 230.6979 56.5217 88.0684 0.913657
0 15.2145 56.5915 27.0598 34.3726 0.329054
0 637.1957 145.0685 5.6087 101.4286 0.020059
0 3.4258 448.6196 6.8517 126.0737 0.011586
0 2.6624 415.3789 5.3248 110.5444 0.005898
0 2.9675 364.8587 5.9350 150.6541 0.003686
0 636.8070 178.1938 6.3859 92.1349 0.001565
0 14.0314 71.8060 27.9957 64.5036 0.000714
0 8.2003 448.0712 16.4006 127.8576 0.000575
0 631.8709 146.1175 16.2582 106.2665 0.000521
0 3.4964 180.8098 6.9929 67.5834 0.000521
0 365.0020 102.6388 16.4662 27.5578 0.000387
0 636.5571 475.3514 6.8859 62.2084 0.000312
0 3.5932 213.1883 7.1864 110.1960 0.000270
0 9.2375 48.9486 18.4749 49.0683 0.000261
0 636.7155 337.9849 6.5690 86.7208 0.000227
0 624.4860 463.1337 30.9021 44.9387 0.000227
0 636.8253 97.5915 6.3304 85.6604 0.000222
0 632.6219 501.7534 14.7360 20.3257 0.000207
0 10.4737 341.9115 20.9474 199.5076 0.000188
0 636.1773 270.4723 7.6454 112.0413 0.000162
0 635.9536 205.4081 8.0929 110.1821 0.000161
0 636.0356 309.9000 7.9288 118.9978 0.000138
0 380.7090 78.0593 10.7415 22.8248 0.000135
0 383.1903 502.1953 41.5945 19.6094 0.000119
0 21.3734 51.2876 18.1312 42.2024 0.000108
0 481.6262 3.0557 20.5432 6.1113 0.000104
