0 430.4202 259.2715 25.0553 27.1435 0.840318
0 221.3036 276.2341 17.4182 47.3585 0.765288
0 597.8389 6.8509 36.6377 13.6728 0.002336
0 637.4594 258.8904 5.0814 142.9759 0.001687
0 360.3659 280.0023 21.7945 17.9154 0.001425
0 360.8316 270.4258 22.2025 35.6085 0.001186
0 635.3079 232.4266 9.3842 107.3724 0.000448
0 637.3963 431.0295 5.2074 84.0652 0.000441
0 2.9207 353.9135 5.8414 105.9387 0.000376
0 584.1060 6.2637 41.3254 12.5273 0.000318
0 139.8833 508.5312 27.5366 6.9376 0.000298
0 2.7917 315.4984 5.5833 85.2368 0.000239
0 623.9664 245.5764 32.0673 147.0459 0.000236
0 14.8730 120.7759 29.1486 36.5025 0.000234
0 108.5908 12.0536 35.1270 24.1071 0.000193
0 127.7205 5.9455 48.2299 11.8910 0.000158
0 230.5411 276.4008 20.1270 48.3510 0.000142
0 634.3522 207.2677 11.2711 52.7896 0.000141
0 597.6115 13.9697 39.4956 27.8400 0.000115
0 3.4509 417.8778 6.9019 96.7327 0.000106
0 626.9493 287.9561 25.7681 120.1384 0.000101
0 612.8842 9.0697 51.7664 17.8227 0.000101
