0 388.2009 154.5141 32.1952 103.9658 0.885648
0 451.7941 174.0446 21.3877 85.9680 0.851865
0 167.1190 113.4510 31.5603 97.9110 0.211721
0 6.6798 203.5691 13.3596 99.2499 0.023224
0 627.9766 351.2419 24.0468 92.2400 0.004312
0 3.7489 236.4270 7.4979 151.8151 0.001876
0 634.6068 323.9349 10.7865 49.8975 0.001481
0 634.6035 298.6490 10.7930 78.4347 0.001477
0 5.6499 173.5181 11.2997 98.7977 0.000748
0 43.6167 20.7541 28.1749 41.5083 0.000669
0 198.7659 504.0778 43.2257 15.6000 0.000452
0 104.7987 5.0438 25.7107 9.9173 0.000407
0 13.9141 200.7985 27.5728 102.9173 0.000398
0 635.1105 261.1579 9.7791 126.0302 0.000258
0 45.9936 41.5740 25.5820 63.4961 0.000218
0 535.7145 504.5975 38.2191 14.8049 0.000181
0 628.6492 395.8148 22.7015 73.2532 0.000181
0 8.8995 246.7435 17.7989 154.1052 0.000172
0 637.1987 159.5075 5.6025 82.8495 0.000148
0 81.5808 86.6696 31.6590 36.5208 0.000132
0 635.3262 497.1091 9.3120 29.7817 0.000127
0 87.4106 49.9164 35.8138 99.8328 0.000109
0 591.0088 507.3005 32.9005 9.3990 0.000107
