0 204.3607 192.0248 38.7130 64.0101 0.886493
0 413.6393 214.8237 29.4771 107.1269 0.872881
0 628.3836 500.7748 23.2328 22.4504 0.022365
0 5.7926 480.4474 11.5852 63.1052 0.004239
0 5.9411 58.9327 11.8822 48.8097 0.002517
0 6.4222 501.4906 12.8444 20.9378 0.002286
0 467.1408 234.0021 10.4232 21.0309 0.001535
0 467.6769 245.9735 12.2686 45.9137 0.001393
0 12.6834 290.9415 25.3667 168.1334 0.000804
0 5.5816 82.8181 11.1632 83.8086 0.000603
0 18.3920 502.4524 36.6626 19.0952 0.000587
0 217.6814 507.7888 26.1399 8.4224 0.000454
0 15.4068 255.7389 30.8137 91.7151 0.000421
0 3.6811 462.3647 7.3622 83.2482 0.000380
0 406.0529 190.7149 17.0692 56.1210 0.000319
0 432.9822 284.1221 15.8666 15.6924 0.000277
0 629.3708 270.5884 21.2112 55.8372 0.000272
0 459.7471 242.9225 26.9363 53.6519 0.000249
0 399.8505 189.7357 12.7881 52.1389 0.000248
0 627.8341 294.1162 24.2799 92.5829 0.000243
0 462.0834 234.8204 19.6658 25.6400 0.000237
0 637.1348 303.5065 5.7305 104.1697 0.000234
0 15.5022 470.1171 30.9622 83.7658 0.000230
0 3.7896 378.2003 7.5792 92.6390 0.000223
0 634.6508 295.3751 10.6985 94.2410 0.000196
0 628.5064 486.5501 22.9872 49.3290 0.000196
0 8.4463 342.5787 16.8926 86.4006 0.000174
0 637.3257 186.8896 5.3487 70.1545 0.000166
0 242.8348 292.6794 37.1726 80.3435 0.000154
0 635.4868 165.2810 8.8381 60.9514 0.000120
0 10.5465 96.0777 21.0930 95.1185 0.000117
0 636.5408 330.0935 6.9082 80.7562 0.000113
0 15.4156 232.0811 30.8108 49.1080 0.000102
