0 341.8028 255.3384 34.7032 128.1914 0.880693
0 79.6020 245.5813 37.2843 138.9722 0.874384
0 254.3314 256.4393 32.6365 80.8119 0.869977
0 218.7630 230.4121 17.7021 48.7657 0.867410
0 4.3408 219.0154 8.6816 60.1580 0.007925
0 17.3842 113.4556 34.5898 37.3916 0.001194
0 504.8438 281.1057 10.5376 22.7574 0.000932
0 2.9268 337.9323 5.8537 76.9846 0.000886
0 5.1073 138.7100 10.2147 83.0431 0.000806
0 3.1635 318.0426 6.3271 49.7609 0.000518
0 18.6530 137.5818 37.3061 85.5075 0.000478
0 3.1207 244.4363 6.2415 103.6203 0.000404
0 3.0818 284.9036 6.1636 82.7461 0.000350
0 263.0110 249.7395 20.7274 73.0088 0.000334
0 244.1873 236.8246 15.4578 41.5318 0.000298
0 265.5662 231.1165 18.4566 48.5733 0.000259
0 7.5378 224.6948 14.3902 69.6189 0.000217
0 4.4884 190.0739 8.9769 91.4382 0.000183
0 248.5333 244.2421 23.1533 54.3315 0.000159
0 636.9488 281.1578 6.1024 85.7575 0.000134
0 297.9642 507.4921 34.1058 9.0157 0.000115
