0 96.1622 285.6497 22.2536 33.1166 0.843798
0 56.8808 307.6692 20.0661 38.4893 0.832437
0 469.0150 324.1890 23.2944 35.3989 0.821764
0 279.5846 214.8257 16.0991 36.6476 0.762944
0 281.8830 272.0427 20.8863 22.0255 0.101369
0 409.0131 218.4949 17.9346 48.4702 0.085183
0 80.5451 209.1033 20.3156 23.4356 0.015746
0 636.6107 44.1920 6.7786 72.7326 0.005385
0 122.6105 338.3719 20.7462 24.9016 0.003216
0 635.7014 246.7999 8.5972 69.1141 0.003177
0 356.4156 508.9532 23.5502 6.0347 0.001851
0 3.8164 141.1205 7.6328 47.5204 0.001608
0 478.9874 507.0109 24.6292 9.9782 0.001276
0 354.6496 88.4592 11.5229 24.4063 0.000918
0 636.3324 72.9302 7.3352 76.1227 0.000843
0 636.4176 222.8367 7.1649 62.7115 0.000728
0 449.2471 142.4098 30.7440 26.6291 0.000605
0 510.8098 504.9705 24.1675 14.0590 0.000591
0 636.2966 22.9846 7.4068 45.9693 0.000586
0 460.9632 253.9526 19.2905 26.0731 0.000582
0 636.4279 169.9077 7.1442 48.5977 0.000554
0 365.3821 508.7018 30.5368 6.5964 0.000524
0 636.3489 276.1891 7.3023 58.8894 0.000504
0 89.6242 279.7997 15.3764 32.3419 0.000467
0 3.0089 54.8250 6.0178 32.3418 0.000455
0 476.3763 286.5881 12.9985 21.7688 0.000455
0 3.9430 154.1851 7.7797 33.4603 0.000423
0 6.0927 237.7783 12.0827 27.8989 0.000357
0 465.5779 507.9104 33.3218 8.1793 0.000354
0 3.5472 63.4721 7.0944 17.3482 0.000325
0 632.6771 34.1124 14.6459 66.6035 0.000323
0 628.0676 508.0309 18.3088 7.9382 0.000303
0 128.8217 213.8507 13.4096 36.0032 0.000268
0 486.8028 507.5999 24.5940 8.8002 0.000265
0 636.6185 197.4004 6.7629 61.1582 0.000264
0 384.9951 327.6010 22.4191 23.2009 0.000257
0 222.0482 507.9276 27.6065 8.1448 0.000236
0 343.7368 508.6053 22.6774 6.7893 0.000236
0 2.6298 398.2019 5.2595 57.0588 0.000229
0 6.4344 219.5310 12.8688 62.4038 0.000215
0 15.0393 140.6139 25.8784 41.3987 0.000203
0 629.6606 7.5258 18.2471 14.9810 0.000196
0 556.9807 505.2467 29.6060 13.5067 0.000190
0 239.9455 217.4688 18.3445 18.2692 0.000178
0 334.9004 508.3890 21.9360 7.2219 0.000178
0 230.7181 507.6204 27.6849 8.7592 0.000177
0 76.2948 503.8740 25.0446 16.2520 0.000166
0 473.5815 504.5655 24.9830 14.8690 0.000158
0 633.1521 54.0553 13.6959 56.0718 0.000155
0 634.0743 506.8328 11.8514 10.3344 0.000154
0 237.7691 225.8254 16.4755 33.4080 0.000153
0 422.4556 508.2534 25.4723 7.4932 0.000144
0 637.1384 432.9270 5.7233 49.8952 0.000140
0 287.1872 222.5767 14.5679 32.7017 0.000138
0 631.9630 171.7244 15.1805 40.6253 0.000129
0 376.8258 508.3301 28.3312 7.3398 0.000129
0 105.1248 500.2328 24.9981 21.8054 0.000124
0 636.3638 298.5190 7.2723 41.7174 0.000124
0 3.7826 72.9524 7.5652 35.2361 0.000121
0 636.7088 416.2910 6.5824 53.4304 0.000120
0 174.2323 203.8007 20.4614 21.0370 0.000115
0 612.5438 508.5732 20.8616 6.8536 0.000112
0 413.6497 507.5020 21.0552 8.9960 0.000108
0 37.0639 145.9551 40.8465 28.1968 0.000106
0 121.1338 220.2619 17.5589 43.4070 0.000105
0 3.0071 420.3561 6.0143 69.7478 0.000104
0 2.8643 345.6698 5.6938 36.3591 0.000102
