0 540.6688 336.8638 39.9871 28.6553 0.853890
0 382.4821 20.6976 18.7405 39.9537 0.838299
0 371.3721 147.7666 13.5401 23.2460 0.792678
0 221.7099 98.8177 30.8453 32.3008 0.338655
0 506.8178 103.9467 18.3714 23.3392 0.031104
0 632.5098 377.7605 14.9803 43.8055 0.009596
0 568.5229 165.8487 20.3093 24.6674 0.003961
0 493.3090 56.9744 32.8787 45.5146 0.002761
0 424.1418 268.7651 15.6777 24.2506 0.001855
0 568.2930 259.1968 22.8447 22.7074 0.001126
0 488.3099 48.6029 23.1792 30.7556 0.001079
0 587.0573 196.3686 19.9462 32.8304 0.000772
0 589.5723 324.6316 15.9324 15.1895 0.000614
0 637.0092 436.6744 5.9816 37.7222 0.000571
0 497.0323 345.6402 29.5383 31.8601 0.000534
0 636.8507 420.4083 6.2986 45.2140 0.000489
0 503.3887 92.3665 22.0986 40.7809 0.000432
0 4.5890 445.9928 9.1780 51.5585 0.000404
0 468.4431 324.5977 14.3768 27.3206 0.000351
0 637.1996 305.6480 5.6007 55.0196 0.000284
0 636.6116 158.6753 6.7767 58.3302 0.000277
0 301.4481 2.8408 20.2365 5.6359 0.000274
0 636.7367 52.0337 6.5266 54.8830 0.000271
0 310.9167 505.0763 28.8454 13.8475 0.000253
0 161.7752 502.5764 34.3721 18.8473 0.000250
0 637.1442 284.8494 5.7115 56.0784 0.000250
0 363.0706 148.3418 17.7939 24.3121 0.000245
0 635.8947 410.8647 8.2108 28.2346 0.000245
0 563.6809 131.7210 12.8362 33.9252 0.000234
0 637.1160 352.0898 5.7681 37.5792 0.000231
0 636.9266 452.9254 6.1467 36.9047 0.000231
0 583.0727 508.3183 30.5952 7.3634 0.000204
0 637.3743 327.1172 5.2515 47.1340 0.000188
0 146.4507 503.5340 32.6308 16.9320 0.000185
0 637.1970 265.3659 5.6060 60.4275 0.000182
0 243.9230 103.2158 30.4743 24.0995 0.000178
0 500.5843 72.2120 26.0361 47.8850 0.000157
0 311.5344 2.8807 22.4575 5.7198 0.000157
0 636.5109 114.1248 6.9781 47.6110 0.000144
0 561.7771 507.9124 35.6553 8.1752 0.000144
0 598.2058 199.7677 16.0217 33.5784 0.000138
0 302.5941 502.9590 33.6156 17.8862 0.000136
0 579.8596 184.6946 18.9827 29.1841 0.000132
0 637.1163 228.3344 5.7673 55.4343 0.000130
0 637.2112 181.0743 5.5776 52.0953 0.000123
0 637.1974 203.9429 5.6052 60.7815 0.000122
0 636.6683 72.7938 6.6633 56.6037 0.000116
0 4.2700 423.9728 8.5400 36.3973 0.000114
0 357.3804 26.4081 18.8721 24.9242 0.000104
0 634.0989 7.3861 11.8021 14.7723 0.000102
0 3.3837 23.5868 6.7673 37.2167 0.000100
