0 567.7064 390.4174 31.3357 40.8224 0.850228
0 193.5803 173.1496 24.3062 53.5306 0.845739
0 329.1306 135.6678 15.1331 40.8487 0.786488
0 632.1799 411.6704 15.6401 37.9967 0.079886
0 632.5882 143.3752 14.8236 48.2908 0.050420
0 169.2165 171.0518 19.9678 17.3023 0.025591
0 80.5928 93.2113 19.6762 24.6159 0.020241
0 462.1147 44.5533 17.9781 40.8331 0.011929
0 277.4888 106.4288 13.5912 24.8397 0.009339
0 282.2885 104.0095 12.7971 26.0294 0.002920
0 513.8970 205.4513 21.1513 21.8824 0.002431
0 6.3098 476.7183 12.6196 40.0862 0.002422
0 276.5612 114.3538 16.0968 30.1540 0.002281
0 196.4505 64.9965 13.6357 23.3485 0.002156
0 87.3528 89.2147 17.5147 27.6876 0.002147
0 329.7094 506.9489 31.1871 10.1022 0.001938
0 90.6014 83.4361 15.0918 33.9743 0.000890
0 636.3200 90.8435 7.3600 46.4061 0.000807
0 575.2507 318.3604 36.2426 22.2377 0.000768
0 634.0533 478.2891 11.8933 39.4723 0.000673
0 119.1957 3.6194 25.6296 7.2387 0.000644
0 634.6174 393.9797 10.7651 42.3442 0.000573
0 533.6560 3.1769 25.7346 6.2378 0.000566
0 280.9859 116.4902 14.9358 32.0915 0.000510
0 624.7653 477.4617 30.4695 30.8853 0.000483
0 618.0994 3.0648 24.2157 5.9702 0.000451
0 153.3224 3.8883 25.3909 7.7765 0.000442
0 284.1556 92.5572 11.5981 28.2399 0.000440
0 635.9705 115.7721 8.0590 36.6450 0.000436
0 548.7620 3.2073 28.5566 6.2817 0.000429
0 4.5096 458.3734 9.0192 29.4124 0.000409
0 69.7661 3.8804 23.9302 7.6370 0.000393
0 130.2660 4.3466 23.1619 8.6931 0.000387
0 164.7622 3.5500 20.6500 7.0362 0.000387
0 132.3385 11.4674 25.6385 22.9347 0.000378
0 174.2197 3.4079 22.7318 6.8157 0.000377
0 53.0218 3.7060 23.9363 7.3138 0.000354
0 512.0614 196.1045 19.8385 29.5369 0.000341
0 525.2539 3.0943 26.1957 6.0330 0.000335
0 119.9691 9.8819 26.6134 19.7638 0.000312
0 560.2283 3.0988 26.5881 6.1557 0.000292
0 278.7158 94.1495 13.4569 30.7780 0.000279
0 105.5412 3.3258 24.7580 6.5654 0.000269
0 144.4027 4.5879 29.9130 9.1758 0.000269
0 315.9521 507.2881 38.3826 9.4239 0.000264
0 633.9310 439.9340 12.1379 72.4530 0.000261
0 3.6033 449.4783 7.2065 36.8003 0.000238
0 82.0911 3.3036 22.6300 6.6024 0.000229
0 636.5310 268.9944 6.9380 43.0365 0.000229
0 288.8423 101.2398 17.0665 28.6921 0.000222
0 201.5664 67.3289 15.6963 25.1588 0.000200
0 506.6472 205.4023 16.7435 23.3026 0.000197
0 633.7900 4.4530 12.3560 8.9060 0.000195
0 92.1076 3.2003 21.6749 6.3883 0.000193
0 594.4701 3.7562 21.4912 7.5124 0.000185
0 144.1548 12.7229 32.4116 25.4457 0.000180
0 86.4639 99.0694 19.6411 35.8681 0.000175
0 6.7694 6.3821 13.5388 12.7642 0.000174
0 88.7061 73.7446 18.4154 23.1309 0.000172
0 635.5200 367.7764 8.9600 34.6730 0.000170
0 3.3070 133.4728 6.6139 61.6809 0.000170
0 11.0486 4.0586 20.4637 8.1172 0.000167
0 328.3517 99.8017 18.7388 44.6680 0.000164
0 73.2715 94.8212 16.4559 26.8506 0.000158
0 632.0024 124.0725 15.8579 35.4779 0.000154
0 81.5495 79.1988 22.4073 35.6259 0.000147
0 622.7281 130.7371 20.1073 27.6348 0.000147
0 605.0459 3.3695 27.6760 6.7390 0.000135
0 550.6444 11.8598 33.5090 23.6618 0.000134
0 5.5744 501.7670 11.1488 20.4659 0.000133
0 162.8603 500.3119 25.0454 22.7607 0.000132
0 184.1779 4.0678 27.4983 8.1357 0.000132
0 3.1002 279.5029 6.2004 47.8565 0.000131
0 97.8973 80.8275 22.7471 34.6816 0.000124
0 3.0697 296.9747 6.1394 29.7018 0.000118
0 3.2200 306.1829 6.4401 27.4976 0.000117
0 347.4989 505.9130 42.5261 12.1740 0.000116
0 9.8231 507.9026 16.5790 8.1948 0.000116
0 266.0726 60.8051 15.3938 27.3407 0.000115
0 360.5860 506.3446 28.8776 11.3109 0.000113
0 191.4452 64.1222 18.6154 26.6348 0.000108
0 397.4963 490.3430 20.9398 42.2321 0.000107
0 518.3540 192.6935 24.0974 25.3555 0.000105
0 288.7648 111.8485 17.5649 28.0660 0.000105
0 3.4466 319.7377 6.8933 34.9481 0.000104
0 5.6586 15.5478 11.3171 31.0956 0.000101
