0 366.2183 254.2966 35.5997 133.5709 0.876703
0 238.9741 233.2650 25.7676 47.8262 0.869361
0 332.5709 247.0890 31.0607 91.4485 0.869079
0 3.1302 183.8091 6.2604 60.4759 0.034314
0 14.5783 222.0862 29.1566 63.1215 0.019907
0 5.8409 195.7706 11.6818 79.3005 0.008602
0 13.6636 198.5950 27.2581 67.9479 0.005134
0 6.3828 224.8406 12.7657 64.4122 0.002704
0 4.0412 145.7705 8.0824 94.7832 0.001837
0 4.0041 236.9756 8.0082 61.3393 0.001314
0 40.3201 107.4805 30.5003 20.9509 0.001034
0 625.8822 135.7258 28.2356 89.1882 0.000879
0 8.6541 167.3536 17.3082 99.8664 0.000846
0 635.2488 278.7074 9.5024 99.0023 0.000695
0 5.3748 117.0864 10.7495 53.7847 0.000507
0 525.5165 283.7129 11.2150 18.4789 0.000435
0 315.3490 507.4030 32.4360 9.1940 0.000364
0 603.3950 14.9459 36.1792 29.8551 0.000306
0 92.4751 179.5827 29.8272 56.3645 0.000281
0 2.6341 347.6918 5.2682 53.4003 0.000277
0 634.0751 231.6484 11.8497 40.3387 0.000271
0 326.1886 260.6978 18.2037 66.6809 0.000269
0 130.7159 252.0616 12.5460 36.6061 0.000248
0 261.2462 4.0059 30.9647 8.0117 0.000248
0 608.7855 6.6822 33.1057 13.1776 0.000228
0 636.4902 251.4829 7.0195 84.4303 0.000218
0 632.7075 218.2939 14.5849 65.1624 0.000205
0 525.8468 275.9432 12.1438 31.3000 0.000147
0 18.1970 211.4845 23.5276 40.1983 0.000135
0 12.7833 133.7807 25.5665 81.7957 0.000129
0 2.7153 323.0981 5.4307 66.8302 0.000126
0 2.8503 293.3989 5.7005 72.2284 0.000124
0 3.3625 264.3365 6.7181 94.7107 0.000109
0 261.9872 9.9498 32.8157 19.8996 0.000100
