0 94.9678 408.3713 47.7754 41.9524 0.864325
0 636.4888 62.7242 7.0225 37.7104 0.023296
0 636.2310 418.2267 7.5380 50.5449 0.004881
0 81.0403 214.5359 35.1678 54.2582 0.004684
0 629.8755 288.6008 20.2490 45.0047 0.004652
0 124.9455 269.6513 20.1298 40.3466 0.004300
0 211.2710 240.7744 21.3707 37.1037 0.003065
0 636.4023 436.2748 7.1954 50.4559 0.002109
0 385.8310 146.4713 30.7465 55.8015 0.001907
0 624.1324 3.4400 28.4508 6.8799 0.001771
0 66.2245 394.6306 17.7725 49.1434 0.001344
0 636.0638 46.5553 7.8724 56.6926 0.001339
0 632.7100 59.2220 14.5801 41.1146 0.001092
0 61.5664 385.0406 20.7462 64.9385 0.000761
0 212.5785 228.6922 21.1041 14.5886 0.000657
0 637.0944 81.7320 5.8113 82.1829 0.000482
0 622.4497 16.3698 29.3706 32.7077 0.000455
0 628.3314 50.0911 23.3373 50.3076 0.000427
0 2.8319 409.3630 5.6637 40.6941 0.000416
0 634.7090 263.4405 10.5821 45.2553 0.000386
0 631.8538 303.0602 16.2924 62.4934 0.000386
0 634.3092 234.4840 11.3817 64.8519 0.000349
0 49.8402 508.0054 27.6266 7.9892 0.000339
0 616.3938 2.9520 22.0696 5.8516 0.000308
0 115.7146 151.1295 34.0554 55.2721 0.000292
0 61.2047 403.4016 23.8664 32.3528 0.000290
0 96.7952 169.7497 22.0903 54.1409 0.000290
0 24.8408 3.6349 22.7917 7.0588 0.000284
0 14.7142 4.1990 25.1220 8.3981 0.000274
0 634.3710 25.2385 11.0647 43.8060 0.000267
0 554.3461 71.2530 32.1953 28.5019 0.000252
0 635.3199 337.0690 9.3602 56.3392 0.000230
0 411.5220 409.6347 15.7196 33.8770 0.000224
0 95.4292 182.4710 20.1341 30.1118 0.000209
0 6.2223 6.9066 12.4447 13.8132 0.000204
0 3.0472 468.3069 6.0945 47.0251 0.000203
0 98.2984 506.6368 42.2395 10.7264 0.000193
0 179.8992 7.5804 29.0092 15.1608 0.000188
0 634.4398 320.8221 11.1204 61.8083 0.000167
0 3.1917 29.6407 6.3835 52.4617 0.000165
0 212.3405 206.4657 25.9149 37.3223 0.000163
0 81.0378 508.2748 30.8346 7.4504 0.000160
0 74.2248 3.4538 22.1309 6.8115 0.000156
0 633.0054 431.7991 13.9893 46.0794 0.000155
0 172.2350 6.7567 21.9351 13.5134 0.000147
0 5.6400 100.7435 11.2800 29.1748 0.000144
0 636.0217 395.5197 7.9565 46.8718 0.000143
0 179.5003 506.5943 27.5904 10.8113 0.000140
0 418.3326 407.6190 8.7641 35.4116 0.000136
0 626.5980 219.5193 26.8040 41.5559 0.000131
0 3.0622 439.2189 6.1243 35.9746 0.000130
0 571.5119 425.7813 16.4081 32.5726 0.000129
0 636.4656 375.0659 7.0687 61.6019 0.000127
0 637.3791 111.2885 5.2418 51.7587 0.000127
0 550.9576 52.3130 37.5012 47.4065 0.000124
0 279.2816 11.4579 23.5260 22.4984 0.000124
0 228.0409 509.1071 28.1411 5.7858 0.000123
0 2.9536 485.9413 5.9073 43.7546 0.000123
0 3.2073 452.9503 6.4146 41.5396 0.000123
0 2.8707 426.7759 5.7414 42.7996 0.000116
0 630.1184 334.4052 19.7632 58.4739 0.000112
0 297.0830 508.6743 31.8795 6.6514 0.000110
0 624.4331 64.3654 27.3086 47.7237 0.000108
0 637.3739 151.4781 5.2523 49.3808 0.000107
0 577.7882 427.8474 29.8358 34.9115 0.000106
0 419.9830 508.4674 30.6602 7.0652 0.000104
0 631.0482 416.4579 17.9036 46.4890 0.000102
0 630.0709 444.4688 19.8582 74.1584 0.000101
0 59.7942 369.5484 17.9718 35.8086 0.000101
