0 490.3990 171.6498 28.7025 58.1870 0.883786
0 467.3610 238.2228 28.0210 57.1697 0.833499
0 424.2586 243.7807 17.2053 25.8204 0.617568
0 375.1784 204.9316 12.8123 25.9821 0.401459
0 298.4474 22.4261 25.4468 25.4571 0.321421
0 365.0090 153.0681 25.4222 38.5551 0.045077
0 313.2429 506.5858 26.7021 10.8284 0.038823
0 317.9886 361.0497 19.8030 31.1327 0.031717
0 323.5895 506.1449 28.0571 11.7048 0.021680
0 327.2158 466.6072 31.4305 81.9127 0.015233
0 369.9321 206.1790 20.9096 23.1783 0.008695
0 625.1495 485.8550 29.7009 51.5572 0.004212
0 367.1749 188.6128 24.4142 53.8032 0.004168
0 360.3034 209.6299 16.8900 16.6049 0.003824
0 365.0411 169.9006 25.0145 32.2534 0.003333
0 306.7291 502.6675 35.8247 18.1569 0.003328
0 332.6960 507.3444 30.9403 9.1531 0.003093
0 421.0353 269.9409 22.6559 32.9503 0.002581
0 295.9169 506.8316 51.3756 10.3369 0.001834
0 402.3695 491.9011 47.3941 40.1979 0.001211
0 83.0918 150.7621 17.5676 27.8733 0.001139
0 353.8551 210.9504 15.7352 15.1777 0.001088
0 296.3882 499.8404 52.3119 23.6416 0.001060
0 402.9471 502.2423 43.9376 19.5153 0.001046
0 399.2387 158.8029 17.7264 26.8171 0.000975
0 404.7687 176.0435 28.0772 59.1436 0.000792
0 348.0407 508.1920 33.9635 7.6159 0.000765
0 412.3893 497.2523 33.1543 29.4935 0.000720
0 450.8681 215.7934 20.4648 39.4310 0.000684
0 297.9491 86.1054 24.3848 43.3171 0.000623
0 395.5369 288.0049 25.1547 57.4519 0.000581
0 359.2809 506.5477 31.3467 10.9047 0.000529
0 314.5418 206.8837 11.9484 17.6616 0.000506
0 3.1125 132.4775 6.2249 54.1494 0.000451
0 636.3578 29.4017 7.2844 50.3078 0.000429
0 247.3879 4.9240 25.1846 9.8479 0.000421
0 312.8423 214.8638 10.3805 15.6577 0.000419
0 315.8790 495.9334 32.2089 31.4830 0.000408
0 446.0102 403.5126 19.2093 13.6317 0.000399
0 366.6091 3.1722 28.3026 6.3444 0.000395
0 297.3674 14.2410 29.5323 28.4821 0.000391
0 309.0406 360.3559 29.6906 30.4816 0.000369
0 331.7289 498.6317 26.5961 24.4020 0.000355
0 526.7731 237.9880 10.9551 11.3582 0.000292
0 68.3311 4.3214 16.9010 8.5032 0.000282
0 88.1016 144.7000 14.6850 31.2260 0.000282
0 637.2654 331.8058 5.4692 61.6240 0.000273
0 636.3739 151.0160 7.2522 68.5279 0.000265
0 604.2304 390.6169 39.4327 55.8869 0.000248
0 2.9404 288.8679 5.8807 56.8492 0.000244
0 378.6407 3.2783 27.5444 6.5567 0.000239
0 634.9369 14.9890 10.1262 29.9779 0.000234
0 420.2079 253.7017 22.6757 31.7607 0.000233
0 359.7070 484.2207 26.4108 30.9012 0.000233
0 317.0107 191.5905 14.5157 39.4077 0.000226
0 415.5492 325.3036 19.2725 34.1144 0.000216
0 285.9255 5.4491 24.6930 10.8981 0.000206
0 301.1101 482.8864 41.4983 56.5964 0.000202
0 636.3074 228.3938 7.3851 90.2478 0.000202
0 420.9946 506.0461 41.0455 11.9078 0.000200
0 61.7092 4.3472 18.9303 8.4695 0.000194
0 569.9362 496.8055 43.4696 30.3891 0.000181
0 387.8017 428.7773 20.6323 42.9761 0.000180
0 310.0597 207.6155 12.9084 18.7032 0.000180
0 636.9390 193.1308 6.1221 75.1550 0.000170
0 80.3255 4.5900 21.8174 9.0018 0.000151
0 124.4958 506.3740 33.2535 11.2520 0.000147
0 37.0038 506.9549 38.7509 10.0901 0.000146
0 310.0521 199.7850 14.1044 26.0732 0.000144
0 380.9185 204.1226 17.2836 26.4303 0.000144
0 2.7856 150.1474 5.5712 52.8832 0.000139
0 30.7942 3.5341 18.1630 7.0274 0.000139
0 349.4882 3.5361 24.4570 6.8127 0.000136
0 240.2554 9.8092 31.6200 19.6184 0.000131
0 91.3357 139.3837 14.9600 27.9557 0.000127
0 274.8918 4.0821 25.5096 8.1643 0.000126
0 3.3141 84.6470 6.6282 42.6022 0.000125
0 637.2078 387.1058 5.5845 56.9847 0.000125
0 636.5818 113.8038 6.8365 72.3480 0.000125
0 488.2367 507.6547 31.4885 8.6907 0.000123
0 4.8486 9.7762 9.6972 19.5524 0.000122
0 320.8746 201.9310 13.5730 22.8582 0.000121
0 277.8275 10.0453 24.2241 17.9134 0.000119
0 327.1737 361.8567 35.3710 32.8525 0.000118
0 3.1665 224.4729 6.3329 36.2971 0.000116
0 451.7121 204.9855 21.0012 17.1072 0.000114
0 392.5894 3.2387 25.3942 6.4773 0.000112
0 307.9835 5.8596 33.4866 11.7192 0.000112
0 624.8435 16.3374 29.6919 32.2768 0.000112
0 251.2942 8.3404 28.8386 16.2720 0.000110
0 264.2760 3.8200 27.6191 7.6401 0.000109
0 352.0722 495.4528 35.4844 32.3726 0.000107
0 634.5630 469.8619 10.8740 64.5206 0.000104
0 637.0745 305.9455 5.8511 63.5465 0.000103
0 2.9339 206.5668 5.8678 42.4152 0.000100
