0 367.3430 249.1213 38.6823 134.8968 0.907074
0 229.7782 232.7671 30.9356 87.6514 0.859660
0 13.0320 216.7391 26.0640 73.1949 0.204137
0 243.4363 230.6871 12.9109 65.6472 0.065176
0 7.0394 223.1600 14.0789 72.2352 0.008870
0 222.6496 240.0659 18.1463 68.1005 0.008310
0 7.5738 199.5974 15.1476 72.7881 0.007514
0 3.7535 193.6744 7.5071 65.3911 0.004939
0 4.0603 229.5874 8.1207 62.4362 0.002209
0 611.0818 4.8487 38.5391 9.6973 0.001859
0 240.1211 241.5456 16.0515 73.2939 0.001736
0 4.1787 167.6377 8.3573 73.6254 0.001583
0 8.9102 159.1620 17.8204 72.1094 0.001552
0 238.2255 222.4256 19.5483 66.2084 0.000841
0 12.2215 184.6806 24.4429 73.0228 0.000752
0 636.5798 285.9503 6.8403 87.6686 0.000465
0 246.0528 234.4453 14.2831 41.3700 0.000454
0 13.4778 145.0397 26.9556 88.9310 0.000317
0 19.4152 122.5779 38.8304 114.7346 0.000213
0 623.7594 7.6671 31.6335 15.3342 0.000177
0 294.6354 3.5593 27.7294 7.1186 0.000173
0 2.9887 256.3080 5.9743 90.7028 0.000170
0 27.1565 87.0390 54.3129 48.3628 0.000150
0 2.6881 341.3320 5.3762 52.2748 0.000148
0 637.0354 258.2068 5.9292 79.9572 0.000140
0 598.7261 4.6670 36.2673 9.3256 0.000129
0 2.9154 325.7726 5.7778 46.6917 0.000120
0 216.9829 245.0831 16.2701 56.9543 0.000119
0 636.5906 315.6830 6.8187 77.9893 0.000114
0 247.2860 3.8945 25.7037 7.7889 0.000107
0 4.6887 109.4740 9.3774 90.3964 0.000104
