0 20.0625 233.8679 39.5543 99.1348 0.903762
0 292.6929 433.5356 38.8038 90.7234 0.900133
0 468.6261 414.8006 43.1378 88.3174 0.887877
0 122.2167 348.0140 38.4065 94.5800 0.871973
0 637.4326 259.1311 5.1348 66.9863 0.044094
0 9.1802 231.8993 18.3604 97.9157 0.016100
0 4.1230 219.1162 8.2460 76.5868 0.010696
0 4.2682 270.1165 8.5363 96.3311 0.006961
0 5.4651 245.3299 10.9301 79.1917 0.003172
0 637.5161 286.1971 4.9678 79.9652 0.002867
0 223.4659 3.8121 25.4961 7.5703 0.001718
0 117.0233 293.1450 35.8851 39.3815 0.001604
0 233.0304 4.1806 28.6294 8.3235 0.000911
0 3.2837 188.7561 6.5675 54.4492 0.000817
0 3.5233 146.9435 7.0467 79.5682 0.000650
0 8.9390 202.7520 17.8780 57.7759 0.000596
0 636.8798 231.8744 6.2404 108.7646 0.000564
0 322.7240 3.8278 31.8666 7.6555 0.000459
0 311.2017 4.0502 31.2310 7.9908 0.000397
0 632.1797 258.8940 15.6406 66.3029 0.000346
0 8.3766 276.4876 16.7532 98.8226 0.000340
0 637.0713 375.6702 5.8575 62.7841 0.000319
0 3.9117 116.5264 7.8235 35.0031 0.000287
0 636.4897 357.8182 7.0204 55.9852 0.000269
0 636.1068 305.2073 7.7864 129.2486 0.000255
0 633.3257 474.3315 13.3486 75.3370 0.000221
0 248.0593 4.9623 38.6953 9.8273 0.000213
0 297.0368 4.9024 46.8970 9.6133 0.000185
0 207.3195 3.9439 28.9037 7.7527 0.000167
0 635.0972 342.0746 9.8057 69.4261 0.000166
0 307.4029 508.5659 24.0759 6.8682 0.000133
0 336.5244 3.7875 26.5155 7.5750 0.000133
0 353.6310 275.4930 19.7514 41.0412 0.000118
0 228.8611 6.5986 26.8363 13.1972 0.000110
0 115.2622 313.8867 29.8790 34.0227 0.000109
0 3.5218 99.9965 7.0436 44.1904 0.000108
