0 70.5896 280.0644 57.8341 62.9535 0.890962
0 63.4122 213.1046 30.7193 77.7374 0.862896
0 635.3134 357.9023 9.3732 59.0814 0.054715
0 3.0011 225.2377 6.0023 79.0042 0.001673
0 636.7604 377.8845 6.4791 65.8451 0.001657
0 632.9381 345.8027 14.1238 68.7233 0.001535
0 2.8922 199.8089 5.7844 73.9502 0.001208
0 2.8805 94.6994 5.7610 51.6387 0.001041
0 340.2371 3.1278 29.5145 6.2427 0.000909
0 349.8517 3.5802 28.3019 7.1604 0.000709
0 324.5386 3.4993 27.6174 6.9932 0.000634
0 446.4604 416.4700 30.1691 35.0482 0.000282
0 3.1913 255.1137 6.3826 108.9551 0.000239
0 221.5792 3.7413 25.9927 7.1150 0.000225
0 632.7558 372.1702 14.0763 58.1962 0.000220
0 3.8153 118.9262 7.6306 64.9046 0.000206
0 332.3038 8.9719 32.7742 17.9438 0.000201
0 637.1229 405.9573 5.7352 83.0874 0.000198
0 26.4993 277.4731 36.1844 59.7490 0.000172
0 637.0586 434.7583 5.8649 50.5981 0.000160
0 344.4859 7.5125 26.7249 15.0249 0.000158
0 637.3351 259.5387 5.3297 61.5806 0.000152
0 3.3821 151.3056 6.7641 96.8389 0.000150
0 636.9573 467.6721 6.0855 88.6559 0.000135
0 3.5086 338.7816 7.0172 53.2272 0.000133
0 213.6609 3.1373 27.6608 6.2746 0.000132
0 635.8131 320.0552 8.3738 75.1775 0.000106
0 8.9990 216.7288 17.3885 86.0644 0.000103
0 3.9175 308.0072 7.8349 101.5864 0.000100
