0 374.9311 202.7223 23.9355 75.3740 0.895213
0 455.3890 218.0228 31.5503 68.2099 0.889419
0 2.8986 218.5533 5.7973 70.7204 0.001896
0 88.0396 60.6925 17.4459 12.6089 0.001261
0 2.6295 241.2011 5.2591 75.6448 0.001255
0 3.3121 265.1844 6.6243 109.5044 0.000521
0 203.8466 4.0658 21.7057 8.0523 0.000498
0 247.0811 3.4494 25.0645 6.8184 0.000454
0 629.6016 367.3954 20.7969 51.4036 0.000339
0 204.6676 7.5258 26.6747 15.0182 0.000301
0 637.0173 238.8437 5.9653 91.6354 0.000230
0 260.8602 3.7823 42.1319 7.4255 0.000152
0 637.2654 207.7748 5.4693 71.0021 0.000144
0 637.1788 267.2032 5.6423 70.7000 0.000141
0 634.8989 375.3969 10.2022 70.2390 0.000140
0 632.1993 350.3987 15.6014 79.6370 0.000138
0 196.0473 5.0694 34.3685 10.1190 0.000135
0 636.6198 384.3233 6.7604 108.5626 0.000119
0 624.0172 349.4696 31.9050 70.6208 0.000109
