0 232.6366 243.3080 60.7730 58.8570 0.883511
0 343.4375 184.2450 31.0359 57.0576 0.836454
0 8.9362 283.0401 17.7365 58.2759 0.327245
0 3.7965 208.3940 7.5931 90.5783 0.005268
0 463.8955 243.5783 23.8348 36.5240 0.002977
0 358.1546 4.0579 26.2300 8.1157 0.001355
0 21.2107 503.3108 36.0185 17.3785 0.001218
0 597.7004 258.7932 24.0984 39.3483 0.001193
0 4.7602 253.3893 9.5205 75.0238 0.001178
0 36.3382 502.4763 48.6654 19.0474 0.000815
0 17.0593 35.0080 34.1186 69.7433 0.000800
0 89.9568 23.1536 32.4914 46.1396 0.000677
0 347.1483 5.3204 41.8095 10.6409 0.000664
0 556.5664 5.7283 24.0461 11.4566 0.000612
0 6.2885 301.4771 12.5771 78.3060 0.000517
0 565.2116 5.4114 30.5980 10.8228 0.000503
0 350.5171 10.7998 38.1173 21.5997 0.000478
0 8.9303 32.6697 17.8606 65.3394 0.000475
0 3.3523 182.5368 6.7047 70.5474 0.000434
0 636.8574 54.9396 6.2853 64.0181 0.000408
0 636.3425 272.8185 7.3151 54.9090 0.000368
0 336.5684 10.4616 36.8851 20.9233 0.000343
0 14.5564 18.8537 28.7368 37.6150 0.000281
0 442.3511 124.1979 11.5650 18.6048 0.000272
0 637.3232 37.1080 5.3535 57.9213 0.000272
0 504.4768 295.7625 19.0857 24.0200 0.000269
0 505.1895 284.5623 19.9261 43.3612 0.000245
0 7.6199 232.1697 15.2398 99.2210 0.000232
0 364.7724 9.8968 37.4235 19.7935 0.000225
0 636.4532 21.7526 7.0936 43.5052 0.000194
0 516.1535 4.0200 17.9381 8.0288 0.000182
0 23.3082 12.1618 44.5777 24.2181 0.000180
0 137.7150 507.3204 29.7919 9.3592 0.000157
0 61.4337 499.4880 57.5304 25.0240 0.000152
0 418.7260 4.2306 24.1179 8.4612 0.000142
0 40.4061 10.9338 24.7809 21.8675 0.000137
0 4.3457 327.1745 8.6913 53.5798 0.000133
0 546.2250 7.7351 30.4854 15.4701 0.000124
0 82.0040 10.9903 37.0092 21.8861 0.000115
0 535.0556 4.9564 29.5040 9.9128 0.000113
0 199.1577 18.6182 38.0223 37.2365 0.000106
0 327.5440 7.6564 28.1648 15.2207 0.000105
