0 355.2098 233.3231 35.8256 48.5624 0.846779
0 273.8477 261.0004 20.2194 53.6528 0.829617
0 495.3539 214.4764 27.6283 35.7722 0.808500
0 4.3440 192.2248 8.6879 70.8111 0.004173
0 3.1748 296.5015 6.3495 54.6676 0.003461
0 75.5800 501.1070 31.1030 21.7861 0.002173
0 59.2276 505.0580 32.0212 13.8841 0.001486
0 3.0217 317.7530 6.0433 55.4478 0.001485
0 68.9502 504.2063 25.1805 15.5875 0.001328
0 3.7790 374.8159 7.5579 49.5865 0.000939
0 45.5812 505.8590 35.8549 12.2820 0.000862
0 3.6238 343.0643 7.2476 86.0505 0.000674
0 634.8105 495.6589 10.3790 32.5098 0.000626
0 493.9028 232.3575 29.7084 70.3114 0.000467
0 8.2672 294.0919 16.5344 59.0078 0.000449
0 636.1702 480.3651 7.6597 61.9171 0.000376
0 466.0750 504.1236 31.2224 15.7529 0.000344
0 636.5614 459.5228 6.8771 64.6328 0.000271
0 630.3405 502.5096 19.3190 18.7441 0.000229
0 9.4938 405.1270 18.9877 49.5403 0.000225
0 360.2292 499.5326 21.3125 24.9348 0.000213
0 631.8663 285.1889 16.2674 71.3524 0.000204
0 539.5055 507.7707 35.6877 8.4162 0.000178
0 3.7417 467.1774 7.4834 85.5437 0.000177
0 603.2745 505.4112 40.3585 13.1776 0.000158
0 387.2513 499.8665 15.0494 23.5091 0.000146
0 4.0728 162.9198 8.1456 91.9446 0.000138
0 297.5480 503.9477 22.4071 16.0222 0.000137
0 635.2123 316.6848 9.5754 85.8387 0.000129
0 9.2839 380.2971 18.4240 56.2821 0.000120
0 479.3186 503.7531 27.0806 16.4939 0.000108
0 631.6139 489.5044 16.4843 44.9913 0.000107
