0 360.2870 288.0668 36.4648 43.0735 0.869628
0 387.9644 385.1357 40.5504 28.7493 0.812126
0 357.6455 224.1475 30.1307 30.0936 0.765648
0 360.6399 251.2587 21.4075 21.0952 0.739583
0 236.5764 2.9021 19.3857 5.8042 0.013043
0 359.1768 3.7224 28.7140 7.4448 0.002214
0 228.1093 3.1026 29.8559 6.1283 0.002182
0 366.1779 8.7231 29.9812 17.4461 0.001643
0 636.1783 356.5969 7.6434 51.0469 0.001467
0 636.6868 267.9781 6.6263 44.6134 0.001405
0 244.1824 3.2034 27.9056 6.4068 0.001327
0 636.5247 325.6768 6.9506 52.1470 0.001307
0 76.9871 3.5960 26.7140 7.1920 0.001133
0 87.8428 3.8820 27.5344 7.7639 0.000924
0 3.1819 381.5197 6.3638 49.8743 0.000893
0 637.2329 489.9124 5.5342 41.5712 0.000845
0 636.6509 476.9703 6.6982 58.0044 0.000789
0 372.5748 5.4709 27.9944 10.9419 0.000704
0 8.1946 5.9000 16.3231 11.8000 0.000658
0 3.7120 361.2756 7.4241 45.9375 0.000653
0 150.6352 500.6378 25.7005 22.7245 0.000612
0 165.9524 507.4274 29.0578 9.1452 0.000490
0 3.0391 398.3773 6.0782 39.6896 0.000469
0 370.6060 130.7029 16.0053 26.1780 0.000465
0 172.0747 4.2447 24.8914 8.4894 0.000402
0 363.6704 130.0189 17.5928 33.4715 0.000385
0 345.4119 3.4674 30.0414 6.9349 0.000364
0 165.3202 500.3648 28.6889 23.2703 0.000328
0 637.0605 311.1306 5.8789 46.2545 0.000292
0 66.4136 3.9056 31.2674 7.8111 0.000290
0 355.3116 207.4057 31.3694 57.2191 0.000258
0 637.0470 293.2535 5.9060 57.8319 0.000256
0 637.2103 254.7745 5.5795 44.2526 0.000241
0 12.4065 9.3083 24.8129 18.6166 0.000224
0 355.5630 8.2124 29.9915 16.4248 0.000224
0 629.9536 500.0061 20.0929 23.9877 0.000218
0 632.1987 349.5493 15.3840 41.5355 0.000212
0 14.7666 4.5219 29.5333 9.0438 0.000202
0 5.0233 15.3522 10.0465 29.5492 0.000200
0 138.8355 502.1367 36.4739 19.6427 0.000197
0 623.2444 150.9438 21.2507 19.5474 0.000195
0 377.9573 129.5002 15.8892 21.7639 0.000178
0 632.9849 268.4101 14.0302 46.2534 0.000178
0 236.5692 7.7243 21.9127 15.4487 0.000177
0 634.0245 8.2617 11.6226 16.5234 0.000176
0 160.7181 3.9591 27.7614 7.9182 0.000173
0 617.8160 505.7512 33.5635 12.4977 0.000167
0 632.2404 325.0424 15.5193 48.2827 0.000164
0 598.1864 507.3998 36.6509 9.2003 0.000158
0 3.4938 416.1038 6.9721 44.1350 0.000154
0 187.7378 4.3108 31.1462 8.6217 0.000151
0 360.7784 12.8018 30.0688 25.0545 0.000150
0 627.5559 6.7454 20.2571 13.4909 0.000148
0 494.8694 362.4708 28.4561 36.2404 0.000133
0 3.2577 340.0532 6.5154 62.2255 0.000125
0 631.6859 364.1627 16.6283 54.1727 0.000120
0 632.2048 487.6307 15.5905 45.1586 0.000118
0 538.9946 506.5617 20.0042 10.8765 0.000117
0 349.7695 142.4958 27.3888 27.9455 0.000116
0 215.7924 3.5326 28.5674 6.8861 0.000116
0 586.8805 239.8007 14.0066 30.0688 0.000112
0 126.3495 506.4886 39.9115 11.0228 0.000109
0 88.5462 7.1179 31.7540 14.2357 0.000105
0 3.0315 460.1372 6.0630 45.1440 0.000104
0 625.4504 179.6965 29.0753 77.6415 0.000104
