0 560.4565 438.3613 30.7253 42.4594 0.515822
0 335.4007 147.3968 42.1063 82.4828 0.009172
0 353.4767 503.6531 33.1592 16.6938 0.004122
0 298.2438 176.8890 29.7222 61.4108 0.003073
0 154.4456 231.3103 18.5894 23.6742 0.002937
0 342.3555 161.8670 40.5239 53.1642 0.002549
0 614.9030 212.5402 28.2588 22.5813 0.002160
0 121.1111 93.7503 15.2940 18.3123 0.002103
0 325.7296 159.5426 25.0176 57.4965 0.001390
0 290.2541 163.4807 43.2585 84.6156 0.001356
0 319.1801 393.9378 32.6581 76.2662 0.001238
0 311.5590 281.7873 21.9020 37.8251 0.001164
0 190.6843 121.3062 23.1861 36.1266 0.001131
0 250.1852 404.4929 37.9160 26.7736 0.001013
0 544.3538 356.0496 29.6763 25.3632 0.000933
0 148.7798 216.5799 21.2466 18.2529 0.000849
0 339.7062 504.6481 30.1920 14.7038 0.000785
0 36.0649 507.4163 33.1339 9.1675 0.000635
0 607.6476 410.5934 36.1495 44.7021 0.000610
0 369.9865 504.7520 40.5615 14.4960 0.000605
0 5.2728 27.7226 10.5457 43.5100 0.000504
0 10.1813 178.6612 20.3627 62.8060 0.000442
0 13.3886 159.1977 26.1158 27.7601 0.000436
0 550.4466 507.5124 22.2748 8.8716 0.000405
0 5.3231 182.6866 10.6463 64.9794 0.000382
0 314.0726 505.7563 37.7450 12.4875 0.000357
0 49.7552 506.5233 35.1300 10.9533 0.000346
0 293.4774 143.5073 35.0717 42.5838 0.000328
0 148.8965 226.8205 27.1656 29.8403 0.000318
0 421.8629 214.3322 33.2430 49.4653 0.000315
0 155.4997 218.7786 22.3785 23.3085 0.000303
0 141.8165 215.1745 23.1812 15.7366 0.000298
0 121.2934 84.5084 16.6100 32.3392 0.000268
0 90.3128 6.9332 33.2101 13.8664 0.000255
0 121.2659 102.8830 16.6038 35.8802 0.000255
0 270.2746 66.8990 32.5747 27.9106 0.000210
0 635.2423 504.0473 9.5153 15.7543 0.000197
0 636.3257 470.4183 7.3486 50.5411 0.000187
0 298.9594 505.5779 38.9314 12.8442 0.000185
0 75.4227 7.5110 51.3589 14.8693 0.000185
0 633.3204 6.6217 13.3591 13.1438 0.000176
0 3.1103 193.9619 6.2205 54.6979 0.000172
0 419.1400 190.3161 36.1620 52.0108 0.000160
0 524.6276 49.7995 21.8042 21.6962 0.000152
0 544.9503 428.8680 19.6233 29.7698 0.000152
0 628.6736 5.1060 20.7405 9.8511 0.000148
0 454.3094 438.6008 16.8500 17.6586 0.000140
0 30.5432 504.8469 42.1573 14.3063 0.000139
0 515.9335 508.0184 28.3263 7.9630 0.000136
0 298.9749 217.5064 42.4318 174.3208 0.000131
0 636.2283 498.1961 7.5434 25.9172 0.000128
0 552.1160 385.2942 25.3657 52.4210 0.000128
0 3.4636 36.9868 6.9271 56.0056 0.000126
0 540.1593 374.2892 25.3621 57.0845 0.000122
0 603.3658 420.9040 31.5789 37.7195 0.000119
0 621.4157 226.4474 37.1686 51.1962 0.000119
0 400.3309 469.5210 25.9550 30.2758 0.000118
0 383.0937 505.3508 28.8589 13.2766 0.000116
0 6.9055 20.9769 13.8110 41.9537 0.000116
0 353.2567 160.4634 23.9265 52.9258 0.000112
0 560.3552 390.7933 31.2573 46.1992 0.000111
0 268.7441 83.6375 39.0226 61.9306 0.000108
0 528.7410 507.6109 33.6823 8.7601 0.000102
0 20.8753 507.5815 39.6145 8.8369 0.000102
0 414.8091 508.2314 33.4577 7.5372 0.000101
