0 608.4116 275.8018 36.7781 59.2145 0.879635
0 258.9881 403.8702 42.6159 92.1165 0.848911
0 633.2662 254.8749 12.8228 24.8879 0.045292
0 222.3176 427.3138 40.9317 42.9459 0.023124
0 7.8336 473.1590 15.6672 43.7772 0.003800
0 634.7072 271.4256 10.5857 59.7748 0.002131
0 633.6597 240.9468 12.6807 39.4318 0.001597
0 211.1147 424.4231 36.8203 36.6910 0.001529
0 232.7498 498.2863 31.3112 27.4274 0.001177
0 627.6193 272.5970 18.9265 59.1684 0.001080
0 635.2046 226.5400 9.5909 41.0144 0.001027
0 485.6568 279.1483 18.3265 19.3828 0.000934
0 629.6205 230.2086 19.9103 36.7935 0.000561
0 622.6256 230.2796 22.1951 34.1121 0.000457
0 621.0359 248.7632 17.3691 19.9425 0.000437
0 636.6019 216.9586 6.7962 51.8689 0.000379
0 6.2361 455.6852 12.4723 72.1217 0.000283
0 218.7814 498.7049 38.1235 26.5901 0.000277
0 516.4955 379.3773 30.2778 63.0665 0.000264
0 458.5746 73.7056 13.3141 16.3887 0.000258
0 134.7725 507.3220 25.5096 9.3560 0.000221
0 155.3333 179.9605 15.4553 33.8512 0.000218
0 636.9449 61.6067 6.1102 51.9017 0.000207
0 265.5452 430.9311 30.0372 38.1437 0.000205
0 469.8672 136.9663 21.0984 20.1716 0.000204
0 230.7437 435.7780 26.3936 36.5421 0.000201
0 262.1882 34.7591 14.7727 22.0046 0.000199
0 125.4224 507.7122 29.3943 8.5757 0.000160
0 10.4837 484.3412 20.9675 55.3176 0.000156
0 418.9879 508.0760 25.6093 7.8481 0.000122
0 636.7205 79.8215 6.5591 67.3247 0.000120
0 3.7653 269.4130 7.5305 90.0604 0.000108
0 636.2367 44.8342 7.5266 60.8256 0.000108
