0 610.6254 278.5839 34.3181 53.9240 0.874728
0 225.8535 411.7922 30.2208 71.6831 0.868988
0 632.2535 236.4564 15.4929 54.4947 0.153601
0 633.9954 253.8186 11.9359 32.1816 0.018376
0 470.1543 137.4929 20.1181 22.1090 0.015371
0 165.1877 466.0926 18.5536 33.0908 0.013732
0 210.1299 348.6444 24.7114 40.4215 0.009782
0 634.7125 267.1909 10.5750 43.2478 0.008619
0 150.5243 430.0650 19.3557 38.8271 0.007987
0 632.9750 220.7017 14.0500 49.6892 0.004415
0 208.4113 503.7493 19.8895 16.5015 0.002128
0 636.0469 279.5710 7.9063 53.7371 0.002093
0 627.9547 227.4599 23.6683 39.5088 0.002076
0 488.0346 279.3477 18.0663 19.4207 0.002071
0 3.3129 479.2567 6.6259 64.6672 0.001497
0 630.3854 262.4911 16.8928 37.4508 0.001217
0 215.2272 504.8222 25.3080 14.3557 0.001086
0 291.6245 407.2791 25.5974 41.7571 0.001048
0 206.7417 484.4819 22.8871 39.4073 0.001007
0 162.9386 179.2477 15.1926 38.1575 0.000836
0 127.3880 504.8603 22.9726 14.2795 0.000825
0 200.5439 502.6271 29.0916 18.7457 0.000661
0 187.7057 421.7809 31.9673 52.2560 0.000531
0 4.0040 456.1302 8.0079 66.2979 0.000504
0 178.8762 438.5938 20.5243 24.9388 0.000469
0 625.0397 239.5122 21.5549 37.3233 0.000413
0 135.9492 506.0311 26.3782 11.9377 0.000401
0 207.0256 440.3528 11.3998 15.7795 0.000325
0 263.4532 503.8941 35.4537 16.2118 0.000310
0 134.9441 430.3120 45.6086 38.4172 0.000304
0 221.0363 432.3352 30.8356 31.1197 0.000300
0 459.5401 73.6755 13.5997 17.1808 0.000299
0 149.2701 506.9323 24.5759 10.1353 0.000291
0 208.5788 464.6220 16.8665 28.9830 0.000287
0 205.3583 472.0183 20.8591 28.6455 0.000276
0 157.3879 178.0934 13.8931 39.2275 0.000267
0 183.4189 439.8492 16.2397 19.5309 0.000246
0 213.5474 438.5333 19.1267 19.1439 0.000239
0 519.0588 380.2439 29.6589 64.0433 0.000234
0 215.2371 175.9114 42.3036 46.5126 0.000209
0 462.1674 152.9219 27.8358 48.8847 0.000202
0 253.1952 505.7928 27.3841 12.4144 0.000196
0 155.6522 466.2352 32.4158 37.3472 0.000183
0 357.7021 406.5515 34.6976 54.9821 0.000178
0 198.3241 421.2643 20.6653 40.4597 0.000176
0 214.6937 385.1581 16.1431 21.3508 0.000174
0 2.6219 191.7479 5.2439 56.3555 0.000173
0 190.7195 500.7652 42.2467 22.2587 0.000166
0 532.2828 245.2068 12.4429 20.2490 0.000160
0 122.8845 501.7434 22.1490 19.8146 0.000156
0 337.7954 506.2001 34.7006 11.5997 0.000150
0 237.9578 506.7858 29.6349 10.4284 0.000138
0 12.2252 488.9919 24.4504 46.0161 0.000133
0 619.7592 229.0595 25.6470 38.0892 0.000132
0 211.2319 475.6498 23.1784 35.7864 0.000122
0 446.8250 434.5425 14.8472 23.3395 0.000120
0 201.6172 5.4574 29.5948 10.8274 0.000114
0 114.4999 505.1894 31.7441 13.6212 0.000110
0 469.1068 146.9903 24.3948 38.4606 0.000102
