0 254.4967 341.7485 37.7792 51.7986 0.732886
0 619.3208 440.7644 38.9529 49.3003 0.490924
0 94.3931 6.6412 25.7245 13.2824 0.202176
0 507.9424 453.3488 74.7825 70.3955 0.190881
0 439.5887 388.7679 36.9489 70.5944 0.181441
0 3.0758 167.1905 6.1515 33.8605 0.107163
0 290.3238 157.0335 15.4676 26.3434 0.103501
0 633.9833 255.1829 12.0334 53.5047 0.090589
0 53.8736 439.7598 28.3228 32.6066 0.075250
0 296.7469 149.1744 18.3453 48.2946 0.053754
0 104.9414 6.7442 36.3820 13.3402 0.034097
0 3.5811 153.2598 7.1622 50.7951 0.030341
0 171.8570 176.6916 16.9299 35.5240 0.024700
0 82.7754 6.8280 44.8245 13.6560 0.023156
0 84.9403 305.0409 45.3513 65.3984 0.022708
0 90.4588 387.4266 17.9186 22.3091 0.017285
0 331.9576 496.9297 34.2657 30.1406 0.013766
0 300.4451 133.7425 19.3973 25.4912 0.013494
0 251.0144 498.6483 28.1194 26.2899 0.012342
0 282.4462 124.8713 18.3662 22.1964 0.010978
0 289.0933 131.4531 26.1886 24.9399 0.010287
0 214.9270 303.1615 16.1592 14.4098 0.008442
0 3.7293 131.8779 7.4587 34.8086 0.008263
0 6.9102 165.3567 13.8204 33.7308 0.006960
0 411.0547 420.4559 35.4675 22.7386 0.004063
0 419.2718 319.1190 21.3564 38.4523 0.003994
0 383.4530 306.2424 58.8751 78.8287 0.003839
0 211.2775 3.1423 25.0682 6.1337 0.003811
0 302.9333 145.1263 25.9923 46.7251 0.003687
0 482.0052 460.6854 23.3700 58.8586 0.003383
0 284.4743 141.9288 18.0603 49.9384 0.003146
0 3.0742 107.2590 6.1484 45.8118 0.002612
0 5.4028 252.0274 10.8056 22.4356 0.002507
0 467.0498 86.9749 8.2370 26.6376 0.002169
0 297.2757 165.3070 18.3379 26.3956 0.002163
0 2.8254 184.8312 5.6508 49.6426 0.002087
0 636.9587 452.1366 6.0825 70.7537 0.001839
0 10.2040 141.1606 19.6975 39.7270 0.001716
0 408.1789 244.5291 34.6094 34.3391 0.001687
0 2.8802 300.8136 5.7605 18.4905 0.001373
0 286.3795 4.2770 27.4321 8.4524 0.001325
0 221.3262 3.7124 35.2006 7.3705 0.001312
0 57.0560 84.9118 20.7374 26.4616 0.001290
0 636.3599 264.9673 7.2803 75.8006 0.001218
0 224.5403 333.8619 19.5967 25.0964 0.000870
0 589.5731 320.8955 22.8816 47.2722 0.000822
0 259.8780 495.0756 45.4236 33.4321 0.000753
0 614.6821 20.6416 50.2618 41.2831 0.000646
0 364.9560 319.2271 22.3605 51.4026 0.000645
0 472.4682 300.6803 37.8235 46.3243 0.000625
0 189.6060 322.4084 22.5790 33.8006 0.000580
0 8.5371 122.0041 16.8762 36.0788 0.000548
0 5.9385 240.3613 11.8770 44.8622 0.000544
0 3.7983 224.5795 7.5966 39.1086 0.000509
0 465.1077 5.2223 24.3154 10.4446 0.000482
0 127.2275 4.8816 42.5500 9.7311 0.000452
0 459.5912 84.9170 16.6183 33.6612 0.000420
0 331.0267 3.1523 19.1005 6.3047 0.000408
0 2.9627 292.9482 5.9255 28.1072 0.000407
0 3.1290 206.7199 6.2581 37.5736 0.000402
0 272.6261 3.9824 38.8577 7.8700 0.000383
0 628.3591 20.1294 23.1520 40.2589 0.000382
0 520.7979 4.2886 26.7092 8.4426 0.000363
0 18.7437 139.1866 26.5422 34.6964 0.000356
0 427.4180 5.3343 27.1107 10.6687 0.000344
0 476.1808 4.3704 30.3647 8.7407 0.000318
0 9.6382 177.5668 18.1756 40.5176 0.000313
0 487.4163 4.3132 28.9363 8.6264 0.000301
0 454.1920 67.1367 16.6799 29.5759 0.000297
0 279.8097 151.1333 25.4971 38.9151 0.000296
0 507.7551 4.3755 28.9547 8.5606 0.000289
0 637.0757 236.6606 5.8487 56.4287 0.000287
0 474.5941 154.4840 14.7551 31.7065 0.000284
0 243.8753 337.8892 17.8754 50.0695 0.000280
0 451.3718 61.5797 12.6296 25.9057 0.000274
0 193.3773 3.5421 36.6896 6.7622 0.000266
0 3.1221 491.9606 6.2442 25.6772 0.000236
0 447.3885 4.6847 29.5005 9.3695 0.000228
0 97.1978 12.3014 26.0075 24.6028 0.000222
0 66.7910 214.1777 16.8581 29.9717 0.000220
0 74.7645 214.2589 25.9395 36.8488 0.000216
0 578.1001 3.2443 21.5383 6.3791 0.000212
0 301.7024 3.9372 32.6122 7.8744 0.000204
0 302.5963 170.5063 23.4904 34.8243 0.000194
0 8.2565 107.0253 16.0632 44.3896 0.000181
0 254.0962 3.7718 34.7928 7.4095 0.000174
0 108.7679 13.1930 43.0667 25.8474 0.000169
0 418.3203 4.5749 29.2675 9.0567 0.000166
0 458.9551 8.2012 25.0690 16.4024 0.000162
0 465.4678 102.9716 9.2183 15.6679 0.000160
0 318.2859 3.4278 23.0289 6.8557 0.000152
0 628.5153 255.6131 22.1869 56.0739 0.000151
0 21.1913 502.2536 34.3770 19.1617 0.000144
0 324.2034 487.9348 40.0435 48.1304 0.000142
0 415.3979 426.7805 30.2427 21.5961 0.000142
0 3.9327 498.4047 7.6117 23.2797 0.000142
0 472.5858 50.9458 12.2076 30.4388 0.000140
0 289.8679 491.6522 56.9937 36.7401 0.000139
0 474.0969 8.0680 32.9706 16.1360 0.000137
0 80.1465 382.9293 14.2451 22.7426 0.000136
0 464.1497 12.3901 22.9425 22.9730 0.000135
0 531.1162 4.6848 20.5079 9.3696 0.000134
0 33.2899 137.5903 25.4871 32.5547 0.000132
0 204.8351 8.6360 35.0594 17.2720 0.000131
0 148.1001 4.6811 22.4836 9.2757 0.000130
0 466.3878 72.7410 15.7897 37.5944 0.000130
0 51.8911 89.9462 27.8816 35.9374 0.000129
0 433.2633 7.5710 23.5834 15.1420 0.000128
0 575.9561 216.3139 22.1912 34.0173 0.000126
0 7.4880 502.9979 14.7750 18.0042 0.000126
0 78.1295 375.3635 13.7942 21.4014 0.000125
0 2.9513 312.3253 5.7754 26.2194 0.000117
0 2.6562 346.2886 5.3124 39.3607 0.000114
0 13.5059 167.8751 26.0312 33.4108 0.000111
0 242.4202 4.0592 35.6586 8.0291 0.000109
0 2.9368 481.6312 5.8735 26.8564 0.000106
0 374.5853 65.0990 13.3663 29.4827 0.000103
