0 494.0555 216.6252 45.5049 88.7715 0.891668
0 499.6441 183.2032 21.0437 27.0134 0.032210
0 94.4049 393.7119 20.5103 22.0883 0.011251
0 244.5312 317.2066 11.0121 26.7555 0.006800
0 6.3182 408.0681 12.6364 42.6775 0.006369
0 255.4093 318.2268 28.1793 29.1340 0.005853
0 619.7864 506.4656 27.6241 11.0688 0.003894
0 233.1440 503.5067 41.8590 16.9865 0.001416
0 13.1593 407.0835 26.3186 41.6453 0.000995
0 6.4239 10.7490 12.8478 21.4980 0.000818
0 5.6141 421.6722 11.2281 47.2023 0.000748
0 619.2843 499.6613 30.8511 24.6774 0.000717
0 3.5530 391.1658 7.1060 54.4883 0.000698
0 31.1180 451.7611 34.2122 28.4741 0.000620
0 109.5554 338.2315 33.5338 50.1932 0.000541
0 47.7216 4.2110 44.8265 8.4057 0.000460
0 606.3201 506.1891 41.6748 11.6218 0.000419
0 111.1250 325.3263 30.6377 23.2192 0.000395
0 444.0457 496.2069 31.8040 31.5862 0.000380
0 438.6148 507.3701 30.3055 9.2598 0.000371
0 250.0619 311.3243 19.9341 37.7823 0.000308
0 7.2839 504.1051 14.5679 15.7899 0.000298
0 570.1073 199.6899 22.1260 18.8047 0.000290
0 74.0383 192.1205 16.2044 51.7165 0.000286
0 46.3307 369.0395 29.6255 42.9496 0.000285
0 303.4634 508.7637 40.9086 6.4727 0.000280
0 636.5658 48.4403 6.8684 76.7346 0.000258
0 243.8321 307.0139 13.1239 40.6200 0.000253
0 363.2470 476.8870 38.1769 55.6017 0.000252
0 220.1504 506.1958 47.4601 11.6085 0.000195
0 434.4392 499.0993 37.3743 25.8015 0.000191
0 605.9359 500.5465 48.0791 22.9069 0.000184
0 625.5449 495.7745 28.9103 32.4510 0.000179
0 449.9638 505.0565 36.6138 13.8869 0.000173
0 67.3147 3.7416 41.7583 7.4537 0.000165
0 478.7063 36.4023 57.6713 71.9105 0.000164
0 250.7124 506.1048 50.6488 11.7904 0.000156
0 140.5572 5.0844 26.1147 10.0576 0.000156
0 4.8310 362.0506 9.6556 81.2268 0.000148
0 574.8157 193.6919 25.0481 23.5395 0.000142
0 204.9526 118.6874 13.2596 20.3011 0.000139
0 355.5575 3.8721 28.5811 7.7442 0.000138
0 571.3230 186.8471 21.0355 32.1162 0.000123
0 344.0219 505.3704 37.3912 13.2593 0.000118
0 354.0989 503.3103 38.6023 17.3795 0.000118
0 636.3710 82.4922 7.2581 77.4609 0.000116
0 17.1200 10.6407 33.5356 21.2813 0.000105
0 5.0188 452.1683 10.0377 30.9978 0.000104
0 342.0607 24.5117 29.5976 49.0234 0.000102
0 362.3855 28.0756 35.4037 55.4935 0.000102
