0 88.7096 216.7432 14.0639 57.7936 0.715644
0 489.6261 205.4923 21.3046 41.5305 0.567420
0 635.0713 230.3071 9.8575 75.4908 0.327961
0 633.0746 248.7054 13.7178 111.0677 0.031525
0 3.6809 220.5200 7.3618 61.5297 0.001804
0 635.7343 202.8745 8.5314 74.1221 0.000935
0 522.6707 7.6959 30.2029 15.3691 0.000881
0 635.7231 296.9703 8.5536 115.3815 0.000728
0 219.4889 258.2509 24.8874 42.6950 0.000641
0 478.5494 215.0524 15.2422 25.5384 0.000413
0 224.4290 263.9588 26.9667 28.9990 0.000380
0 627.5997 219.0717 22.7521 52.7365 0.000311
0 216.4106 262.3177 14.5556 33.8942 0.000257
0 3.1307 256.7704 6.2615 70.4872 0.000227
0 7.0981 112.1919 14.1962 81.1279 0.000186
