0 513.3507 355.0021 36.2634 69.4614 0.863024
0 273.0784 117.8595 21.4142 26.0574 0.674768
0 306.7239 276.3642 18.6529 24.8949 0.585494
0 246.2289 205.5883 21.1512 52.8120 0.542602
0 178.4916 422.1486 28.7092 47.9744 0.479626
0 523.1943 32.1922 17.8741 43.7634 0.304913
0 567.2095 28.0397 33.0896 24.4391 0.299446
0 512.5809 33.0897 27.2956 53.9240 0.162178
0 270.9179 240.4160 24.0385 19.6718 0.108617
0 574.9774 67.2105 27.6191 57.5126 0.091096
0 511.8122 331.2533 34.0253 22.8944 0.066273
0 196.6265 339.2835 19.5388 24.8690 0.054649
0 514.7214 4.9104 20.9407 9.6407 0.029901
0 209.9706 74.8682 17.3657 28.5715 0.027845
0 517.0897 19.6143 19.8652 37.3387 0.026407
0 80.8177 4.0653 22.3585 8.1305 0.019466
0 635.7621 265.3809 8.4757 50.5994 0.016871
0 273.4393 248.9424 20.2527 27.9973 0.016827
0 87.7293 12.7651 27.4409 25.5302 0.010863
0 636.2719 281.8620 7.4562 39.8811 0.010443
0 217.8259 75.4883 32.2160 29.4307 0.010148
0 274.4863 287.7615 22.4814 16.9285 0.009419
0 636.5460 109.4634 6.9079 48.3620 0.008320
0 275.6552 256.8555 16.5551 20.7707 0.008231
0 89.5495 5.8494 27.9245 11.6304 0.007752
0 161.9917 64.7038 21.3701 32.7368 0.005630
0 527.2741 4.2758 25.4104 8.4575 0.005084
0 635.1526 93.6465 9.6947 60.4407 0.004532
0 153.4948 41.0372 12.5187 20.1816 0.004080
0 511.7438 11.0391 22.3232 21.9978 0.003947
0 630.2466 94.6702 19.5067 59.6480 0.002337
0 636.2552 236.4923 7.4895 55.8483 0.002131
0 556.3888 361.4169 24.8181 45.6982 0.002121
0 563.4509 371.3396 14.4357 24.9656 0.002072
0 281.1922 120.0689 32.9348 27.3582 0.001881
0 559.0927 372.0878 19.5049 31.2688 0.001721
0 565.7573 60.1521 41.5780 63.4784 0.001544
0 632.6349 259.1577 14.7302 43.1808 0.001521
0 506.9682 7.0208 25.5664 13.9290 0.001477
0 575.7500 440.5739 39.0610 64.9420 0.001403
0 599.5212 39.5691 22.2607 19.9399 0.001385
0 259.5670 193.5884 12.7188 29.1412 0.001362
0 372.7181 2.9904 19.3024 5.8715 0.001301
0 636.6673 218.4845 6.6654 46.4285 0.001278
0 70.7670 83.3280 11.5276 20.1417 0.000864
0 155.9745 59.6860 13.1424 38.6278 0.000860
0 632.3739 274.2814 15.2521 44.7406 0.000837
0 81.9470 86.7820 19.9727 20.9657 0.000823
0 229.1454 75.6176 26.8896 28.7983 0.000817
0 631.1796 339.2244 17.6154 46.9397 0.000813
0 105.8035 4.1192 19.8044 8.1884 0.000796
0 554.8422 26.7735 29.3796 26.5902 0.000779
0 75.8677 7.2621 23.0263 14.5242 0.000774
0 272.9796 29.6822 15.3493 33.7875 0.000680
0 563.1523 19.0000 27.7849 38.0001 0.000625
0 563.2042 360.9737 15.7476 41.9794 0.000621
0 382.7367 3.8213 23.5875 7.6426 0.000552
0 576.9775 29.5710 32.8481 26.3568 0.000474
0 116.1540 3.6819 15.1349 7.3533 0.000421
0 485.1864 4.4981 18.0330 8.7740 0.000407
0 248.9289 180.5781 16.5437 27.6281 0.000406
0 180.2432 326.3964 13.8419 15.0416 0.000391
0 191.5890 81.2355 21.5385 30.9211 0.000379
0 205.9552 79.5149 15.0808 34.2716 0.000372
0 63.7468 3.5904 19.9195 6.9807 0.000355
0 496.9772 5.5354 29.3010 10.8524 0.000351
0 636.8776 197.6194 6.2449 62.3592 0.000344
0 3.7562 7.5965 7.5125 14.9254 0.000336
0 632.2047 355.0883 15.5905 52.4797 0.000316
0 633.1653 379.7780 13.6693 39.3456 0.000311
0 243.5943 192.9755 20.7141 37.6269 0.000303
0 559.7325 33.9023 41.2473 30.5859 0.000284
0 635.4409 451.8270 9.1182 58.3074 0.000269
0 617.2699 495.4487 44.6067 32.8750 0.000265
0 637.1687 38.7815 5.6625 31.2693 0.000258
0 255.7286 242.5150 28.8296 18.0251 0.000249
0 381.3570 9.8515 24.6239 18.8880 0.000248
0 98.6984 8.7443 31.4404 17.4886 0.000241
0 169.8972 414.8367 16.1473 37.6874 0.000239
0 202.0648 328.0074 23.8096 42.9794 0.000227
0 227.3583 2.9704 18.2457 5.9408 0.000226
0 634.8383 433.7463 10.3234 43.7935 0.000224
0 634.8151 300.7954 10.3698 64.6552 0.000216
0 77.0924 84.6729 13.9526 21.7420 0.000214
0 120.5484 447.0236 24.4550 44.9142 0.000188
0 636.7783 174.1316 6.4434 54.5140 0.000178
0 593.7981 35.8337 19.5958 25.4215 0.000178
0 546.3317 6.4449 26.8088 12.8898 0.000174
0 599.2926 497.2748 54.1490 29.4503 0.000173
0 387.8583 12.4622 21.0020 22.0850 0.000171
0 636.5435 132.3825 6.9130 59.3054 0.000171
0 395.1710 16.1457 14.0131 26.1241 0.000168
0 179.7914 507.5302 34.1224 8.9396 0.000164
0 625.8344 270.4343 26.3723 37.4637 0.000157
0 625.8602 506.1649 28.2795 11.6701 0.000153
0 90.6164 259.8696 19.4928 15.5668 0.000151
0 554.1043 376.7368 23.0051 33.5659 0.000150
0 499.0837 10.2988 32.4988 20.5427 0.000148
0 123.7457 3.4130 17.7521 6.7832 0.000141
0 393.1730 4.8366 18.1802 9.1687 0.000140
0 175.0424 246.8922 12.3024 19.6447 0.000129
0 563.4398 383.3154 18.2429 35.5598 0.000129
0 282.5895 238.3708 32.6554 24.6346 0.000128
0 632.3687 236.2935 15.2627 52.1057 0.000128
0 630.5281 298.2045 18.4292 51.4034 0.000127
0 625.5777 431.4002 28.8446 46.5993 0.000124
0 360.7310 3.2304 25.4003 6.2830 0.000124
0 632.1328 323.5210 15.7344 53.5647 0.000122
0 213.4992 507.8445 24.8393 8.3111 0.000122
0 3.3275 15.3574 6.6551 30.5903 0.000117
0 631.4019 118.9305 17.1963 52.0136 0.000115
0 119.5652 486.8947 39.1472 50.2106 0.000110
0 478.9098 4.3059 18.8013 8.5916 0.000106
0 258.8655 180.2762 12.5059 33.8145 0.000106
0 220.0219 3.0424 20.2849 6.0848 0.000105
0 546.8618 45.9514 29.2639 45.4508 0.000104
0 7.5038 475.3203 15.0075 67.2587 0.000103
0 294.5930 281.4280 15.0493 25.5287 0.000101
