0 514.6760 276.6713 41.9986 34.5798 0.862293
0 245.4840 256.1363 31.3947 28.4882 0.812124
0 196.8190 90.7062 25.7911 85.2832 0.020538
0 338.1000 507.6059 25.2966 8.7882 0.010791
0 523.4407 429.3306 18.8020 32.9779 0.008376
0 618.3668 11.0783 43.2663 22.0864 0.008226
0 594.7864 494.8654 22.2556 31.6787 0.007903
0 245.9627 287.2955 14.6463 17.7964 0.006825
0 142.6493 352.5030 19.5270 44.7666 0.004675
0 469.8369 508.6892 24.4731 6.6216 0.003895
0 453.8413 508.6409 24.1985 6.7181 0.003584
0 12.1554 382.4575 24.2595 47.1976 0.001868
0 348.2276 508.0425 30.5829 7.9150 0.001650
0 7.5845 24.8275 15.1690 49.6549 0.001577
0 321.7682 507.9526 27.8248 8.0947 0.001534
0 614.8608 6.2036 44.3362 12.3181 0.001320
0 633.0669 202.5407 13.1582 28.1919 0.001251
0 16.4367 33.3945 24.0839 15.2271 0.001155
0 200.0082 270.8166 11.8371 23.5671 0.000917
0 526.7360 436.6761 21.0728 34.9337 0.000859
0 105.6333 173.7592 19.5559 19.5057 0.000814
0 9.2990 31.9642 15.3626 22.4491 0.000770
0 602.4748 495.7881 25.0315 29.5674 0.000764
0 41.5691 142.9797 17.5054 20.3835 0.000763
0 607.7859 4.1990 37.4185 8.3906 0.000658
0 199.0971 507.3613 16.5712 9.2774 0.000637
0 486.9074 507.5554 27.8115 8.8893 0.000621
0 5.1674 38.2122 9.9722 23.0026 0.000567
0 3.9385 437.4348 7.8769 40.0569 0.000558
0 51.5737 385.9716 17.1490 48.9279 0.000446
0 328.9848 504.6736 29.6713 14.5278 0.000445
0 508.6070 503.1447 24.7006 17.7107 0.000436
0 341.7231 505.0793 25.1776 13.4797 0.000424
0 522.2711 448.4468 18.4458 19.5601 0.000390
0 440.3880 508.7918 23.4482 6.4163 0.000389
0 282.5791 5.1608 25.9523 10.2083 0.000372
0 531.5397 486.1393 14.7887 16.5181 0.000365
0 331.7772 179.5747 17.9283 18.1378 0.000359
0 15.0904 473.7434 24.8278 36.3796 0.000355
0 498.6595 502.9395 28.9152 17.8093 0.000346
0 625.7980 208.4203 22.8181 35.5818 0.000333
0 606.3304 506.4371 26.2664 11.1259 0.000323
0 30.1027 136.7614 12.7142 20.2499 0.000318
0 245.2602 5.1178 19.7674 10.1949 0.000309
0 631.9879 189.0097 16.0242 58.0677 0.000305
0 454.5995 504.5085 22.3288 14.0543 0.000301
0 150.7965 508.2984 25.5483 7.4031 0.000286
0 309.0401 508.0421 21.0120 7.9158 0.000283
0 478.3072 503.7117 20.3705 16.1960 0.000274
0 274.3090 5.3987 24.0216 10.7281 0.000258
0 510.7147 432.6941 17.6061 35.3677 0.000245
0 87.1289 506.6555 45.4205 10.6890 0.000244
0 476.6545 163.6812 26.3865 45.8000 0.000244
0 78.4401 503.7010 31.6871 16.5981 0.000242
0 627.7242 19.1947 24.5515 38.3895 0.000229
0 209.3959 268.2731 13.4627 19.5295 0.000218
0 162.2422 181.6960 13.4453 12.6123 0.000216
0 397.5123 508.5641 24.3170 6.8719 0.000211
0 82.4870 65.8615 23.8771 35.7295 0.000207
0 468.7355 504.4063 23.6888 14.6511 0.000205
0 388.5635 508.4738 20.3561 7.0524 0.000194
0 238.0267 5.7201 19.6181 11.3256 0.000188
0 150.2935 3.5527 20.8286 7.0461 0.000185
0 9.4490 91.0710 15.5251 20.4933 0.000178
0 492.7618 491.6106 29.8391 31.2751 0.000164
0 519.2198 466.4627 20.8400 21.3324 0.000159
0 517.3589 505.1674 27.1690 13.6652 0.000158
0 225.0771 508.5486 19.7793 6.9028 0.000151
0 619.6751 508.2826 31.1140 7.4349 0.000147
0 3.0647 130.3141 6.1293 32.4495 0.000145
0 361.0547 508.4183 29.5568 7.1635 0.000145
0 4.4047 55.7445 8.8094 34.1745 0.000141
0 505.3770 497.5782 23.1869 20.1474 0.000140
0 244.9576 147.0081 27.0444 13.8668 0.000134
0 476.9414 152.5432 24.5480 23.4537 0.000131
0 514.2990 242.3878 22.8418 19.3622 0.000130
0 340.4262 4.6441 19.4685 9.2883 0.000129
0 101.1791 507.6437 27.7003 8.6000 0.000129
0 415.1811 493.4516 20.7386 26.9523 0.000127
0 430.0160 508.5431 28.8146 6.9138 0.000123
0 407.3897 508.2419 27.7661 7.5162 0.000122
0 153.8769 182.1347 21.3525 14.7596 0.000118
0 413.8383 506.0000 25.1613 11.9999 0.000115
0 49.3768 309.2125 24.1897 41.7949 0.000113
0 634.1100 506.0761 11.7800 11.8478 0.000111
0 197.2986 274.1451 15.1308 32.3712 0.000111
0 247.6613 9.7720 23.2145 19.2200 0.000109
0 3.6191 410.0051 7.2381 58.8917 0.000108
0 628.3241 507.8749 23.3518 8.2502 0.000108
0 522.5969 480.8953 20.4460 22.8503 0.000107
0 2.9642 140.4116 5.9283 17.2840 0.000107
0 111.4082 507.7568 34.6065 8.2163 0.000106
0 447.6050 503.9769 22.7579 15.3416 0.000104
0 538.5348 484.4098 14.1562 18.7277 0.000100
