0 193.7924 379.5895 71.6424 39.3883 0.875205
0 400.0336 331.7803 29.6688 17.1630 0.655083
0 463.1146 499.1598 67.7600 25.6804 0.031979
0 69.2034 472.3079 59.2853 77.4242 0.003480
0 395.9323 359.7324 46.2156 70.5448 0.000933
0 446.0452 502.9386 57.1868 18.1228 0.000646
0 484.5635 491.6424 105.0953 40.3684 0.000557
0 399.9320 341.5674 35.4258 35.1785 0.000519
0 412.8896 329.7800 52.6163 15.4629 0.000310
0 393.5601 335.3285 41.0717 23.0548 0.000292
0 2.8866 374.5338 5.7732 62.1599 0.000213
0 402.1649 323.0809 30.5754 31.9198 0.000204
0 387.1530 378.4500 61.9036 105.9385 0.000194
0 4.1927 441.2988 8.3855 81.9739 0.000174
0 338.2549 385.1089 82.0518 72.0884 0.000168
0 534.3542 507.2442 38.4351 9.5115 0.000144
0 243.9335 433.9883 139.7219 156.0235 0.000118
0 2.9039 408.9788 5.8079 66.9919 0.000109
