0 477.8609 161.4429 33.0710 130.6080 0.890222
0 525.3007 438.8399 63.0271 146.3201 0.672597
0 632.2279 13.1865 15.5442 26.3730 0.139249
0 22.5108 8.3933 41.0820 16.7865 0.024030
0 376.3091 8.9922 24.1554 17.9220 0.015158
0 540.2151 434.8405 34.3805 129.3893 0.010218
0 616.7130 12.9968 46.5741 25.7969 0.009020
0 35.7771 8.4301 36.8975 16.8603 0.008055
0 10.4095 7.0537 20.7871 14.1004 0.005254
0 587.5485 9.7434 25.9763 19.3576 0.004350
0 263.4990 503.5197 41.6800 16.9605 0.002924
0 431.7874 213.7173 56.9493 75.1549 0.002820
0 600.9589 11.6905 46.3944 23.1073 0.001857
0 13.3350 505.1429 26.6700 13.7142 0.000854
0 541.7142 402.4374 31.9314 63.0416 0.000828
0 527.3646 475.3422 58.4359 73.3157 0.000820
0 251.0995 502.6802 23.4536 18.6396 0.000742
0 634.5817 495.9312 10.8367 32.1376 0.000703
0 276.4380 504.6884 47.5253 14.6232 0.000688
0 333.7556 4.2206 17.9951 8.4412 0.000665
0 361.6906 8.5905 47.3937 17.1412 0.000506
0 17.3459 15.7556 34.6375 31.5112 0.000445
0 633.8341 257.1257 12.3318 64.4765 0.000424
0 237.0448 296.9578 24.3917 33.5233 0.000424
0 293.6617 505.8031 37.7183 12.3937 0.000400
0 635.6731 26.4013 8.6538 52.2566 0.000301
0 6.5087 20.7295 13.0173 41.4591 0.000285
0 455.3200 506.2482 27.9850 11.5036 0.000263
0 591.1439 16.5348 33.0542 32.4481 0.000259
0 538.2487 5.9707 31.2405 11.9415 0.000239
0 624.4788 19.7235 31.0424 39.1032 0.000229
0 629.4200 494.4617 21.1599 35.0767 0.000221
0 334.2769 11.2624 18.7750 22.5249 0.000182
0 248.3340 493.9248 20.4894 35.9180 0.000177
0 13.8011 495.1972 27.6023 33.3201 0.000173
0 243.3076 505.2391 34.7244 13.5218 0.000168
0 634.9513 235.8161 10.0974 82.4896 0.000164
0 447.5588 502.3896 30.3109 19.2209 0.000128
0 50.8162 6.9827 43.0231 13.8626 0.000119
0 541.2507 380.7133 29.8899 22.0731 0.000117
0 559.7239 422.2390 65.4600 105.9060 0.000115
0 635.6886 420.7469 8.6228 105.8451 0.000114
0 634.2109 391.8996 11.5781 73.0478 0.000110
0 390.1660 247.0043 42.6185 63.3716 0.000109
0 188.7796 378.0294 30.0820 38.1921 0.000109
0 124.9945 4.2965 27.3671 8.5929 0.000109
0 344.0931 5.9273 35.2792 11.7119 0.000106
