0 580.5120 102.6294 33.4915 110.0625 0.900548
0 539.8412 97.3700 32.9045 103.7826 0.889570
0 635.0258 99.4139 9.9485 119.1128 0.026520
0 633.9432 307.2188 12.1135 81.3795 0.009446
0 435.7122 3.6602 27.3219 7.3203 0.005362
0 317.4982 3.9963 22.2681 7.9925 0.003283
0 428.3512 5.2227 39.2688 10.3971 0.002980
0 4.1318 47.7767 8.2636 46.9982 0.002330
0 507.2365 500.0739 55.9897 23.7657 0.002329
0 3.4538 385.7220 6.9076 47.8735 0.002259
0 375.2607 497.5421 37.1722 26.2158 0.001865
0 375.8193 505.9649 38.9365 12.0547 0.001453
0 82.6031 9.0738 37.3035 18.1477 0.001444
0 3.6718 366.4761 7.3436 49.7640 0.001435
0 436.7272 11.4881 29.6183 22.9762 0.001226
0 635.4522 292.0794 9.0956 62.5522 0.001193
0 369.5806 501.8276 27.6392 20.3448 0.001148
0 442.1989 6.5197 36.0652 12.9620 0.000928
0 3.8022 397.6987 7.6044 98.0909 0.000913
0 165.2171 417.0148 28.1114 33.0325 0.000901
0 525.4525 500.6355 48.0128 22.7289 0.000554
0 636.6953 130.6280 6.6094 144.0017 0.000489
0 618.7186 15.7394 33.7343 31.4788 0.000472
0 634.8157 341.6153 10.3687 73.4438 0.000448
0 407.2966 246.5684 56.0757 74.7330 0.000429
0 4.0388 111.2356 8.0775 83.4878 0.000393
0 3.5921 71.5983 7.1843 75.7097 0.000373
0 333.9163 508.9813 28.6522 6.0375 0.000367
0 246.2720 5.5598 25.4951 11.1195 0.000331
0 632.2938 124.0112 15.4124 162.1104 0.000260
0 302.0811 5.8374 30.1827 11.6748 0.000256
0 635.7401 270.7477 8.5197 72.7889 0.000248
0 318.3919 7.0972 26.7455 14.1944 0.000248
0 630.4713 334.7607 18.7157 57.7400 0.000237
0 210.1312 507.5528 41.8817 8.8944 0.000214
0 332.2578 4.9217 41.6493 9.7535 0.000205
0 633.3483 381.8604 13.3035 48.6351 0.000197
0 192.6762 508.7043 31.2189 6.5913 0.000193
0 545.2701 504.5351 30.8391 14.9297 0.000185
0 635.3935 431.6741 9.2130 68.3136 0.000172
0 388.9920 5.9251 29.1470 11.8503 0.000169
0 9.4218 110.8266 18.8436 81.8182 0.000165
0 419.2761 12.9421 60.1815 25.8431 0.000165
0 31.5425 507.2956 38.3525 9.4089 0.000161
0 411.5997 5.8392 55.0353 11.6784 0.000158
0 7.3070 40.3029 14.6140 61.9592 0.000140
0 629.6211 391.1387 20.7579 59.2927 0.000138
0 509.6963 480.3154 49.3662 62.8496 0.000133
0 632.7222 283.6138 14.5556 62.9197 0.000124
0 309.6628 7.8092 29.9652 15.6183 0.000122
0 342.6991 508.4373 37.2460 7.1255 0.000121
0 544.2488 416.2327 58.4976 86.1159 0.000119
0 496.8621 494.4677 62.3484 34.6979 0.000111
