0 591.7953 100.6168 31.2252 105.7832 0.877228
0 573.7979 58.3522 19.2327 34.1764 0.526688
0 482.2747 4.9563 26.7568 9.9126 0.009254
0 630.6133 358.9616 18.7733 58.5356 0.005157
0 485.0778 10.0384 27.4288 20.0769 0.003826
0 449.9211 244.8278 58.3246 76.2468 0.001575
0 3.7066 362.3920 7.4131 56.3733 0.001133
0 334.3958 507.5582 30.6488 8.8835 0.001023
0 288.8730 4.1088 24.7164 8.2177 0.000617
0 576.8343 67.5567 17.5128 47.2579 0.000616
0 5.5574 13.7706 11.1147 27.5412 0.000607
0 15.7680 27.7163 31.5359 55.4096 0.000582
0 7.3233 27.3347 14.6467 54.6694 0.000498
0 533.1937 500.6324 45.7805 22.6405 0.000466
0 3.8415 389.7116 7.6830 99.4901 0.000434
0 589.0939 61.1883 19.9912 30.7125 0.000431
0 11.5993 10.4000 23.1985 20.7665 0.000422
0 500.7077 8.7072 51.9652 17.3184 0.000370
0 403.9666 505.5478 30.8746 12.9045 0.000364
0 627.5013 285.0891 24.9974 74.7141 0.000309
0 436.1111 4.2125 29.4854 8.4250 0.000271
0 369.4702 508.3525 28.9685 7.2950 0.000241
0 127.2488 9.3508 46.3694 18.6935 0.000239
0 331.1743 5.2046 30.9103 10.4093 0.000226
0 464.8584 5.5728 54.4036 11.1456 0.000214
0 392.1065 506.9553 39.9439 10.0894 0.000196
0 466.8650 13.3660 62.2124 26.6573 0.000168
0 548.4083 499.2681 57.6123 25.4393 0.000167
0 431.5368 506.1850 40.7712 11.6301 0.000163
0 236.5764 507.3495 30.0910 9.3009 0.000151
0 589.8193 73.7568 23.0005 55.4033 0.000151
0 278.9107 4.3813 25.3402 8.7627 0.000148
0 247.1000 507.6051 32.2961 8.7897 0.000131
0 6.1481 46.6321 12.2963 80.3303 0.000130
0 634.7286 384.3564 10.5428 88.1665 0.000120
0 559.9946 53.5676 30.7976 52.4974 0.000117
0 18.5492 507.5544 33.8783 8.8912 0.000114
0 518.4361 7.3599 33.7152 14.6944 0.000113
0 8.4790 391.3187 16.9580 117.6461 0.000108
0 13.0562 505.0436 26.1124 13.7542 0.000107
0 320.0571 5.1026 32.9143 10.2052 0.000102
0 446.8715 4.3071 35.7719 8.4982 0.000102
