0 352.3859 299.2868 42.8473 92.8590 0.812298
0 87.9114 286.4437 47.2747 26.7649 0.680041
0 257.2693 434.2008 31.8214 40.1307 0.112151
0 536.0662 271.6549 33.2727 29.0001 0.105586
0 257.9443 378.7939 34.2269 34.9083 0.079871
0 362.0978 241.0740 29.8173 61.7144 0.044136
0 584.6434 367.2297 22.0717 29.0432 0.002785
0 14.0073 257.0228 20.0885 19.9179 0.002580
0 5.6886 198.6142 11.3772 31.1172 0.001448
0 63.6802 509.5010 30.4950 4.9980 0.001178
0 9.6343 260.9426 18.8772 28.3225 0.000845
0 4.8732 213.3656 9.7465 37.6832 0.000801
0 485.4996 498.2247 35.1913 27.5507 0.000780
0 613.4365 373.8080 28.2467 51.3442 0.000721
0 79.0494 288.0432 31.3270 19.8303 0.000668
0 5.0457 171.1202 10.0915 29.4086 0.000657
0 6.2097 250.0445 12.4113 28.4648 0.000565
0 354.3774 275.1839 44.4735 47.6413 0.000546
0 5.2506 154.7846 10.5011 46.5949 0.000545
0 96.4652 3.6594 21.0419 7.3188 0.000518
0 29.8851 151.3069 33.7652 69.3131 0.000496
0 4.1585 239.7005 8.3170 32.2798 0.000486
0 633.0153 4.6483 13.9568 9.2965 0.000472
0 99.2340 17.3778 20.8203 34.7556 0.000403
0 631.8196 212.4984 16.3609 36.3101 0.000397
0 140.4826 11.3161 19.7438 22.3698 0.000389
0 549.3717 215.8609 8.7400 32.2243 0.000376
0 634.5424 11.7874 10.9153 23.5748 0.000361
0 21.9170 256.6160 20.8370 19.8571 0.000361
0 196.0378 3.9136 18.1004 7.7499 0.000345
0 637.1570 430.8964 5.6860 56.9802 0.000339
0 228.0469 83.6770 16.6972 18.6693 0.000299
0 197.5766 506.1894 31.3639 11.6212 0.000299
0 52.6880 509.2415 32.5114 5.5169 0.000284
0 81.4152 114.1474 16.1907 21.7899 0.000276
0 133.3704 8.6957 32.6882 17.1376 0.000223
0 600.3940 373.4048 49.7653 50.7433 0.000223
0 4.2278 134.9546 8.4555 49.6802 0.000218
0 11.1196 206.3677 20.9842 30.7462 0.000179
0 105.6236 6.9437 28.6526 13.8341 0.000174
0 324.9061 170.4305 23.0939 19.1500 0.000173
0 532.7540 427.9126 17.5365 26.1798 0.000173
0 258.1472 406.6779 36.5118 89.7118 0.000168
0 636.7755 408.2525 6.4491 61.7524 0.000168
0 11.3352 243.0494 20.2729 33.2767 0.000159
0 633.4825 76.3778 13.0212 38.5745 0.000155
0 472.5104 503.6877 22.1602 16.6058 0.000154
0 232.8024 81.5761 18.7249 16.8111 0.000153
0 23.5211 178.2733 23.1222 21.2982 0.000153
0 244.3728 78.8956 11.4951 17.6497 0.000148
0 135.6862 32.1159 29.6137 63.7140 0.000145
0 553.5334 216.6335 13.4792 35.0854 0.000140
0 6.6232 267.1165 13.2463 34.3373 0.000137
0 109.1151 205.5421 35.2578 66.5060 0.000136
0 19.0010 265.4832 17.9623 35.3699 0.000134
0 129.7884 18.6427 41.2569 37.1314 0.000127
0 299.1587 474.4327 28.1888 23.3726 0.000126
0 364.4529 257.7935 26.5877 28.2519 0.000122
0 629.8292 500.3709 20.3415 23.2582 0.000121
0 89.0412 3.9442 25.0469 7.8884 0.000121
0 621.8912 383.0882 27.1669 67.9412 0.000117
0 3.3592 349.6104 6.7185 26.8275 0.000114
0 371.2849 508.7266 26.8678 6.5468 0.000112
0 3.3737 24.3382 6.7474 48.6764 0.000107
0 9.9022 189.4903 18.6629 29.3802 0.000105
0 142.3468 27.9471 17.8182 53.0420 0.000105
0 76.9109 508.7549 36.1159 6.4903 0.000104
0 494.3464 496.0712 20.1608 26.3575 0.000103
0 185.9602 506.6956 31.2410 10.6087 0.000102
0 627.6649 10.5059 24.6702 20.9296 0.000101
