0 500.0065 489.8936 27.4969 44.2128 0.791848
0 332.6978 255.5752 29.9706 53.4443 0.444734
0 230.3736 99.1520 28.9018 22.4154 0.072740
0 562.1774 11.4113 31.8239 22.8227 0.045311
0 42.1517 3.6681 16.2139 7.3362 0.004143
0 458.9673 123.5729 13.7437 23.9666 0.003100
0 13.4510 386.8999 26.3082 45.5560 0.001960
0 134.4620 86.8198 30.2890 23.7077 0.001495
0 48.7906 4.6636 25.6143 9.3273 0.001237
0 294.2282 310.7873 37.6587 98.1881 0.001148
0 33.1612 3.7110 25.6201 7.4220 0.001046
0 6.2004 199.0220 12.4007 72.4411 0.000988
0 575.8317 7.6177 49.2283 15.0993 0.000931
0 637.0929 14.3947 5.8142 28.7895 0.000925
0 636.2017 472.7964 7.5967 47.2479 0.000805
0 4.9317 296.2250 9.8634 48.1761 0.000725
0 11.3566 255.9643 22.7132 49.6954 0.000676
0 2.9601 316.0700 5.9201 50.8559 0.000673
0 5.6167 398.9554 11.2334 57.7345 0.000650
0 424.1074 3.2271 29.4280 6.4315 0.000610
0 637.2659 28.4230 5.4681 50.5644 0.000511
0 43.6487 7.4891 18.3119 14.9781 0.000479
0 22.4139 508.4286 31.8962 7.1427 0.000437
0 546.5348 11.4961 50.4565 22.9922 0.000425
0 10.6710 285.2280 21.3420 62.7958 0.000333
0 3.0396 410.4979 6.0793 52.7413 0.000332
0 422.3545 484.7145 48.7998 54.5709 0.000329
0 458.7551 114.0715 15.2816 41.5515 0.000324
0 5.6806 243.8999 11.3612 54.3246 0.000305
0 631.5203 9.1200 16.8998 18.1747 0.000304
0 455.3007 128.2903 16.7184 31.4172 0.000286
0 3.0644 335.9496 6.1288 64.7574 0.000271
0 100.2870 507.2871 32.3929 9.4258 0.000243
0 60.8301 6.3789 34.1295 12.7578 0.000220
0 320.3094 266.9214 46.5149 68.9076 0.000217
0 199.3604 89.6255 17.0358 13.9255 0.000216
0 51.3456 7.9787 29.4874 15.9575 0.000214
0 339.7918 203.6282 44.9350 90.5165 0.000198
0 109.9713 498.3613 31.8141 27.2775 0.000196
0 487.2108 489.0334 47.8030 45.9332 0.000196
0 281.8532 317.5126 16.7615 51.2991 0.000194
0 6.8355 505.0761 13.6710 13.8478 0.000187
0 513.7441 496.3320 43.4043 31.1794 0.000176
0 435.9050 2.8402 25.4793 5.5603 0.000173
0 538.5824 4.6566 36.8777 9.0975 0.000168
0 8.8508 212.8274 17.5563 75.8284 0.000161
0 302.3654 295.4605 27.7614 72.7480 0.000152
0 318.7925 212.0489 88.4288 116.6801 0.000147
0 283.5614 302.5911 19.5238 85.8046 0.000138
0 589.4614 3.8949 32.7183 7.7053 0.000134
0 635.5778 492.6025 8.8445 38.7950 0.000122
0 89.1211 5.3921 40.2509 10.7842 0.000120
0 207.7527 9.5128 25.2882 19.0256 0.000118
0 153.2482 6.2397 16.8621 11.9832 0.000116
0 3.7907 61.2749 7.5814 58.1739 0.000115
0 4.1130 494.5480 8.2260 33.3687 0.000114
0 637.1462 85.3954 5.7075 49.6756 0.000107
0 345.5094 217.2463 33.9808 56.8148 0.000105
0 342.0012 240.3794 35.5291 37.8742 0.000104
