0 301.8831 290.1803 30.7246 61.5615 0.876739
0 268.3571 296.0123 30.4378 68.3502 0.867447
0 331.2405 289.9877 23.2058 59.3629 0.864543
0 242.1705 295.1239 22.7969 67.9083 0.812353
0 85.2853 3.4293 34.0465 6.8269 0.103008
0 101.6648 3.5850 45.7780 6.9717 0.009007
0 621.4906 505.6607 26.8928 12.6786 0.005556
0 274.2579 357.6124 18.4709 18.1971 0.003725
0 71.6309 248.4671 20.8878 31.5510 0.002566
0 261.9920 3.0950 23.9985 5.9632 0.002313
0 83.5800 7.3116 36.6101 14.6233 0.001943
0 8.7422 183.1872 17.4844 45.0383 0.001798
0 176.3025 508.1124 20.7165 7.7752 0.001047
0 338.8090 507.1808 28.5233 9.6384 0.000999
0 14.2898 19.3270 28.5795 38.2386 0.000895
0 15.1839 4.6593 29.7738 9.2852 0.000884
0 636.6213 395.9630 6.7574 38.1569 0.000883
0 248.2351 296.2563 14.8911 66.6561 0.000879
0 96.8997 7.8302 48.8269 15.6605 0.000812
0 637.1330 322.3340 5.7340 29.5587 0.000809
0 21.8873 3.1425 26.9389 6.2840 0.000780
0 589.2953 294.2805 24.6394 42.3755 0.000751
0 66.2383 244.3860 16.9966 24.5479 0.000709
0 117.7178 3.3042 49.1238 6.3734 0.000695
0 636.9370 379.3782 6.1261 35.2800 0.000604
0 137.2446 2.8177 24.9936 5.4668 0.000594
0 2.9887 453.5534 5.9774 51.8470 0.000589
0 319.9045 507.8300 25.9318 8.3400 0.000570
0 3.2009 432.0170 6.4017 55.4351 0.000549
0 637.0795 333.7245 5.8409 33.8285 0.000546
0 6.7959 25.1534 13.5918 49.3535 0.000423
0 636.2965 411.7048 7.4070 39.2609 0.000397
0 471.3662 121.7758 17.8121 23.4157 0.000388
0 342.2974 502.9920 23.1884 18.0159 0.000383
0 144.7639 2.6980 20.6887 5.1837 0.000380
0 616.2244 502.6199 34.5525 18.6588 0.000371
0 637.0294 351.5856 5.9412 39.2396 0.000353
0 78.4991 245.5593 31.1403 38.8864 0.000351
0 273.3032 366.7400 19.0930 35.4783 0.000350
0 270.6910 3.5006 24.0278 6.6897 0.000344
0 636.1190 303.2243 7.7620 28.7347 0.000304
0 624.9984 200.0838 29.8854 30.0493 0.000277
0 580.3338 301.0572 16.0557 34.2585 0.000276
0 7.4498 165.4000 14.8996 56.9887 0.000245
0 72.3898 113.9942 12.2208 21.5026 0.000238
0 165.3513 508.5214 30.6370 6.9572 0.000209
0 629.9962 19.6050 20.0076 37.0635 0.000206
0 254.3815 244.6951 19.2339 22.2455 0.000197
0 259.0576 249.2553 22.8766 31.3136 0.000193
0 535.1754 509.3675 31.9463 5.2650 0.000188
0 635.2000 442.0231 9.6000 37.8953 0.000187
0 634.5021 465.3341 10.9957 47.8635 0.000177
0 545.0900 7.0411 23.3298 14.0822 0.000175
0 553.8762 5.7525 22.6442 11.5050 0.000173
0 4.6304 68.6497 9.2608 44.2477 0.000161
0 633.6616 291.8293 12.6768 41.3490 0.000148
0 249.1450 4.0188 26.5921 8.0376 0.000126
0 88.1767 12.9177 38.1907 25.5969 0.000125
0 281.7741 3.6000 26.8103 7.0259 0.000119
0 5.9964 195.6590 11.9928 52.5847 0.000119
0 22.1312 9.5592 33.1233 19.1183 0.000103
