0 261.3318 315.4886 29.5887 76.9723 0.862780
0 325.1703 340.6370 26.2331 24.1149 0.696599
0 286.9919 332.1678 29.8818 104.1959 0.529841
0 3.1637 352.1196 6.3274 74.5797 0.002227
0 3.2603 332.2018 6.5206 48.2108 0.001088
0 322.4614 315.9310 31.3815 74.5537 0.000886
0 267.6924 4.6071 33.3121 9.2142 0.000628
0 275.2604 7.0211 33.2723 14.0422 0.000518
0 637.1578 363.5070 5.6844 86.7163 0.000507
0 11.9754 215.5392 23.9508 76.0992 0.000416
0 276.2084 19.4150 33.9292 38.8300 0.000386
0 624.8538 362.2873 30.2924 88.9972 0.000354
0 543.7061 506.7314 25.0195 10.5372 0.000317
0 137.0454 3.3402 27.2303 6.6804 0.000292
0 636.6406 483.9547 6.7188 48.7397 0.000239
0 558.9695 507.5893 33.8806 8.8214 0.000184
0 3.3172 293.5453 6.6344 39.7961 0.000134
0 635.8904 495.5346 8.2192 32.9308 0.000125
0 127.6950 3.9146 41.6130 7.8293 0.000122
0 533.9119 504.7943 45.2152 14.4115 0.000115
0 334.1028 341.0212 33.7275 27.9182 0.000114
0 3.2643 311.9153 6.5286 67.6002 0.000113
0 40.6255 2.9301 24.5584 5.8602 0.000113
0 636.4158 456.4576 7.1683 79.6670 0.000104
