0 241.2359 254.7018 33.3081 67.6414 0.862967
0 27.4365 189.3139 25.1044 59.6435 0.140807
0 45.6554 502.7588 34.0508 18.4824 0.001580
0 615.5658 334.1846 48.8198 73.2511 0.001245
0 312.9227 5.5943 40.9894 11.1885 0.000483
0 28.3170 505.2046 39.2770 13.5908 0.000468
0 59.3855 503.3348 39.4014 17.3303 0.000393
0 624.2278 320.3611 31.5443 46.7146 0.000302
0 6.3107 81.4433 12.6040 34.8773 0.000259
0 632.0588 46.6660 15.8823 65.4733 0.000223
0 4.9946 27.2206 9.9892 46.9469 0.000169
0 15.6049 505.8864 26.8618 12.2273 0.000155
0 20.1193 201.9761 35.9953 87.1813 0.000153
0 8.9989 204.1744 17.8888 83.9841 0.000131
0 201.3587 167.2310 28.9055 56.4245 0.000124
