0 398.2567 340.4731 24.1383 25.6213 0.828481
0 636.1880 335.2547 7.6239 73.8632 0.094923
0 4.5855 422.5310 9.1709 66.2524 0.044623
0 4.2984 249.5932 8.5969 47.9382 0.019895
0 4.3506 447.2142 8.7011 61.0225 0.015702
0 3.9171 219.7333 7.8342 98.0203 0.005748
0 632.3251 332.4536 15.3497 77.5431 0.003198
0 291.1223 344.6898 14.3546 36.4326 0.001615
0 636.1292 365.4415 7.7417 110.8738 0.001533
0 8.7617 253.5364 17.1439 48.7345 0.001224
0 14.1331 417.8961 28.2661 73.2836 0.001029
0 3.5886 272.6241 7.1027 54.6763 0.000547
0 637.0513 313.7312 5.8973 95.3131 0.000514
0 2.9440 313.4130 5.8881 45.6388 0.000426
0 397.0255 319.2490 26.1440 68.4357 0.000356
0 90.8854 385.7517 33.8319 92.3921 0.000311
0 191.3113 205.6677 31.0311 31.9925 0.000280
0 270.4082 4.2491 24.1989 8.4983 0.000263
0 278.2085 504.4182 35.7715 15.1636 0.000199
0 626.6079 338.1712 24.3083 56.0895 0.000197
0 330.3088 508.9329 20.5232 6.1343 0.000189
0 4.0994 394.7594 8.1693 131.6263 0.000163
0 7.7301 460.3983 15.1547 86.4607 0.000161
0 16.1130 268.3681 20.1005 23.5281 0.000124
0 289.8989 505.4195 14.7161 13.1611 0.000105
0 636.2111 479.9211 7.5046 59.3403 0.000104
