0 603.6283 208.4177 62.8564 73.8179 0.891344
0 347.1556 280.2167 78.1707 129.3533 0.841973
0 632.5012 211.8107 14.9977 68.3094 0.006254
0 635.2538 222.7746 9.4924 82.4033 0.004278
0 604.3882 243.2090 67.3719 150.4049 0.001183
0 635.8044 256.2052 8.3912 105.3286 0.000348
0 634.8730 187.6008 10.2540 89.9444 0.000277
0 98.0003 473.2768 42.0282 77.4465 0.000221
0 630.2161 190.7692 18.6926 79.9955 0.000187
0 70.0919 471.2808 61.0630 81.4385 0.000180
0 515.9148 61.7766 32.0249 50.5093 0.000157
0 3.4165 443.2481 6.8331 80.9076 0.000127
0 636.0327 309.7076 7.9346 151.0184 0.000124
0 636.3371 160.2150 7.3258 86.2098 0.000111
