0 221.4359 310.7913 34.8330 101.2742 0.894588
0 405.3299 303.3400 23.2213 80.9733 0.872183
0 317.9882 304.6285 24.3748 43.5208 0.845702
0 636.9814 275.4950 6.0372 75.6160 0.003133
0 635.7599 296.8198 8.4801 82.4746 0.001027
0 3.4122 344.5971 6.8245 88.0194 0.000615
0 7.0055 14.5945 14.0110 29.1891 0.000494
0 2.7109 283.1819 5.4217 29.3512 0.000381
0 314.1913 4.9489 24.6802 9.8978 0.000352
0 635.8007 48.3911 8.3987 62.8035 0.000224
0 506.2184 15.9611 18.9646 31.9221 0.000163
0 547.4486 19.6416 18.6467 39.0076 0.000122
