0 543.0620 390.0302 49.5129 67.0208 0.881102
0 307.2814 312.0729 24.4809 76.3094 0.862536
0 348.1596 369.7259 25.7286 12.1392 0.804813
0 9.2541 328.0721 18.5082 106.4923 0.008988
0 165.5173 288.9421 13.1117 36.2731 0.000891
0 6.0988 342.9901 12.1975 79.5632 0.000676
0 64.4497 259.2192 16.4465 20.5724 0.000646
0 348.1936 375.7173 26.1514 24.0962 0.000640
0 3.6269 351.0506 7.2538 62.0354 0.000510
0 190.0884 9.9747 47.7599 19.9494 0.000502
0 187.4128 301.0937 13.2822 36.0988 0.000473
0 348.1662 361.7928 26.6164 28.7842 0.000426
0 113.1192 298.8911 16.8808 25.0948 0.000280
0 183.8716 297.1532 11.2432 29.3757 0.000263
0 4.5639 313.9399 9.1277 115.6211 0.000239
0 169.8636 289.7484 14.5415 33.3672 0.000148
0 179.0839 291.4976 15.8133 31.0116 0.000139
0 636.4091 366.5001 7.1819 46.4457 0.000125
0 2.9684 284.4736 5.9368 52.2739 0.000120
0 176.5531 28.2372 56.5256 56.4744 0.000108
