0 252.3019 235.7879 20.8287 51.0039 0.856817
0 310.4760 210.2002 19.2399 35.1193 0.844979
0 14.8010 221.5483 22.3235 20.0861 0.019302
0 325.7805 319.2864 11.8611 11.0141 0.015012
0 449.7189 505.8837 28.0862 12.2326 0.003800
0 378.7728 509.2358 19.5653 5.5284 0.001961
0 5.8097 499.6480 11.6195 24.7040 0.001760
0 343.0052 319.6750 13.1125 15.5287 0.001585
0 4.1351 65.6993 8.2701 40.2737 0.001050
0 303.8763 499.4079 27.0326 24.9378 0.000941
0 599.7905 9.9717 30.2231 18.6288 0.000704
0 291.0502 506.7719 27.3516 10.4563 0.000704
0 297.3768 504.3557 30.0574 15.2886 0.000644
0 439.9411 504.9563 20.5403 14.0875 0.000563
0 433.1310 505.6126 20.1521 12.7748 0.000470
0 637.7280 426.9999 4.5441 30.2548 0.000434
0 51.3742 310.6052 19.3863 21.2474 0.000380
0 6.1279 405.6508 12.2559 35.1134 0.000358
0 426.2952 506.7009 24.1602 10.5983 0.000310
0 151.3270 508.9579 33.2718 5.9653 0.000297
0 169.3755 508.7717 25.3177 6.4077 0.000295
0 447.4796 497.5879 24.2744 28.3353 0.000290
0 223.1624 505.9270 31.3697 12.1460 0.000289
0 5.9139 484.6616 11.8278 54.6769 0.000281
0 556.9525 508.4417 22.3860 7.1166 0.000279
0 637.2917 406.6425 5.4166 45.9575 0.000275
0 196.8511 508.1125 23.4797 7.7750 0.000262
0 189.4184 508.3197 20.1041 7.3606 0.000233
0 206.3803 507.4696 28.4356 9.0607 0.000204
0 180.3435 508.5470 21.5668 6.8969 0.000193
0 549.5859 507.9694 32.0673 8.0613 0.000191
0 414.9316 507.5685 18.6639 8.7995 0.000183
0 77.1951 507.9126 27.7264 8.1749 0.000162
0 636.9663 199.9017 6.0674 33.3943 0.000161
0 637.0970 292.8693 5.8060 41.8613 0.000161
0 637.2805 281.3391 5.4390 29.7384 0.000161
0 519.1615 506.9485 28.8413 10.1030 0.000160
0 325.9269 327.2056 12.8174 27.1732 0.000156
0 4.6883 392.7638 9.3767 36.8989 0.000151
0 636.9232 217.3754 6.1537 31.6742 0.000150
0 367.8291 508.4976 28.8392 7.0049 0.000141
0 407.6504 508.0132 16.2458 7.9737 0.000134
0 27.3163 2.9377 21.1647 5.7984 0.000132
0 454.6456 493.2908 21.9012 32.0518 0.000124
0 533.6035 499.1756 21.8533 25.6489 0.000119
0 6.7556 425.4227 13.5113 50.1440 0.000118
0 563.0212 4.9632 24.0923 9.8514 0.000114
0 302.5397 346.8619 25.1265 14.9913 0.000111
0 460.5206 484.6471 15.7770 20.1940 0.000102
