0 252.1720 207.4985 18.7612 42.2541 0.878083
0 310.9938 206.7409 19.1850 36.4608 0.853821
0 325.7216 316.6625 11.1388 10.7919 0.017102
0 15.2845 219.9249 18.7478 20.1196 0.004679
0 341.2198 315.8859 11.3865 14.0505 0.004110
0 366.2708 87.8616 12.1302 13.5665 0.003554
0 5.8022 410.4877 11.6044 38.7218 0.002005
0 376.3568 508.9650 21.3499 6.0701 0.001415
0 302.3488 344.9248 25.1208 13.9438 0.001348
0 290.7953 505.5373 28.3769 12.9254 0.000926
0 5.4229 498.5332 10.8458 26.9336 0.000912
0 5.0145 394.9453 10.0290 41.2462 0.000810
0 452.0260 506.0265 24.9825 11.9470 0.000785
0 461.2293 482.8213 16.6553 18.1891 0.000732
0 556.3115 508.4501 24.6680 7.0997 0.000700
0 197.1277 507.8816 24.2563 8.2368 0.000575
0 190.2214 508.2906 21.3641 7.4189 0.000542
0 454.9399 488.2394 19.6513 27.0515 0.000503
0 328.9989 318.7796 14.3699 16.5122 0.000488
0 5.4822 486.4575 10.9644 48.1066 0.000481
0 3.7702 70.9712 7.5403 36.1749 0.000480
0 299.7071 499.0398 31.9738 25.9204 0.000452
0 181.1770 508.5166 21.8214 6.9667 0.000360
0 444.8810 504.4945 20.5139 15.0110 0.000360
0 325.9971 325.6668 12.5428 29.4601 0.000342
0 303.2413 335.0438 25.3440 32.3062 0.000336
0 170.3880 508.5965 22.0618 6.6896 0.000322
0 204.4702 507.2030 26.9390 9.5941 0.000317
0 598.7939 7.9314 28.8279 15.6179 0.000308
0 454.1725 499.4075 22.3348 23.3330 0.000301
0 223.1429 505.7494 31.5396 12.5012 0.000293
0 538.5593 499.1125 21.9280 25.7750 0.000293
0 637.1439 402.4651 5.7123 45.9316 0.000251
0 6.8582 431.6528 13.0964 55.6195 0.000249
0 90.3843 223.0346 20.3438 17.6546 0.000229
0 636.9900 218.1380 5.9430 25.4452 0.000217
0 561.9171 504.0534 31.2537 15.6750 0.000201
0 422.6432 506.6403 19.1974 10.6925 0.000187
0 552.4799 502.3682 30.0813 18.9980 0.000186
0 637.0983 286.7019 5.8035 36.9169 0.000185
0 330.3821 314.2584 15.0527 15.4434 0.000177
0 570.8998 508.2029 31.6941 7.5942 0.000176
0 637.1299 197.1711 5.7401 31.2599 0.000167
0 483.0199 2.5692 19.1342 5.1384 0.000160
0 463.3915 506.8450 31.1846 10.3100 0.000156
0 637.3061 420.7360 5.3878 37.0845 0.000155
0 51.3139 307.0616 15.1809 20.9207 0.000151
0 430.3132 506.0708 17.8733 11.8584 0.000150
0 414.0936 506.8303 18.0582 10.2194 0.000146
0 157.2020 508.6940 30.8945 6.3785 0.000145
0 344.3069 313.5766 15.0911 17.1674 0.000141
0 407.9515 506.7891 16.2462 10.2583 0.000132
0 340.2481 322.1102 14.2481 26.4216 0.000121
0 536.7214 490.2841 15.1992 15.8610 0.000112
