0 252.7549 214.3952 29.7622 44.3151 0.901557
0 307.5146 208.5654 21.7542 41.6752 0.786973
0 12.7065 224.8112 21.8991 17.0358 0.012555
0 322.7536 321.4368 11.9604 11.5884 0.005858
0 308.4008 194.9126 19.8832 44.2968 0.002812
0 6.0560 402.2644 12.1120 41.2947 0.002728
0 6.4976 419.6476 12.9952 51.8379 0.002057
0 5.9025 501.1657 11.8049 21.6686 0.001951
0 313.2510 193.1881 13.3865 39.2069 0.001894
0 444.6465 503.6077 27.2264 16.7846 0.001407
0 431.8852 504.9746 16.9037 14.0507 0.001071
0 379.5956 509.5427 18.1226 4.9147 0.000908
0 300.9746 347.3430 25.4968 14.9583 0.000795
0 548.9790 508.7437 21.9148 6.5126 0.000748
0 6.0246 487.6189 12.0493 48.7622 0.000657
0 532.1930 494.0063 15.0828 15.9194 0.000584
0 289.5524 507.0698 26.0709 9.8604 0.000545
0 405.8016 508.1445 15.7697 7.7109 0.000429
0 24.3035 2.7952 22.6608 5.5201 0.000347
0 155.9249 509.1101 32.5015 5.7175 0.000344
0 11.6040 234.4657 23.2080 38.4219 0.000316
0 243.7070 429.9565 11.9579 23.6384 0.000279
0 596.7509 9.0900 27.8215 17.8722 0.000275
0 300.8812 339.9254 25.3021 29.2020 0.000270
0 541.7307 505.1008 29.5286 13.7985 0.000248
0 7.0571 440.3672 13.9676 53.3236 0.000248
0 460.8088 482.4781 18.3210 20.5870 0.000236
0 412.2371 507.6588 18.1594 8.6825 0.000233
0 166.8754 508.8817 26.0474 6.2365 0.000225
0 453.1717 498.5875 22.8783 20.4993 0.000221
0 636.6937 211.8498 6.6125 30.9363 0.000211
0 3.0422 75.6421 6.0845 26.7268 0.000207
0 207.1408 507.4805 26.2695 9.0391 0.000203
0 339.6282 507.2003 20.6735 9.5994 0.000200
0 517.7430 507.3028 25.7899 9.3943 0.000199
0 302.4682 500.7320 27.5582 22.3013 0.000181
0 78.0377 508.3068 28.0867 7.3865 0.000173
0 561.1300 3.7172 25.7633 7.3633 0.000168
0 636.9180 320.9966 6.1641 40.3259 0.000154
0 221.4734 506.6170 28.9510 10.7659 0.000136
0 299.5307 355.7495 23.7859 32.4686 0.000136
0 462.0080 502.4866 29.0762 19.0269 0.000133
0 636.7922 200.4592 6.4156 32.5872 0.000123
0 525.3036 501.0566 27.5136 21.8868 0.000117
0 637.1174 419.3637 5.7651 39.6094 0.000115
0 636.9087 393.1682 6.1826 44.9524 0.000113
0 571.6415 4.5395 41.9860 9.0753 0.000109
0 485.0727 263.1584 14.8116 19.6273 0.000109
0 398.5775 508.6820 19.1080 6.6360 0.000108
0 4.5060 207.5599 9.0120 48.6142 0.000105
0 562.1769 509.0281 27.6902 5.9438 0.000104
0 365.6371 508.7310 27.0067 6.5380 0.000104
