0 310.4304 332.8997 14.6344 31.1861 0.814450
0 3.2673 97.9870 6.5347 42.7480 0.018017
0 637.4251 227.7610 5.1498 51.5595 0.015514
0 392.2170 429.0458 23.8257 43.8380 0.010461
0 637.6332 210.9704 4.7335 30.4344 0.003509
0 134.0323 159.3339 10.9537 11.4966 0.001249
0 637.5236 194.8120 4.9529 33.4517 0.000950
0 635.1985 239.0583 9.6031 55.5602 0.000813
0 634.6088 259.1566 10.4956 17.4383 0.000704
0 391.7704 417.2443 21.9296 20.5634 0.000365
0 631.6091 229.6555 16.7817 59.6047 0.000320
0 637.0148 329.6356 5.9704 41.9448 0.000253
0 8.8293 12.7277 17.5226 25.3694 0.000240
0 325.2492 508.2317 16.4100 7.5366 0.000217
0 635.7887 272.2526 8.4226 38.7150 0.000197
0 624.5105 200.9160 14.2826 14.8033 0.000196
0 3.9323 233.5426 7.8646 46.4567 0.000193
0 637.1532 297.5057 5.6935 35.0687 0.000190
0 637.3566 181.9292 5.2867 41.8105 0.000187
0 636.9348 283.8781 6.1304 40.6208 0.000179
0 44.0665 508.0101 29.6898 7.9798 0.000150
0 464.8137 508.8330 24.9586 6.0268 0.000146
0 482.1773 508.9386 29.2394 5.8073 0.000145
0 503.1527 509.3845 31.1458 5.2310 0.000141
0 637.2316 311.0685 5.5369 33.4360 0.000130
0 4.8670 129.1334 9.7340 73.2546 0.000126
0 630.4883 215.7794 17.7527 37.1282 0.000120
0 631.4442 250.2625 16.5264 33.5707 0.000107
