0 309.5703 184.9981 24.5560 21.3523 0.867754
0 412.8439 104.6821 17.5638 20.4653 0.787064
0 271.7745 236.4591 10.3110 17.4445 0.763293
0 634.9268 112.6159 10.1465 24.1498 0.028954
0 417.4028 132.3147 16.3121 25.1892 0.009283
0 635.5759 126.2050 8.8483 50.7836 0.003887
0 635.8806 98.5312 8.2389 42.8542 0.003506
0 392.3248 503.1393 25.7833 17.7214 0.002317
0 198.2319 101.3422 8.9383 12.8478 0.001989
0 174.0527 65.3786 11.1390 18.4075 0.001623
0 268.0609 211.8795 13.5549 15.9373 0.001220
0 461.3168 508.6208 26.1939 6.7584 0.001191
0 415.6862 125.4753 16.1539 27.7071 0.001178
0 636.1817 9.5736 7.6366 19.1472 0.000857
0 282.0742 390.7410 9.6134 23.5341 0.000825
0 636.5099 342.1095 6.9802 40.4444 0.000799
0 284.3274 119.0482 14.4553 11.1231 0.000763
0 405.6765 84.4034 11.5721 23.7586 0.000690
0 563.2699 234.3695 18.3610 28.6048 0.000622
0 272.0392 226.1875 11.8278 27.7531 0.000611
0 200.6171 103.0383 9.6615 13.4890 0.000592
0 636.4564 351.4853 7.0872 17.7924 0.000585
0 5.9193 217.0723 11.8126 29.9264 0.000540
0 636.3774 426.1931 7.2451 48.6456 0.000529
0 636.3154 361.5654 7.1907 36.4303 0.000430
0 637.0682 253.5788 5.8636 34.5901 0.000412
0 200.2073 97.8288 10.7771 19.7894 0.000395
0 347.9775 7.4245 15.4872 12.1879 0.000392
0 636.8084 209.4771 6.3832 41.0273 0.000369
0 332.8909 5.9642 14.9231 11.3442 0.000338
0 169.6205 148.1755 21.2115 25.0265 0.000290
0 636.7164 82.7978 6.5315 28.9702 0.000287
0 636.7093 18.1146 6.5814 36.2292 0.000287
0 632.4587 5.6709 15.0825 11.3419 0.000268
0 637.1126 186.4589 5.7748 39.5408 0.000243
0 636.7958 408.8344 6.4083 54.6423 0.000233
0 636.8824 234.5931 6.2352 58.3788 0.000222
0 636.7879 145.6956 6.3983 47.5687 0.000219
0 2.8778 132.5990 5.7557 40.4999 0.000219
0 375.7191 500.0678 24.9183 22.3013 0.000214
0 11.7144 148.5787 23.2816 23.6143 0.000198
0 367.4044 498.3627 16.1326 22.5957 0.000198
0 495.2142 508.0283 22.0695 7.9434 0.000191
0 596.4447 383.6266 31.6006 34.2579 0.000183
0 198.0550 3.9025 18.8978 7.4457 0.000154
0 447.0463 289.3091 20.0659 25.0214 0.000151
0 408.8481 501.2389 38.2222 21.5222 0.000148
0 636.2172 377.9341 7.2324 35.0634 0.000147
0 636.6574 391.1733 6.6852 47.7155 0.000139
0 633.1303 15.6809 13.7394 31.3618 0.000136
0 188.4316 507.5325 27.2940 8.9351 0.000132
0 637.0211 51.1114 5.9578 35.5300 0.000124
0 422.1788 499.0267 30.3322 25.0333 0.000111
0 446.1331 276.4185 20.3711 49.3855 0.000108
0 637.0096 164.8892 5.9808 42.0390 0.000105
0 98.4387 59.1484 18.0498 20.6668 0.000103
0 3.8576 462.0615 7.7152 42.0673 0.000103
0 411.8916 84.7149 16.8875 27.5738 0.000103
