0 298.8231 191.2222 27.0658 24.8851 0.877991
0 274.1879 234.1115 11.4191 20.0000 0.712859
0 635.5032 119.2152 8.9937 38.8747 0.053559
0 635.6066 108.1536 8.7869 28.7517 0.014376
0 200.7471 102.3439 7.9879 10.5543 0.004566
0 177.0073 62.2349 7.5335 15.4457 0.002870
0 636.8541 354.0136 6.2917 20.5298 0.002712
0 395.0822 502.4426 25.5815 19.1149 0.002262
0 636.3287 88.6399 7.3427 36.7264 0.001736
0 636.3945 364.5811 7.0464 41.5970 0.001487
0 636.8627 343.7512 6.2747 44.4999 0.001312
0 6.8126 217.9991 13.6049 30.0462 0.000945
0 349.0602 7.3470 15.5465 11.9263 0.000903
0 448.1372 288.6787 19.9674 25.4082 0.000861
0 563.4672 233.6161 18.6055 29.3451 0.000830
0 171.5823 148.0242 19.5311 25.1334 0.000796
0 465.3069 508.4654 25.9958 7.0693 0.000739
0 333.6874 5.4570 15.3177 10.5556 0.000612
0 198.2694 97.7891 10.0537 18.7732 0.000536
0 632.8889 125.5675 13.8669 45.6901 0.000514
0 284.2076 391.1448 9.2487 22.0848 0.000453
0 636.6547 14.2850 6.6906 28.5700 0.000383
0 636.7985 424.2424 6.4030 49.6239 0.000352
0 405.8808 90.7214 8.5788 18.3542 0.000346
0 529.9005 175.1748 17.3340 15.8913 0.000346
0 636.8695 215.7211 6.2380 43.1919 0.000344
0 190.9393 507.4496 25.3422 9.1008 0.000340
0 637.0249 187.6084 5.9503 44.6755 0.000333
0 367.9186 497.9645 16.3612 24.7239 0.000283
0 637.0819 253.0644 5.7825 37.5388 0.000273
0 500.1971 508.0993 21.4485 7.8013 0.000262
0 636.7344 387.6881 6.5312 49.7634 0.000248
0 446.8752 275.9139 20.4451 49.5941 0.000242
0 636.9338 147.4238 6.0664 45.0962 0.000231
0 455.8169 508.6476 29.3735 6.7047 0.000226
0 636.7704 76.1962 6.4591 24.3780 0.000218
0 419.5747 132.9628 15.5151 29.1407 0.000218
0 198.2490 3.8760 16.6024 7.5110 0.000216
0 355.2596 6.5730 28.5443 13.1460 0.000212
0 175.2534 59.4647 10.8277 23.8091 0.000209
0 272.7549 240.3513 11.4681 31.8365 0.000207
0 422.5716 498.9875 34.7446 25.3801 0.000203
0 633.0468 95.5673 13.9064 45.7717 0.000203
0 636.8949 235.1890 6.2102 57.9829 0.000199
0 406.6622 500.8264 28.6219 22.3471 0.000192
0 175.7127 67.3598 10.6394 24.0449 0.000189
0 203.9499 4.0234 18.9428 7.8377 0.000169
0 177.9543 54.3767 7.8636 28.9462 0.000163
0 404.6300 96.7422 9.3107 13.9128 0.000161
0 374.9934 500.0455 29.0010 23.5048 0.000149
0 391.1761 117.2246 10.7225 19.4351 0.000139
0 268.7973 212.0637 13.1837 18.3235 0.000127
0 637.1173 168.8411 5.7654 37.9603 0.000117
0 327.7946 4.8007 15.5524 9.5221 0.000117
0 608.7672 385.3773 16.8644 34.1669 0.000114
0 526.4344 171.7584 23.2859 20.3115 0.000114
0 284.6091 119.0833 15.0551 11.1648 0.000112
0 283.7392 402.2831 9.0695 21.6023 0.000104
0 478.8688 508.2621 25.2500 7.4758 0.000104
0 294.1934 508.7495 20.8472 6.5010 0.000104
0 2.9880 123.2455 5.7857 33.8166 0.000102
