0 308.2921 184.2649 14.9006 22.9912 0.887767
0 635.4460 118.7875 9.1080 37.9591 0.022222
0 635.5017 107.2799 8.9966 24.6339 0.007278
0 177.2713 61.5051 7.4867 16.2393 0.007274
0 394.7766 502.6500 27.3116 18.7001 0.002872
0 637.1648 353.0945 5.6703 19.0676 0.002564
0 635.7786 95.5357 8.4429 45.8062 0.002525
0 563.3632 234.0102 17.9509 30.0490 0.001724
0 7.1531 218.6681 14.2769 31.0145 0.001576
0 201.0849 101.9880 7.4709 11.2747 0.001572
0 637.1315 343.2924 5.7369 45.4376 0.001296
0 177.7636 54.9895 8.2177 29.0708 0.001232
0 636.7646 362.8671 6.3110 39.1038 0.001195
0 465.6418 508.4659 25.4891 7.0682 0.001092
0 283.7771 389.8273 9.1556 20.3705 0.001048
0 171.6899 148.2530 19.2676 25.0150 0.001019
0 636.4375 80.4128 7.0106 23.9227 0.000980
0 268.7740 211.9523 15.4034 16.2858 0.000775
0 406.0224 91.5489 8.5495 18.2781 0.000744
0 189.8652 507.6853 25.5363 8.6294 0.000551
0 636.5691 134.1228 6.8560 46.6705 0.000433
0 636.9850 425.2346 6.0300 49.7678 0.000406
0 636.9171 253.6789 6.1449 38.1578 0.000370
0 331.7269 5.3504 12.9758 10.3517 0.000349
0 405.0666 96.3571 8.8804 13.4826 0.000342
0 632.8367 126.2655 13.8610 44.5153 0.000308
0 636.7159 210.4443 6.5354 40.5628 0.000287
0 531.3607 175.6458 15.0701 15.1526 0.000279
0 636.6029 229.2100 6.7942 55.8419 0.000273
0 448.7784 288.4547 19.6721 23.7085 0.000270
0 456.0518 508.5192 30.5375 6.9615 0.000256
0 419.8853 133.7975 15.5657 28.5720 0.000249
0 348.9587 7.3947 15.7444 11.8678 0.000248
0 495.3156 507.8000 21.8206 8.4001 0.000236
0 637.1026 187.9698 5.7948 44.9226 0.000230
0 637.1074 403.9583 5.7852 53.8997 0.000229
0 198.4625 4.1049 16.5768 7.8980 0.000216
0 14.6179 148.3181 29.2298 24.5659 0.000215
0 636.5637 12.3397 6.8726 24.6794 0.000215
0 323.5715 434.7332 14.3809 8.3180 0.000208
0 419.0225 498.8129 42.0503 26.0989 0.000208
0 175.8999 66.8778 10.5853 24.6741 0.000196
0 405.8558 500.6191 36.4720 22.7617 0.000193
0 174.6861 53.5139 11.3684 29.0470 0.000190
0 5.4794 456.7424 10.9587 55.0588 0.000183
0 633.1304 82.4262 13.3650 26.3465 0.000176
0 391.1983 115.7145 11.4663 21.7671 0.000166
0 372.7227 498.4104 16.2831 22.7391 0.000149
0 198.2177 97.9504 10.7161 18.7598 0.000148
0 636.5361 380.4919 6.9279 45.5861 0.000134
0 408.9352 96.5506 11.6665 14.1326 0.000123
0 636.9429 153.1291 6.0573 38.9391 0.000120
0 447.3638 275.4234 20.9216 49.8896 0.000118
0 573.8442 234.3528 24.3990 29.5668 0.000114
0 596.6948 384.5095 31.3120 35.0592 0.000113
