0 338.0875 307.3941 21.7870 36.8220 0.858295
0 429.7925 155.6699 24.1143 24.9998 0.849817
0 6.5195 261.8045 13.0389 50.0428 0.029725
0 386.9786 91.1984 12.7917 17.7379 0.021201
0 3.8125 251.2207 7.6250 32.7847 0.010114
0 76.8393 252.9248 21.4792 17.0782 0.009261
0 435.4481 5.6042 14.6635 10.7199 0.009002
0 7.8674 274.5331 15.7347 26.1797 0.007984
0 634.4260 293.8409 11.1481 32.2221 0.003543
0 133.7052 20.0346 15.8091 14.4527 0.003324
0 239.1432 22.2307 18.0399 21.8165 0.002031
0 446.4626 500.1880 28.4346 23.1678 0.001651
0 428.1548 4.8243 27.7057 9.6487 0.001515
0 6.5099 83.9063 11.6980 16.6533 0.001382
0 635.3374 284.5630 9.3252 30.2821 0.001239
0 634.4720 304.9744 11.0560 25.3340 0.001236
0 4.6374 240.3650 9.2748 36.2853 0.001220
0 297.0347 4.4222 29.5211 8.8444 0.001046
0 264.0079 293.8901 17.8297 20.9596 0.000988
0 443.1259 4.7278 28.6713 9.2628 0.000911
0 235.9015 94.5532 13.4656 18.1162 0.000903
0 433.6201 500.4576 33.7935 23.0849 0.000901
0 637.6514 166.0855 4.6971 24.5950 0.000892
0 287.2487 4.4253 23.7015 8.8505 0.000831
0 375.5890 508.2392 21.5796 7.5217 0.000809
0 83.5390 428.2152 18.6907 26.9528 0.000796
0 189.8144 94.2431 19.7430 11.7064 0.000753
0 634.8217 314.2599 10.3566 33.4990 0.000641
0 24.8769 333.9290 20.4469 18.4434 0.000616
0 121.3114 367.2537 11.6176 16.7466 0.000465
0 426.3325 64.8007 10.4935 13.5806 0.000445
0 494.6952 311.5420 11.4459 13.5300 0.000438
0 383.3302 258.3063 16.5474 24.7416 0.000418
0 421.8459 203.2249 10.3020 14.8549 0.000397
0 635.2916 326.2888 9.3650 25.3292 0.000373
0 238.3484 89.2912 19.4522 28.3539 0.000363
0 310.2483 4.2135 26.4249 8.4269 0.000356
0 6.5109 177.6452 13.0217 32.6667 0.000345
0 4.7169 94.7817 9.4338 33.0078 0.000330
0 184.9563 497.6365 21.1023 27.7056 0.000324
0 8.3250 121.2393 16.6500 26.9759 0.000317
0 5.2754 35.3012 10.5508 28.8728 0.000316
0 349.2334 507.8446 18.5145 8.3107 0.000315
0 341.9644 507.8663 18.4912 8.2675 0.000309
0 89.0741 446.4117 17.1379 15.1383 0.000301
0 508.2888 508.5220 18.9403 6.9560 0.000289
0 419.6989 502.9526 28.3668 18.0948 0.000285
0 367.3486 508.1270 22.6840 7.7461 0.000274
0 500.4907 508.4772 20.9381 7.0455 0.000259
0 475.8001 3.0751 25.2834 6.1503 0.000259
0 383.7887 507.7322 21.6053 8.5355 0.000239
0 257.4240 5.1402 23.6863 10.2100 0.000238
0 356.3207 507.9520 18.2523 8.0959 0.000235
0 117.2047 172.2032 15.7210 38.1450 0.000228
0 86.9683 434.3162 19.4371 36.4662 0.000225
0 378.6698 255.5731 17.8320 30.2706 0.000219
0 133.5667 3.4173 18.0335 6.4452 0.000214
0 5.7866 224.2800 11.5277 31.7253 0.000196
0 416.9629 4.0919 23.1456 8.1838 0.000193
0 490.7688 507.8726 20.9401 8.2549 0.000186
0 635.9069 505.4758 8.1862 13.0484 0.000183
0 175.1899 501.8052 28.0485 19.8367 0.000182
0 5.2888 77.2993 10.1372 32.8454 0.000180
0 334.6914 508.1723 17.3233 7.6555 0.000180
0 276.3952 6.2198 20.9517 11.5743 0.000179
0 6.0928 161.2842 12.1856 44.5725 0.000178
0 469.8569 491.7078 25.3255 33.9467 0.000177
0 635.3541 336.6443 8.5918 27.3744 0.000168
0 582.0276 508.3271 19.6016 7.3459 0.000167
0 259.3682 151.0531 12.2196 15.2937 0.000163
0 474.2315 505.4738 25.4263 12.1326 0.000163
0 636.6332 350.7238 6.5781 27.3994 0.000158
0 637.6287 149.8582 4.7427 45.4482 0.000154
0 252.8925 20.3815 16.9268 27.2759 0.000151
0 158.6966 507.3923 26.8923 9.2154 0.000150
0 117.5364 160.9838 15.2059 16.7589 0.000142
0 637.0162 499.0291 5.9675 23.2435 0.000141
0 130.4201 353.6361 11.2419 16.2997 0.000141
0 245.4330 4.9652 18.1909 9.5764 0.000141
0 392.4695 87.6513 21.6418 25.5328 0.000140
0 635.8857 264.4176 8.2285 27.5253 0.000136
0 515.3078 508.2954 20.1257 7.4092 0.000135
0 258.7802 10.4113 25.5665 17.7492 0.000135
0 267.3539 7.1524 17.0587 12.6556 0.000130
0 618.4165 508.4415 26.3499 7.1170 0.000128
0 635.4910 252.2960 9.0179 24.6943 0.000127
0 633.4945 220.8880 12.4937 19.9085 0.000124
0 400.8965 42.7668 13.5510 22.3423 0.000123
0 588.7191 508.0936 21.3391 7.8127 0.000122
0 7.1511 136.2960 14.3022 41.4665 0.000120
0 319.9041 3.7581 18.9988 7.5162 0.000115
0 141.1555 507.7505 30.8344 8.4991 0.000114
0 260.6076 501.6252 14.9681 18.3879 0.000114
0 546.0511 507.8910 21.7007 8.2180 0.000107
0 145.3544 4.0123 27.0901 7.8182 0.000102
0 393.2602 506.8631 21.5255 10.2737 0.000101
0 407.1712 505.4995 23.7029 13.0010 0.000100
