0 331.8708 304.1713 32.7936 32.6915 0.871760
0 407.3219 231.2030 21.1533 28.4074 0.819837
0 6.8440 262.0500 13.6879 50.8889 0.016873
0 76.9658 253.0271 21.6844 17.1414 0.015499
0 7.8263 275.0045 15.6526 25.7201 0.010369
0 633.9796 291.8998 12.0409 33.6774 0.006299
0 435.7387 5.6715 14.5126 10.8096 0.006005
0 3.9762 250.5502 7.9524 33.2191 0.005907
0 297.1470 4.0846 30.3718 8.1691 0.002322
0 447.3034 500.1996 27.3221 23.1316 0.001789
0 4.3976 240.2612 8.7953 35.9640 0.001695
0 6.5453 83.5574 11.3700 16.0702 0.001494
0 133.4398 20.2448 14.5238 14.6120 0.001461
0 533.9552 309.9432 18.1069 16.5238 0.001228
0 287.8406 4.7130 26.1661 9.4261 0.001180
0 189.9550 94.3027 20.5186 11.5155 0.001032
0 309.9575 3.9241 25.7057 7.8483 0.000946
0 434.3360 500.4800 34.8089 23.0400 0.000907
0 387.6573 91.1049 12.6677 17.8881 0.000906
0 241.2285 21.5164 15.8775 21.0425 0.000847
0 398.9380 282.4805 15.0883 14.1512 0.000817
0 376.2728 508.3204 21.4138 7.3591 0.000753
0 494.4500 311.8867 11.2360 12.9280 0.000720
0 428.2138 4.6920 27.4532 9.3841 0.000711
0 84.7822 429.1421 19.2997 28.8807 0.000625
0 634.7304 313.5966 10.5392 34.5106 0.000586
0 635.4271 327.4848 9.1458 23.3380 0.000570
0 180.3853 3.6699 17.1427 7.3397 0.000558
0 184.6825 497.5098 20.5501 27.8247 0.000551
0 443.4540 4.5955 27.8652 8.9985 0.000537
0 635.0522 279.3544 9.8955 44.7866 0.000506
0 637.4338 167.0119 5.1324 21.5685 0.000506
0 377.4614 241.0345 16.6904 18.0159 0.000486
0 263.7900 6.1295 25.2811 12.0841 0.000483
0 159.6096 507.2412 25.8190 9.5175 0.000420
0 88.4600 442.6292 18.7430 23.0404 0.000410
0 116.3229 171.3745 17.8341 37.2592 0.000377
0 236.5307 89.2412 14.6099 26.6976 0.000374
0 392.0059 185.1833 17.0171 17.9238 0.000369
0 25.2283 334.1352 19.5991 19.8210 0.000369
0 351.1103 273.6758 15.9828 18.9175 0.000367
0 342.0276 507.9994 18.5288 8.0013 0.000366
0 259.4999 150.6148 13.2787 14.8470 0.000359
0 383.8642 507.9776 21.2346 8.0447 0.000354
0 259.2513 501.8700 14.9050 18.5585 0.000348
0 349.4614 507.9373 18.0421 8.1254 0.000347
0 173.1999 502.6836 29.0891 18.3077 0.000336
0 5.1256 229.1128 10.1729 33.7366 0.000327
0 383.5185 259.8723 15.0040 24.6205 0.000275
0 419.7145 503.4190 27.9448 17.1619 0.000269
0 470.9224 489.6490 23.4848 35.5976 0.000266
0 474.8079 3.0503 22.3789 6.1006 0.000256
0 633.6258 223.0947 12.4312 22.9168 0.000252
0 4.6796 97.9755 9.3592 30.9973 0.000250
0 355.5244 508.0140 17.1691 7.9720 0.000246
0 508.4038 508.5993 18.9904 6.8015 0.000245
0 273.3221 6.7039 17.9291 12.0634 0.000225
0 250.8246 20.6598 13.7447 23.7879 0.000222
0 500.3245 508.5432 20.9246 6.9136 0.000220
0 384.2098 238.2906 19.4337 20.7048 0.000215
0 426.5902 66.2960 11.0128 12.8126 0.000208
0 400.9447 42.4967 13.9615 22.9358 0.000204
0 334.1588 508.2687 16.8281 7.4625 0.000202
0 636.0828 336.2310 7.7091 29.2885 0.000200
0 257.7343 10.2244 23.6525 17.2836 0.000199
0 366.2809 508.1830 21.6493 7.6340 0.000190
0 633.2141 303.2358 13.5719 27.4342 0.000187
0 5.4584 77.0091 10.2724 32.7668 0.000180
0 142.5733 507.7425 32.3253 8.5151 0.000178
0 491.5897 508.0992 20.4790 7.8015 0.000174
0 635.5229 505.9382 8.9541 12.1237 0.000160
0 5.3051 161.3077 10.6102 42.1040 0.000159
0 254.8835 498.7097 13.6542 23.7719 0.000153
0 179.8602 10.6892 18.1063 21.3785 0.000152
0 618.4526 508.5219 26.6858 6.9563 0.000151
0 245.5760 5.2672 18.4270 10.0351 0.000151
0 6.7448 176.6115 13.4895 33.3782 0.000144
0 5.0961 115.6309 10.1923 31.5489 0.000143
0 546.7961 508.1062 21.9702 7.7876 0.000142
0 177.4001 497.0473 26.9866 25.1651 0.000140
0 515.4689 508.4395 19.5036 7.1210 0.000137
0 4.9641 39.2560 9.9283 25.9261 0.000137
0 5.3136 290.7413 10.6272 36.7528 0.000134
0 636.8575 499.5283 6.2849 22.8906 0.000131
0 637.5403 156.4500 4.9193 42.0402 0.000127
0 392.2318 507.1956 21.4172 9.6088 0.000125
0 402.1494 298.6194 15.2837 15.5670 0.000124
0 474.9876 504.7352 24.3375 13.5529 0.000123
0 389.2597 233.5841 16.7832 28.0095 0.000122
0 217.8873 78.4941 13.2448 14.1632 0.000121
0 131.0219 351.1888 10.6477 22.5217 0.000116
0 635.2449 266.0478 9.5101 29.3108 0.000109
0 6.1067 140.8992 12.2134 37.6908 0.000108
0 8.0734 237.0685 15.8172 29.9681 0.000105
0 413.7504 3.9537 19.8100 7.8357 0.000104
0 626.5558 508.1715 21.8506 7.6570 0.000103
0 116.1687 161.8064 18.5206 18.9699 0.000102
0 456.0123 497.2566 21.0545 20.9779 0.000102
0 581.5886 508.2736 19.8081 7.4528 0.000101
