0 337.7412 310.2500 20.1797 35.6197 0.850660
0 265.2074 254.6481 18.0867 37.4684 0.828542
0 419.5822 401.9631 22.3336 32.9279 0.630603
0 3.9466 12.3372 7.8932 24.6743 0.077045
0 203.7096 19.9198 19.9940 35.2465 0.074344
0 635.8746 54.6477 8.2509 37.5442 0.035057
0 8.0012 8.9173 15.3651 17.8345 0.021172
0 280.0654 224.0439 12.6240 22.1739 0.018707
0 497.0344 159.6617 17.2332 17.3564 0.018114
0 312.2966 290.4697 14.7853 10.2476 0.012396
0 200.0973 6.7383 19.5035 13.0784 0.008000
0 3.7078 23.9246 7.4157 43.5772 0.005682
0 34.7022 239.4927 18.6985 21.9557 0.005478
0 142.7654 8.2704 17.2018 16.5408 0.004162
0 613.3181 255.9783 18.0479 25.2284 0.003746
0 278.6172 231.2628 14.1289 24.5306 0.003400
0 409.6997 506.4368 28.7585 11.1263 0.002070
0 323.2870 507.7050 22.9330 8.5900 0.001916
0 489.9382 507.9162 22.9033 8.1675 0.001881
0 52.6514 380.6628 26.1675 27.4816 0.001726
0 40.0513 238.0503 15.6435 23.5871 0.001680
0 500.3246 507.7840 32.3564 8.4320 0.001426
0 316.9813 503.4409 27.9377 17.1182 0.001327
0 190.1145 3.7943 17.9977 7.5886 0.001239
0 18.8417 499.8318 21.2479 24.3365 0.001219
0 22.9958 505.2800 22.9951 13.4401 0.001053
0 132.0460 323.7187 20.6432 15.5415 0.000958
0 211.3371 292.8787 16.3828 18.4054 0.000939
0 193.5397 508.3752 22.1320 7.2495 0.000897
0 481.5524 508.1670 29.3453 7.6661 0.000730
0 211.2270 20.6979 26.7368 33.0324 0.000716
0 521.3772 496.4195 25.4641 29.8163 0.000676
0 193.1464 11.0489 20.5566 21.5188 0.000663
0 632.9034 59.7812 14.1932 38.6888 0.000658
0 149.7395 7.4639 26.0194 14.6739 0.000657
0 68.5323 3.5772 16.4393 7.1544 0.000640
0 635.5040 69.8811 8.9919 52.6327 0.000630
0 526.5006 336.1998 27.6678 30.6412 0.000622
0 468.2072 386.3303 17.3157 32.0344 0.000622
0 15.6820 5.8691 20.4156 11.7382 0.000609
0 488.0724 388.7823 17.2638 30.8446 0.000574
0 514.9293 502.1816 36.8781 19.6367 0.000568
0 221.8289 508.5977 19.4288 6.8047 0.000565
0 11.3970 498.5296 22.3891 26.9408 0.000531
0 451.8849 380.0093 13.9938 21.9232 0.000517
0 34.1409 508.2579 28.4732 7.4842 0.000508
0 240.8948 149.9969 14.2074 21.9200 0.000488
0 525.2505 501.4031 22.6016 20.7067 0.000487
0 312.3343 492.5875 23.8671 22.5435 0.000487
0 478.1266 387.3408 19.0801 31.5651 0.000480
0 442.9576 507.9317 23.6873 8.1365 0.000475
0 517.7318 340.4348 21.7836 26.9337 0.000455
0 455.1928 383.9019 17.4116 28.8837 0.000423
0 444.5667 195.0105 12.2062 11.5709 0.000409
0 284.8074 224.8665 20.9561 26.8582 0.000394
0 304.4949 287.9270 28.9077 16.2231 0.000384
0 635.8273 275.2766 8.3455 32.2399 0.000379
0 2.7930 396.8718 5.5859 40.7233 0.000372
0 422.0653 507.4284 30.5685 9.1432 0.000370
0 428.9620 396.2787 20.9488 37.0864 0.000363
0 493.8796 504.6535 21.7430 14.6931 0.000352
0 336.2823 507.4408 24.2850 9.1185 0.000346
0 554.6398 288.3508 28.5411 30.9009 0.000331
0 14.8561 11.2312 21.5269 21.0294 0.000319
0 211.1346 508.2644 23.7326 7.2158 0.000312
0 374.1196 507.7965 17.6750 8.4070 0.000303
0 404.7347 503.5623 29.2253 15.9564 0.000299
0 2.4504 411.4972 4.9008 49.6634 0.000286
0 632.6670 43.3749 14.6660 47.6464 0.000269
0 500.8702 164.7421 23.4912 25.4605 0.000265
0 540.0786 333.3335 21.8560 30.4052 0.000264
0 357.1559 307.0714 13.8464 28.5600 0.000257
0 471.2672 508.1888 27.1539 7.6223 0.000242
0 30.7444 501.2005 30.9141 21.3485 0.000242
0 63.3988 3.7617 15.5804 7.5234 0.000240
0 181.0384 3.4135 18.6965 6.8270 0.000236
0 45.0377 383.2912 23.8726 32.4808 0.000230
0 152.1819 14.0778 26.1402 22.5364 0.000227
0 635.2715 286.5956 9.4382 44.8214 0.000222
0 185.3170 508.2397 28.7926 7.5207 0.000218
0 234.3761 508.9262 27.2869 6.1476 0.000218
0 194.8392 18.9201 22.3651 31.5815 0.000210
0 2.8454 291.5831 5.6907 28.0281 0.000206
0 347.1479 103.6169 19.6136 30.1531 0.000197
0 46.3632 237.2550 20.1158 20.8891 0.000193
0 216.1421 4.6720 24.2157 9.3440 0.000188
0 399.1073 432.2059 12.1001 22.6350 0.000178
0 3.8024 367.7015 7.6048 35.3705 0.000178
0 8.3758 22.8761 15.7867 40.8961 0.000174
0 211.8554 302.9750 15.3057 23.6370 0.000169
0 390.4793 507.5048 29.3547 8.9904 0.000168
0 2.8011 252.6117 5.6022 30.2962 0.000167
0 102.8920 506.6382 21.3896 10.7237 0.000166
0 2.6752 267.0291 5.3505 33.7150 0.000161
0 158.9428 16.7223 25.5866 22.1726 0.000160
0 4.2685 41.4468 8.5370 39.1124 0.000160
0 340.9349 100.9626 25.5438 28.4843 0.000159
0 160.7409 4.5617 23.5754 8.9381 0.000146
0 447.7803 389.6033 17.7943 35.0394 0.000146
0 2.9316 243.7167 5.8631 24.6711 0.000145
0 635.9954 263.5284 8.0092 35.9695 0.000140
0 24.1539 238.1888 18.9822 23.2009 0.000140
0 79.0076 3.7960 22.8389 7.5331 0.000138
0 501.3406 156.5186 24.3734 24.1879 0.000132
0 158.3010 9.5535 26.8684 17.9648 0.000131
0 306.2896 497.0309 26.6835 29.9383 0.000130
0 535.7796 493.3080 19.7455 32.5581 0.000129
0 636.9697 118.8642 6.0607 34.5253 0.000126
0 136.2241 12.0675 17.1961 21.1667 0.000126
0 159.9010 31.0478 23.5247 20.5048 0.000122
0 460.8693 508.1094 22.2979 7.7812 0.000120
0 635.5720 87.6190 8.8560 39.7408 0.000115
0 3.5561 381.1745 7.1122 45.4911 0.000113
0 40.3708 503.6846 25.4871 16.5623 0.000111
0 353.8745 102.4157 21.5167 28.4848 0.000110
0 7.5506 99.2252 15.1013 25.2466 0.000108
0 636.6398 102.2626 6.7204 40.7211 0.000108
0 340.3523 109.2998 25.6948 20.2329 0.000107
0 367.6159 507.2260 22.7383 9.5481 0.000107
0 636.9580 133.3422 6.0840 30.6989 0.000107
0 311.8791 295.9056 15.1799 21.6262 0.000103
0 334.4772 95.6076 18.2386 33.4789 0.000102
