0 265.4923 253.7618 18.9563 38.0422 0.839956
0 337.9633 309.1729 15.3663 36.4594 0.820318
0 280.8208 223.4040 14.0674 18.6037 0.172031
0 4.2308 11.3832 8.4616 22.7665 0.105880
0 7.6821 8.6152 15.1721 17.2304 0.047390
0 205.5461 18.8734 19.6630 33.6717 0.036717
0 635.8612 52.6722 8.2776 40.6183 0.018297
0 33.9725 238.5102 17.4263 19.8765 0.012173
0 311.8676 289.5880 14.1887 10.5964 0.011166
0 198.5432 4.0086 18.0940 8.0022 0.008408
0 203.6747 5.3511 19.2076 10.5233 0.007703
0 613.3082 256.5343 18.8679 27.6079 0.005369
0 20.4219 501.3036 21.9630 21.3928 0.003430
0 4.1565 23.9723 8.3131 42.8393 0.003201
0 277.8677 233.3790 15.1119 24.8392 0.003027
0 314.5213 489.0078 25.7559 22.1721 0.002779
0 39.3397 236.9020 15.6662 22.1621 0.002135
0 317.2054 505.4141 27.0294 13.1718 0.001912
0 321.1527 507.7175 23.9050 8.5650 0.001895
0 211.8120 21.6759 24.3566 27.2099 0.001369
0 410.2532 401.0822 14.3671 29.3693 0.001359
0 190.2909 3.7651 19.0453 7.5302 0.001348
0 14.6071 6.6111 21.2023 13.2222 0.001242
0 487.4545 387.8214 16.4028 31.1852 0.001234
0 409.2143 504.1887 26.5209 15.6226 0.001142
0 451.9927 382.9720 13.5054 26.7983 0.001073
0 526.5249 336.3526 24.1876 31.9637 0.001071
0 51.9586 379.2889 24.7885 26.6322 0.000987
0 494.0255 507.8299 24.0068 8.3402 0.000913
0 478.4730 386.7603 18.5278 31.3921 0.000837
0 444.2327 194.7917 12.6098 14.7662 0.000739
0 317.6654 496.5872 25.7686 20.7795 0.000686
0 456.2797 384.6974 16.5305 31.5792 0.000630
0 191.2625 8.6642 20.0245 16.8559 0.000615
0 468.7999 386.0270 19.2550 31.8365 0.000608
0 241.2437 149.3177 14.1921 22.7893 0.000584
0 32.6730 507.4108 26.6603 9.1784 0.000565
0 311.7793 297.1935 14.1188 26.1846 0.000547
0 132.1448 323.3900 21.0345 15.7860 0.000466
0 635.0986 34.7654 9.8028 63.9860 0.000456
0 29.3357 501.1786 27.8218 21.0943 0.000450
0 371.7317 507.9830 16.6716 8.0340 0.000442
0 193.9812 507.9044 22.8002 8.1912 0.000434
0 12.1887 500.7809 23.7966 22.4383 0.000406
0 41.6228 508.3327 22.2657 7.3345 0.000400
0 442.3615 507.6704 22.7825 8.6592 0.000375
0 356.8018 305.9399 15.5546 28.5726 0.000374
0 632.6372 58.9770 14.6720 40.9663 0.000354
0 24.9589 237.6073 17.6695 20.6706 0.000352
0 516.8653 339.9368 19.9567 30.8052 0.000351
0 415.0683 397.6519 21.3876 35.4849 0.000338
0 412.7626 240.8055 21.2765 22.4039 0.000323
0 511.6536 336.4661 18.1368 26.6240 0.000323
0 301.2307 467.0056 26.0878 25.0786 0.000310
0 278.5243 213.4240 13.9650 31.7375 0.000302
0 285.2133 230.0366 21.7381 24.8199 0.000298
0 480.7546 508.0415 29.9183 7.9171 0.000281
0 143.4477 6.2684 18.2239 12.5368 0.000281
0 635.6971 70.9043 8.6058 52.4156 0.000276
0 2.7373 399.8818 5.4745 44.6863 0.000271
0 366.2172 507.5226 18.6082 8.9548 0.000268
0 285.4684 216.9171 21.9192 31.0063 0.000261
0 507.7140 506.4297 43.7219 11.1406 0.000256
0 215.6721 4.4494 25.6835 8.8988 0.000254
0 5.3883 97.1516 10.7766 27.6980 0.000249
0 320.6084 297.5962 22.1764 24.0863 0.000243
0 500.7551 334.9856 16.5542 24.4153 0.000214
0 536.7953 333.4627 25.6348 32.0620 0.000210
0 2.8492 292.9514 5.6985 26.8279 0.000208
0 211.5341 293.4442 14.8890 16.6726 0.000203
0 309.2507 475.9195 30.9836 34.7759 0.000201
0 336.7287 507.3130 24.4687 9.3740 0.000197
0 423.5111 506.6816 26.5427 10.6368 0.000188
0 47.5399 234.9211 18.8046 16.9883 0.000185
0 635.6798 274.8387 8.6404 33.6323 0.000179
0 553.6813 288.4324 28.6899 28.9921 0.000177
0 180.5376 3.5975 19.9471 7.1949 0.000175
0 222.6720 508.5081 21.2870 6.9838 0.000167
0 471.0515 508.0119 25.4323 7.9763 0.000167
0 406.2200 411.2938 14.6199 34.8243 0.000163
0 634.9343 285.3739 9.9808 42.7809 0.000158
0 2.7987 252.3187 5.5974 31.1689 0.000152
0 304.3616 287.9581 26.3483 15.5580 0.000150
0 2.9078 243.3765 5.8156 24.3576 0.000150
0 397.8542 430.8376 12.2672 22.0147 0.000149
0 286.5022 268.0165 18.6780 16.6793 0.000147
0 514.0795 500.9248 37.3384 22.1503 0.000145
0 6.6085 78.5529 13.2171 63.4569 0.000143
0 2.6849 267.1563 5.3698 33.1749 0.000142
0 211.5636 305.1035 14.6275 21.3633 0.000142
0 36.1131 231.9368 18.1157 32.6075 0.000139
0 492.4421 336.6032 21.6374 29.5143 0.000136
0 636.8247 111.0224 6.3506 39.7288 0.000135
0 448.0497 388.8300 16.4878 28.7335 0.000128
0 191.9070 17.5045 20.6983 28.3034 0.000124
0 235.8205 508.6591 30.0754 6.6818 0.000122
0 635.5017 169.6009 8.9965 31.3285 0.000119
0 206.9073 508.0555 30.7144 7.6628 0.000119
0 159.9876 19.4504 26.1349 26.0904 0.000119
0 8.7746 22.6835 16.4324 41.5498 0.000117
0 268.9757 3.6065 20.1112 7.1069 0.000117
0 635.8325 345.6666 8.2711 40.4933 0.000114
0 500.3027 159.8948 23.4016 18.9143 0.000112
0 635.9990 89.3728 8.0019 39.9897 0.000111
0 515.1768 349.2867 15.5144 30.3147 0.000110
0 43.7174 382.1552 22.4398 29.7726 0.000109
0 376.2309 428.4427 26.1501 49.7555 0.000108
0 629.9468 68.4510 17.5112 41.3262 0.000108
0 349.9440 102.1283 15.8469 28.5203 0.000107
0 40.7799 503.1489 23.1623 17.2078 0.000107
0 248.8867 508.7448 24.7881 6.5104 0.000107
0 401.0472 427.3311 10.5828 28.0103 0.000106
0 2.3754 421.3818 4.7507 42.4486 0.000105
0 422.5133 397.7933 24.4525 39.7782 0.000102
0 291.9567 271.0591 15.1694 13.4473 0.000101
