0 339.8089 308.6730 15.3885 35.7634 0.862376
0 271.0037 257.9557 18.0182 33.8076 0.829329
0 280.9570 220.2987 12.0129 26.5600 0.212234
0 206.2673 18.8150 19.1676 33.5867 0.052506
0 4.6771 11.5200 9.3542 23.0399 0.020163
0 613.6537 254.4349 18.7000 25.2056 0.017476
0 38.4813 236.9591 15.4192 18.4559 0.012476
0 322.8846 508.1682 23.2819 7.6635 0.010510
0 7.8778 8.3103 15.7318 16.6207 0.010190
0 199.1339 4.2459 19.1487 8.4915 0.005927
0 636.2973 55.6736 7.4054 36.9731 0.002877
0 411.9337 399.9982 15.1794 28.8306 0.002167
0 452.3822 379.1232 14.1127 26.6176 0.002086
0 33.1548 236.2110 18.0061 21.5810 0.001696
0 244.6968 149.3680 18.7570 24.1004 0.001665
0 2.5042 408.3382 5.0083 47.2570 0.001485
0 467.7892 384.2903 12.9982 29.6056 0.001482
0 286.1771 217.5940 19.0709 29.7788 0.001376
0 321.5212 502.6277 26.2307 18.3732 0.001253
0 485.3591 386.4750 14.2748 29.3571 0.001235
0 478.5426 385.4476 20.2845 29.2097 0.001198
0 444.9283 194.0359 13.3489 13.5530 0.001183
0 4.9678 30.9668 9.9356 29.7740 0.001154
0 53.3353 379.2197 24.4829 29.1575 0.001018
0 211.8146 22.4270 23.3882 28.9793 0.000988
0 274.6194 242.7923 17.7971 49.2076 0.000927
0 334.2470 507.5222 25.0062 8.9557 0.000885
0 441.4920 507.4575 23.9730 9.0850 0.000868
0 500.4687 507.2196 31.8616 9.5609 0.000843
0 20.3112 497.2709 18.8105 29.2297 0.000817
0 189.4781 3.6293 18.2455 7.2585 0.000753
0 416.7190 398.7328 22.6572 36.8655 0.000739
0 318.8387 486.0242 29.4323 24.1622 0.000659
0 197.1069 507.9369 20.5023 8.1262 0.000647
0 313.1955 289.2051 13.6790 12.0468 0.000640
0 249.2918 508.1934 21.6257 7.6133 0.000631
0 527.7196 333.1498 31.1415 32.1200 0.000602
0 540.6594 330.0023 19.3826 32.4791 0.000601
0 402.2119 429.0540 10.5706 22.4692 0.000580
0 47.3187 235.8700 19.2255 18.4831 0.000570
0 228.7995 507.8479 21.9720 8.3043 0.000554
0 45.2576 508.7869 19.6975 6.4262 0.000552
0 515.5441 340.4244 17.1755 29.9026 0.000551
0 500.3940 159.6453 22.4520 19.9255 0.000532
0 480.2571 508.1346 29.0667 7.7307 0.000514
0 635.9170 37.0048 8.1660 58.6192 0.000479
0 299.4756 469.2243 24.5541 30.1555 0.000470
0 3.0410 391.1228 6.0820 41.5641 0.000462
0 133.1751 321.9728 20.9878 16.8007 0.000444
0 2.5497 101.2589 5.0994 28.2343 0.000411
0 214.4560 5.8897 25.4092 11.7793 0.000405
0 457.3721 384.2905 18.1722 32.2242 0.000391
0 143.1387 6.3082 17.6969 12.6164 0.000390
0 191.0031 9.7631 19.5207 18.4293 0.000388
0 256.4446 508.3622 24.7962 7.2755 0.000380
0 311.5500 298.0617 11.5099 27.5529 0.000375
0 429.9168 507.6431 26.0353 8.7139 0.000373
0 555.3529 286.8203 26.7960 29.7670 0.000351
0 372.1083 508.2000 16.6868 7.5999 0.000351
0 549.9800 321.8839 22.3066 23.0133 0.000327
0 353.0339 306.0638 19.6929 34.1941 0.000323
0 14.6913 5.3099 21.6704 10.6198 0.000309
0 370.6439 459.1597 18.4376 23.4857 0.000295
0 308.0614 470.3364 30.7667 35.8081 0.000284
0 404.3636 416.9095 11.7842 34.7017 0.000257
0 636.2510 271.9589 7.4979 34.8419 0.000237
0 2.8350 293.5758 5.6700 28.8792 0.000227
0 14.0632 11.0868 22.1006 20.1252 0.000227
0 407.2819 405.6882 14.0892 26.4192 0.000213
0 513.7943 501.4410 38.5287 21.1180 0.000200
0 2.9191 250.7653 5.8382 33.4280 0.000199
0 461.3888 508.1243 26.1110 7.7514 0.000191
0 268.9330 3.9466 18.6836 7.8933 0.000179
0 414.2126 506.3859 26.8457 11.2283 0.000176
0 499.2758 335.5514 18.8767 26.5389 0.000174
0 180.4271 3.4347 18.7364 6.8694 0.000171
0 423.0832 399.1512 22.8706 42.8960 0.000166
0 296.5983 478.2063 19.0835 18.6510 0.000166
0 522.1926 339.3851 23.0692 34.0115 0.000162
0 38.2513 507.9871 25.0317 8.0259 0.000159
0 42.1686 230.9297 15.3415 30.3755 0.000158
0 69.9798 4.1070 19.0959 8.2139 0.000153
0 164.4564 35.7768 25.7897 28.1799 0.000153
0 523.9631 490.3134 18.8286 34.4272 0.000151
0 2.6924 268.4105 5.3848 31.5917 0.000146
0 2.8990 113.1383 5.7981 47.5179 0.000144
0 3.1529 238.4706 6.3058 25.2826 0.000144
0 160.6125 25.6620 26.4856 31.6161 0.000139
0 2.6857 279.4541 5.3714 29.2553 0.000139
0 11.6241 496.3955 22.9054 31.2089 0.000138
0 151.9171 5.2985 27.0611 10.4867 0.000137
0 635.2726 170.0665 9.4548 31.6745 0.000135
0 22.1276 236.5408 17.2787 20.7030 0.000131
0 183.9843 508.7975 27.9951 6.4049 0.000131
0 636.5684 339.9287 6.8633 38.4183 0.000127
0 303.2376 507.3292 26.6728 9.3416 0.000126
0 321.1107 292.4769 20.3383 19.1401 0.000125
0 265.4573 508.6029 21.7596 6.7941 0.000122
0 127.8891 314.9526 19.4177 25.6039 0.000120
0 2.6419 424.6070 5.2837 50.7082 0.000118
0 636.8239 110.8804 6.3522 38.9990 0.000118
0 365.9525 507.8343 20.5576 8.3315 0.000110
0 436.5379 504.2812 22.2461 15.4375 0.000109
0 491.5045 388.7728 18.2146 29.3357 0.000109
0 278.9141 201.8030 14.5841 28.5049 0.000103
0 504.7888 504.2383 36.7621 15.5233 0.000101
