0 415.0486 250.2126 27.3275 67.7831 0.884722
0 586.1284 231.8908 30.0841 93.5231 0.866474
0 76.0823 286.2300 28.8292 49.5502 0.003964
0 637.1508 395.8237 5.6984 161.4308 0.001393
0 169.1488 307.8123 14.4345 25.7001 0.001237
0 635.1555 489.0406 9.6454 45.3466 0.000483
0 634.8678 464.5648 10.2644 92.3453 0.000404
0 7.3858 505.8926 14.6185 12.0511 0.000176
0 12.0106 507.5489 23.9877 8.9022 0.000170
0 636.1290 431.7827 7.7421 134.5869 0.000152
0 636.2492 355.6664 7.5016 105.5037 0.000151
0 564.4865 226.4638 71.8462 87.2515 0.000140
0 632.3004 501.4889 15.3993 20.5564 0.000130
0 7.7811 108.2388 15.5622 94.4565 0.000101
