0 363.6764 262.2332 13.3854 43.5831 0.850815
0 472.7165 264.1992 9.6650 48.0479 0.785548
0 408.6003 271.3436 11.6495 50.4265 0.745656
0 422.8621 263.6949 8.2285 39.5175 0.664190
0 417.6447 270.5924 14.7242 51.6209 0.002388
0 637.4984 253.8699 5.0033 31.3771 0.001644
0 637.2740 265.1236 5.4520 60.1715 0.001251
0 595.6546 242.3510 10.3523 41.4343 0.000420
0 2.8030 272.8062 5.6060 80.9347 0.000377
0 637.3130 242.6642 5.1974 41.7266 0.000300
0 636.7697 284.1724 6.4287 103.5500 0.000258
0 2.4663 244.8965 4.9326 42.1431 0.000232
