0 245.0860 277.8770 16.9760 54.3009 0.852338
0 369.2116 295.4385 16.8146 74.3932 0.846980
0 435.7159 289.1893 22.6799 69.5984 0.831191
0 318.7565 301.7913 14.3185 72.6630 0.807661
0 426.7715 278.5909 11.0819 50.9385 0.376728
0 428.4279 266.0038 12.0311 31.4061 0.023891
0 433.1447 259.1645 14.5117 19.2121 0.017555
0 441.1526 283.7380 12.1107 59.1526 0.014580
0 10.9590 273.8568 21.7615 78.0820 0.003158
0 16.8493 278.3897 11.9340 69.8843 0.001652
0 441.1715 258.7498 11.6172 20.7609 0.001133
0 637.4091 255.2592 5.1818 30.0402 0.000947
0 423.1745 264.4780 10.6332 29.6820 0.000846
0 16.7683 296.0652 11.0504 35.4429 0.000839
0 426.6356 288.1198 18.9128 68.3188 0.000693
0 19.9233 261.6123 23.1231 103.3229 0.000516
0 26.4099 277.5762 28.4205 73.3811 0.000452
0 637.1648 269.3109 5.6705 60.8110 0.000447
0 434.3886 250.8261 15.7156 25.1047 0.000163
0 637.2407 243.5967 5.3892 42.1780 0.000147
0 10.2430 219.8317 19.4291 183.8960 0.000139
0 5.8261 253.5432 11.6431 118.1775 0.000120
