0 299.3768 288.2894 15.0834 57.5011 0.863093
0 239.4698 290.4836 16.7601 88.3934 0.860130
0 213.9663 291.8187 14.1611 82.8844 0.843965
0 278.2007 285.0426 12.5939 60.4772 0.826975
0 297.3803 256.0089 11.2188 15.1708 0.651636
0 636.7852 271.8921 6.4297 26.4159 0.213604
0 636.9108 281.7143 6.1783 53.7678 0.078720
0 301.4488 255.6623 15.6780 17.7463 0.004083
0 302.4632 264.4781 14.0887 24.9023 0.002337
0 634.3653 259.9119 11.2694 52.8005 0.000523
0 631.3827 244.0706 16.9614 81.6573 0.000219
0 2.6181 325.2301 5.2363 116.2488 0.000178
0 632.8425 270.2859 14.0608 29.5726 0.000139
0 632.0314 285.7730 15.6394 69.9918 0.000109
