0 455.9562 315.2631 38.6541 96.2732 0.884786
0 344.8719 293.6494 10.9825 64.7179 0.812060
0 599.3145 316.2418 15.8789 89.8945 0.802770
0 611.5691 314.5133 38.4297 98.0029 0.015010
0 635.6534 274.1395 8.0977 30.3505 0.005024
0 3.1276 318.5706 6.2552 121.6456 0.002134
0 499.8719 253.3187 11.5205 18.1815 0.000900
0 492.8187 254.4954 11.8834 16.4543 0.000806
0 7.8346 318.6795 15.6692 121.2340 0.000486
0 634.3961 315.1175 11.2078 105.6431 0.000333
0 8.0816 196.5321 16.1631 108.9663 0.000278
0 484.0870 254.8197 13.3560 15.1549 0.000262
0 561.2826 271.9199 10.8667 33.6085 0.000259
0 19.5917 442.2756 39.0425 139.4487 0.000145
0 4.1094 272.2044 8.2183 123.4193 0.000113
