0 175.3178 322.2216 24.5416 46.9117 0.874563
0 520.0190 278.6459 21.1836 40.1470 0.863858
0 308.0390 341.3335 21.8558 44.4430 0.847192
0 190.5820 388.6100 17.5161 46.8716 0.775096
0 427.0981 310.5791 12.4178 16.1185 0.004739
0 7.0042 328.0018 13.9411 29.8077 0.003264
0 197.9293 400.8882 21.6789 30.5255 0.002004
0 423.9828 304.6817 15.7686 20.2570 0.001529
0 630.9661 305.7036 17.7150 23.2610 0.000902
0 29.5578 378.8894 28.7520 31.6351 0.000891
0 131.1233 5.4701 27.7819 10.8805 0.000844
0 204.3008 405.1141 22.7182 21.9669 0.000780
0 117.2173 4.5795 37.0907 9.1590 0.000545
0 6.5609 313.6220 13.1219 50.0341 0.000399
0 636.9907 347.1355 6.0187 46.8929 0.000395
0 204.1557 390.9424 26.2790 44.9211 0.000381
0 329.2367 325.4955 24.8964 65.2327 0.000376
0 335.1700 331.2970 19.2148 62.3069 0.000361
0 8.2560 337.1307 15.8972 36.9744 0.000361
0 570.3900 339.7779 18.1602 37.9290 0.000285
0 636.6711 391.6627 6.6577 43.3726 0.000269
0 636.8936 364.4025 6.2128 52.0046 0.000269
0 300.5126 336.1888 24.9354 47.2551 0.000249
0 636.5715 436.9407 6.8569 31.1512 0.000185
0 2.4955 489.8478 4.9910 33.3618 0.000175
0 635.5806 320.0674 8.8388 40.7388 0.000172
0 393.9233 508.3485 24.6532 7.3030 0.000170
0 430.4442 307.0097 18.6375 24.4209 0.000156
0 418.3729 306.2483 18.9917 20.8880 0.000153
0 636.7458 461.5227 6.4536 47.1923 0.000151
0 4.1778 168.2392 8.3555 50.6636 0.000148
0 372.9463 309.8943 12.4982 20.1697 0.000148
0 423.0696 297.8611 16.7318 24.9642 0.000140
0 123.7057 7.0879 32.5724 14.1759 0.000119
0 207.3468 412.6059 19.9667 25.5460 0.000112
0 332.3502 306.2166 25.5352 62.5878 0.000106
0 338.9099 317.4106 18.6672 37.0981 0.000106
0 199.4617 411.2953 20.4119 29.4027 0.000105
0 10.1559 281.6718 18.8553 26.6913 0.000104
