0 570.3018 304.2306 32.5076 71.5211 0.890352
0 371.7289 307.7873 13.0563 64.7220 0.820153
0 364.0849 289.3895 13.5100 62.6985 0.798141
0 522.7841 291.8170 6.3485 32.1815 0.020343
0 368.8546 284.5338 15.2361 54.6245 0.006489
0 427.6482 254.1563 11.4419 18.1916 0.000521
0 519.5668 292.9128 12.3379 37.2020 0.000401
0 129.1685 271.1644 7.8884 29.3870 0.000385
0 420.9294 255.6183 11.1818 17.3765 0.000314
0 521.4873 303.5402 8.7676 63.9241 0.000219
0 636.7445 309.4552 6.5110 84.5825 0.000206
0 630.5345 153.3800 18.8726 114.5336 0.000187
0 352.4205 281.6503 13.9552 72.1533 0.000180
0 571.9011 275.5681 16.5688 19.0143 0.000133
0 3.2911 323.8349 6.5072 143.9707 0.000123
0 410.3627 257.4503 10.6265 17.6319 0.000111
