0 181.5234 317.9446 29.3249 43.7914 0.871636
0 308.4628 339.8247 21.6307 43.4880 0.842870
0 201.1312 394.3678 28.4753 40.2355 0.819244
0 518.0837 258.3914 17.7948 45.7809 0.804787
0 7.4581 327.1883 14.9001 30.0609 0.009495
0 28.6972 377.3552 29.5083 30.4811 0.002867
0 187.9490 415.3362 13.4134 16.7092 0.001451
0 631.0157 304.2844 17.6455 22.0317 0.001098
0 425.2070 306.5457 14.9999 18.2997 0.000654
0 131.5834 5.1744 27.9744 10.3293 0.000592
0 8.2491 314.9474 16.2637 46.4561 0.000574
0 183.1524 417.9901 16.4826 13.5309 0.000500
0 183.9093 409.8362 17.1492 25.0333 0.000448
0 636.9392 335.1406 6.1216 38.9061 0.000447
0 636.9457 350.8162 6.1086 48.6201 0.000311
0 301.0196 335.1458 25.2108 46.0053 0.000279
0 5.6966 337.2034 11.3579 39.5511 0.000247
0 636.1558 321.6636 7.6884 41.7507 0.000246
0 3.4313 169.8941 6.8625 48.7338 0.000232
0 8.5298 282.6476 16.7313 31.5247 0.000229
0 636.8459 392.3388 6.3082 40.9562 0.000210
0 636.9349 375.0609 6.1302 39.3960 0.000202
0 636.6075 436.3652 6.7849 26.4734 0.000201
0 428.0199 310.2761 12.5761 18.8378 0.000194
0 185.1742 397.2152 19.8229 43.5757 0.000180
0 333.1940 312.8810 33.4788 82.6719 0.000163
0 636.6520 451.5675 6.4253 42.9841 0.000159
0 187.4676 421.2786 15.1563 23.4838 0.000147
0 14.9315 282.5256 22.2581 26.6042 0.000140
0 632.0577 287.7147 15.8186 41.7494 0.000136
0 520.6349 245.0948 16.8864 51.8483 0.000131
0 115.5100 4.3191 40.2526 8.6383 0.000130
0 3.8715 352.1078 7.7351 29.7108 0.000115
0 4.7246 273.6068 9.3653 38.7167 0.000112
0 571.7968 340.0632 17.0681 39.6754 0.000111
0 327.5035 327.2262 23.0430 63.6403 0.000105
