0 385.9997 302.3144 12.9710 74.6156 0.800723
0 376.7913 288.5708 14.9630 63.6575 0.785157
0 304.1342 287.0848 8.7344 45.4374 0.545924
0 537.3624 295.5340 6.4932 34.8470 0.003891
0 637.6158 277.2612 4.7683 46.5990 0.001776
0 637.3920 239.9577 5.2159 99.6080 0.001229
0 637.5285 299.7377 4.9430 67.5400 0.000620
0 500.4010 272.9146 7.9773 28.8275 0.000295
0 636.9868 320.7270 6.0264 96.1571 0.000164
0 435.6904 255.9072 12.2766 18.4940 0.000144
0 534.9792 296.0321 9.5405 41.0698 0.000121
0 363.4930 251.6652 8.2401 26.7369 0.000115
