0 211.6303 354.7943 43.4403 90.8973 0.916301
0 72.6844 393.7248 50.8274 114.0580 0.898135
0 461.5481 294.6631 23.2438 106.2693 0.825206
0 156.2349 368.6318 14.9316 66.6578 0.003582
0 637.3517 241.4471 5.2966 114.6041 0.002104
0 7.5646 330.6787 15.1293 57.4656 0.001970
0 6.4583 203.3882 12.9166 75.3497 0.001457
0 636.7567 309.8625 6.4866 99.1741 0.000824
0 636.4690 372.0279 7.0620 116.0865 0.000608
0 6.9173 359.7057 13.8346 84.4814 0.000590
0 3.2503 439.7658 6.5007 80.3215 0.000394
0 6.3535 178.8980 12.7071 36.8091 0.000195
0 152.3424 352.7129 22.7554 97.2939 0.000148
0 6.2044 155.3366 12.4088 79.5412 0.000110
