0 322.9031 242.8370 39.7655 119.8404 0.903859
0 615.2955 246.1179 49.4091 165.8917 0.899209
0 32.1574 276.4113 44.4226 97.6046 0.879205
0 3.3511 398.0853 6.7022 161.4038 0.003451
0 637.3289 417.0114 5.3422 61.5757 0.001130
0 637.1537 443.3580 5.6927 61.0463 0.000800
0 3.7704 437.6190 7.5408 84.2845 0.000633
0 595.6990 27.5077 31.4902 54.8215 0.000586
0 98.8115 178.8800 26.2805 64.1691 0.000390
0 636.0494 246.0335 7.9011 157.7168 0.000367
0 597.9431 7.5495 33.4478 15.0095 0.000358
0 634.2360 274.2637 11.5280 110.2145 0.000291
0 637.4429 138.5058 5.1143 59.1730 0.000272
0 357.4316 4.3507 18.6478 8.7015 0.000242
0 520.7469 6.2765 26.3805 12.5043 0.000202
0 585.6030 17.3746 23.2629 34.5701 0.000192
0 628.9553 261.2931 22.0894 136.3977 0.000182
0 635.4512 496.9361 9.0975 30.1278 0.000168
0 11.1427 402.0128 22.2854 150.5034 0.000154
0 636.5427 481.1454 6.9145 61.7093 0.000153
0 98.6099 162.8034 27.4231 33.2109 0.000141
0 612.4381 4.7285 18.8253 9.4570 0.000118
0 296.5734 4.1031 36.4241 8.2063 0.000112
