0 544.3062 245.3141 91.0345 171.9568 0.901477
0 320.3759 242.1012 37.3208 118.8660 0.900956
0 28.1835 274.6180 35.8709 97.3025 0.885726
0 240.6867 230.2166 20.2430 53.5305 0.806593
0 3.1920 422.5037 6.3841 101.7178 0.006477
0 637.2104 400.4330 5.5791 35.9309 0.003106
0 4.0852 451.3583 8.1705 121.2834 0.001367
0 593.1295 8.9257 29.5974 17.5936 0.000999
0 636.5474 424.6284 6.9052 73.4863 0.000641
0 3.6720 376.9632 7.3272 180.3290 0.000531
0 636.2085 445.7635 7.5830 51.5737 0.000339
0 592.6386 29.1374 29.3381 57.9538 0.000296
0 600.0520 5.9065 29.3280 11.7881 0.000286
0 13.8084 418.2915 27.5035 110.1232 0.000229
0 520.3615 7.0307 27.4973 14.0306 0.000222
0 291.7448 4.0655 31.2228 8.1309 0.000165
0 357.7000 4.6253 19.3391 9.2505 0.000156
0 4.2687 179.3208 8.5374 44.2786 0.000153
0 636.9058 117.5122 6.1884 85.7443 0.000150
0 325.2202 272.4082 28.3455 59.4722 0.000113
0 10.0664 451.5499 20.0761 120.9003 0.000110
0 372.9041 15.9715 24.1307 29.0833 0.000110
0 635.0012 496.0672 9.9977 31.8655 0.000110
0 4.9727 56.5850 9.9454 41.2234 0.000104
