0 506.3581 285.1927 45.1307 87.4767 0.918275
0 398.4814 237.4279 38.1554 119.2901 0.908310
0 124.1646 280.3050 51.5167 86.1302 0.903752
0 322.6445 231.2136 20.5460 48.4871 0.833159
0 249.7580 260.2117 32.7574 53.9020 0.004409
0 48.0334 12.0867 25.4471 24.1734 0.000739
0 392.3212 9.7326 20.8418 19.3950 0.000716
0 637.3093 336.0201 5.3815 90.1348 0.000558
0 637.3896 368.8316 5.2208 68.4263 0.000477
0 637.1195 268.2893 5.7610 76.2242 0.000341
0 636.0232 472.1088 7.9537 79.7825 0.000316
0 636.9862 302.9471 6.0276 126.6962 0.000297
0 386.2160 6.5023 27.1555 13.0045 0.000273
0 428.4593 4.0102 23.7689 8.0009 0.000271
0 42.5625 5.3728 28.4758 10.7456 0.000180
0 331.8235 132.3625 23.2402 18.7544 0.000158
0 433.8525 6.2121 31.0629 12.0180 0.000145
0 637.1382 406.8236 5.7236 82.0717 0.000142
0 403.7316 262.2898 28.1390 71.0180 0.000131
0 413.5094 4.8306 22.8749 9.6611 0.000127
0 325.1455 133.7906 31.0436 25.3239 0.000120
0 329.7898 155.9504 28.3102 65.6288 0.000117
0 635.4978 498.1760 9.0045 27.6481 0.000113
