0 398.7030 238.7466 42.5887 118.0085 0.916778
0 508.1833 283.5566 46.9502 90.5625 0.916166
0 122.2818 276.7234 57.5324 96.4104 0.897876
0 53.2629 6.1403 24.8628 12.2807 0.003247
0 393.9261 6.5817 20.9639 13.1634 0.000513
0 29.4625 16.9504 49.7264 33.7362 0.000455
0 40.2608 6.2612 46.9007 12.5094 0.000439
0 53.8284 15.9531 24.8508 31.6875 0.000428
0 636.5687 293.3777 6.8574 125.7740 0.000338
0 636.9956 332.6048 6.0088 82.8979 0.000310
0 44.2452 19.3220 40.7921 38.4995 0.000184
0 637.1191 260.1399 5.7617 71.7216 0.000172
0 428.9631 3.9591 19.6578 7.8810 0.000168
0 636.8813 370.0222 6.2372 81.2271 0.000159
0 312.2939 135.8900 23.0877 27.6680 0.000141
0 636.8503 412.8073 6.2993 76.8948 0.000134
0 494.8491 4.1551 25.4973 8.3101 0.000118
0 3.2671 416.6835 6.5343 56.7481 0.000117
0 422.1008 3.9789 20.1724 7.9579 0.000113
0 3.6009 314.7833 7.2018 137.8016 0.000108
0 65.9843 6.1831 42.1640 12.0125 0.000107
0 436.0565 5.4487 26.7336 10.3595 0.000101
