0 507.2021 283.6642 46.8093 91.0404 0.916572
0 122.4385 277.4343 56.2256 92.1115 0.905660
0 397.4752 238.4615 39.0024 117.4012 0.904735
0 251.5663 266.2682 30.9844 66.9501 0.833697
0 637.3083 373.9297 5.3833 74.1139 0.000622
0 403.2511 256.7739 28.4646 81.1441 0.000387
0 637.2921 341.5020 5.4158 92.3657 0.000357
0 636.2731 469.9996 7.4537 84.0008 0.000236
0 105.4338 275.7014 24.7054 87.9443 0.000228
0 393.9083 5.5487 19.8618 11.0837 0.000215
0 636.8040 281.9062 6.3920 103.2521 0.000178
0 51.1972 4.2994 24.4324 8.5675 0.000177
0 75.8854 59.9562 15.2572 37.7939 0.000170
0 266.7255 194.2196 26.0775 63.2675 0.000129
0 427.5302 3.8724 22.6480 7.6311 0.000103
