0 506.6075 283.8993 46.1067 90.7486 0.914969
0 121.0575 279.1035 55.3465 90.7008 0.905524
0 395.8728 238.5529 40.8378 120.4453 0.903578
0 159.8414 282.4857 26.7711 62.7642 0.867857
0 250.0614 259.6534 28.8837 52.6878 0.013077
0 103.8254 276.7740 23.2953 87.5985 0.001062
0 637.3306 351.0094 5.3389 84.7089 0.000562
0 389.0496 7.0904 23.0372 14.1807 0.000339
0 636.7340 281.0391 6.5320 98.8068 0.000309
0 426.9278 3.6860 21.6951 7.3537 0.000279
0 637.3356 380.1012 5.3289 89.7803 0.000245
0 636.1063 467.6924 7.7875 88.6152 0.000214
0 262.3149 174.2254 19.0288 25.9594 0.000207
0 397.9465 6.9228 25.9977 13.8456 0.000165
0 3.4642 324.6450 6.9284 122.1837 0.000143
0 413.6728 4.1764 22.8413 8.3529 0.000134
0 434.5016 4.5183 30.2067 8.7094 0.000132
0 47.7330 4.8035 27.5182 9.5411 0.000125
0 3.9058 421.0513 7.8115 61.7264 0.000115
0 637.2066 251.5802 5.5868 79.6358 0.000111
0 242.9860 3.1429 20.5853 6.2284 0.000109
0 637.0979 415.9852 5.8042 98.8278 0.000103
