0 397.7435 239.4237 39.4150 119.7515 0.918343
0 506.5239 283.9568 45.9298 90.5497 0.916830
0 131.9001 283.4683 32.3238 81.1694 0.593934
0 105.7258 279.9079 24.7109 91.7253 0.178395
0 117.8761 280.2360 48.1886 91.5644 0.135185
0 123.0028 308.8832 50.2222 118.0266 0.001037
0 637.4413 354.0970 5.1173 83.4360 0.000825
0 46.8323 5.4422 24.2630 10.8845 0.000724
0 250.5618 262.4128 29.0995 51.9052 0.000527
0 392.5068 6.8842 22.0984 13.7619 0.000522
0 636.6605 282.0318 6.6791 100.3035 0.000362
0 637.3281 384.6415 5.3438 96.5140 0.000281
0 637.1882 257.3858 5.6235 76.2268 0.000281
0 636.3624 477.6933 7.2751 68.1489 0.000197
0 158.4260 3.1338 29.5742 6.2625 0.000171
0 3.7631 309.3649 7.5263 121.8977 0.000163
0 27.4683 5.6521 46.3344 11.3042 0.000149
0 102.4527 294.7090 17.5051 68.4083 0.000105
