0 36.0097 176.2062 23.8516 46.4871 0.886575
0 209.3280 226.2249 24.2819 50.8027 0.060540
0 214.8555 6.0383 29.3817 11.9284 0.014489
0 201.1941 6.1763 39.6136 12.3287 0.011446
0 246.1625 233.4569 18.5409 74.1332 0.007350
0 636.1533 364.5666 7.6935 71.0040 0.004598
0 635.9242 402.9567 8.1516 90.6799 0.002088
0 4.2661 357.6623 8.5323 125.9473 0.000923
0 490.8273 294.5762 10.8934 29.8457 0.000669
0 15.0814 351.6917 30.1629 133.5161 0.000510
0 232.9299 7.2610 48.6558 14.3898 0.000422
0 528.1800 17.0310 24.6196 28.0672 0.000291
0 636.9691 197.3359 6.0618 42.2439 0.000284
0 632.8561 379.0456 14.2877 66.6034 0.000269
0 277.9051 503.3047 32.2692 17.3906 0.000255
0 630.3650 30.9682 19.2700 46.7958 0.000249
0 636.7635 331.5964 6.4729 106.6047 0.000186
0 260.2009 502.4466 54.9071 19.1069 0.000168
0 632.3040 403.8597 15.3920 99.5886 0.000162
0 636.9145 218.4458 6.1710 77.7426 0.000115
0 611.0374 4.9470 25.5560 9.5711 0.000114
