0 220.4024 178.0904 30.8650 66.2373 0.892472
0 428.8961 235.0472 29.8076 83.7378 0.868415
0 136.7946 154.6335 33.3271 82.3055 0.862763
0 4.9952 145.0374 9.9903 86.3207 0.001298
0 389.4369 13.6213 19.5723 27.2427 0.001112
0 378.4825 13.2671 40.0139 26.4118 0.000470
0 8.7585 146.7248 17.5169 102.4410 0.000299
0 89.7058 11.4600 36.7874 22.7758 0.000281
0 637.1051 405.4966 5.7898 82.9742 0.000256
0 636.9982 377.1743 6.0036 55.6761 0.000193
0 3.4847 168.6195 6.9695 128.9893 0.000159
0 287.7578 3.8867 37.3610 7.7734 0.000141
0 636.4182 288.2562 7.1637 103.2750 0.000105
