0 77.9836 323.5561 34.5928 36.9590 0.846570
0 167.9524 330.9160 17.8970 44.0321 0.836119
0 166.2534 7.2533 21.5049 13.2115 0.001612
0 175.6540 7.0007 25.7917 13.3480 0.001044
0 7.6999 19.4151 15.3997 38.8302 0.000973
0 630.9064 436.9588 18.1873 150.0823 0.000857
0 399.6295 209.6693 21.0579 65.4358 0.000672
0 632.6347 414.3270 14.7306 84.4359 0.000428
0 7.1007 30.8979 14.2013 26.3554 0.000266
0 622.1115 433.4225 35.7771 157.1550 0.000220
0 636.0792 392.1099 7.8417 83.4100 0.000193
0 623.5875 483.3543 32.8251 57.2913 0.000131
0 408.7869 218.5727 36.7855 83.5893 0.000105
