0 314.0671 367.7612 20.0463 75.2028 0.831167
0 634.7162 237.5543 10.5675 50.9882 0.009821
0 634.6271 260.7056 10.7459 85.7508 0.004369
0 631.3284 375.9784 17.3431 96.6335 0.002090
0 632.5901 352.5549 14.8199 59.3946 0.001544
0 338.7438 369.4796 26.6991 41.8906 0.001286
0 635.8664 217.1680 8.2672 83.9915 0.000832
0 632.8246 401.7353 14.3508 62.0144 0.000657
0 109.2592 10.6530 20.9353 21.2817 0.000388
0 118.5337 10.4338 28.0409 20.8676 0.000194
0 633.3074 430.4796 13.3853 83.8577 0.000186
0 633.5046 322.7143 12.9908 104.9254 0.000166
0 633.6024 501.4080 12.7951 21.1841 0.000134
0 635.4165 493.5415 9.1670 36.9170 0.000104
