0 179.2359 214.7989 35.1436 69.7216 0.857089
0 233.8965 205.7719 31.4470 37.6217 0.841507
0 633.3701 247.0859 13.2598 99.7951 0.007566
0 10.3522 320.2478 18.1020 62.8099 0.003420
0 2.9294 338.8220 5.8587 70.4703 0.002765
0 2.4303 357.5421 4.8606 59.6040 0.001920
0 636.5189 107.0352 6.9623 96.7854 0.000752
0 6.2176 125.8981 12.4352 72.7350 0.000499
0 635.0418 168.5633 9.9164 165.0528 0.000492
0 308.0099 246.6801 53.8344 37.9075 0.000429
0 30.3550 5.4797 27.2913 10.8349 0.000421
0 621.3346 109.5115 27.0000 67.2305 0.000400
0 629.5533 167.8304 20.8933 170.9473 0.000380
0 636.4156 206.5121 7.1688 160.4719 0.000359
0 5.7223 14.0200 11.4446 28.0400 0.000289
0 3.5293 369.0691 7.0587 95.0757 0.000218
0 4.7075 109.8672 9.4150 43.9761 0.000206
0 189.6525 5.8518 32.4532 11.7037 0.000196
0 30.5246 10.1148 31.1644 20.1147 0.000165
0 582.7106 6.3664 49.7058 12.7233 0.000164
0 72.8882 5.4095 27.0354 10.8190 0.000148
0 618.0664 244.6625 43.5198 98.9929 0.000131
0 635.5750 84.9181 8.8501 60.6184 0.000125
0 8.4257 291.5504 16.8266 105.4584 0.000121
0 20.4460 11.7380 38.7446 23.4149 0.000116
