0 367.6722 212.3305 31.6578 66.0526 0.856491
0 5.2530 262.3793 10.5060 63.6144 0.092511
0 4.3553 289.6850 8.7106 130.2693 0.013157
0 109.1710 347.1230 34.6048 85.5148 0.009459
0 346.6628 202.7147 21.0573 66.9185 0.008498
0 3.7381 240.4850 7.4762 93.2763 0.008011
0 13.5544 185.8999 27.1088 153.0325 0.005398
0 9.4814 248.6704 18.9627 76.6031 0.003675
0 7.6018 276.3477 15.1965 92.5153 0.003250
0 4.7091 364.5462 9.4182 63.9434 0.003213
0 4.9556 335.6802 9.9112 117.1541 0.002533
0 7.5717 86.9582 15.1434 31.6779 0.001446
0 5.9125 408.3842 11.8250 140.8672 0.001172
0 637.5515 187.0038 4.8971 66.5854 0.000933
0 6.2336 443.1350 12.4671 72.4788 0.000784
0 196.4300 295.6236 47.1575 76.6713 0.000509
0 8.3652 316.9280 16.7305 147.5350 0.000359
0 7.0865 104.6944 14.1729 68.6909 0.000223
0 14.1234 261.6648 28.2467 60.6016 0.000221
0 245.6247 4.9343 22.9402 9.6984 0.000197
0 636.8452 203.9255 6.3097 108.6051 0.000190
0 637.6289 165.7574 4.7322 44.8572 0.000134
0 182.0349 3.9481 26.0527 7.8963 0.000126
