0 390.2252 462.4200 22.2186 99.0962 0.836620
0 353.3699 456.9582 50.9279 109.8834 0.822221
0 16.3301 399.3066 32.6602 63.5050 0.008600
0 368.7853 462.6855 20.6486 98.6290 0.005401
0 393.1711 487.5887 16.7164 48.8227 0.004335
0 234.3967 496.6302 27.3676 30.7065 0.002331
0 231.5285 2.7439 21.6143 5.4642 0.002309
0 241.1365 499.8067 16.0146 24.3866 0.001660
0 355.2937 484.2447 43.0640 55.0873 0.001374
0 458.6754 505.3598 15.6012 13.2805 0.001330
0 483.6602 500.3679 19.1059 23.2642 0.001025
0 636.4078 111.5373 7.1844 46.6814 0.000912
0 383.2160 475.7438 19.0785 72.3640 0.000850
0 275.0968 506.8470 14.6874 10.2776 0.000709
0 398.6129 503.5300 17.5724 16.8786 0.000493
0 8.1050 415.4034 16.2101 93.7792 0.000489
0 212.2035 505.6687 13.9529 12.5663 0.000475
0 580.6311 477.5618 16.7859 50.8910 0.000474
0 219.9865 505.2071 21.3184 13.5858 0.000457
0 328.8668 502.8414 18.7693 17.9493 0.000455
0 450.0769 506.3348 24.6577 11.3303 0.000405
0 468.8568 502.4514 30.9246 19.0973 0.000383
0 75.1395 505.7665 11.3957 12.4669 0.000345
0 634.0971 498.5089 11.8058 26.9822 0.000341
0 438.5853 506.7004 17.9218 10.5991 0.000314
0 75.4618 490.1176 9.5658 43.7648 0.000298
0 338.9931 488.6935 17.6126 45.7694 0.000294
0 86.4418 505.2086 29.7942 13.5828 0.000289
0 247.9099 503.2333 16.0312 17.5333 0.000287
0 95.9105 505.4412 22.3008 13.1177 0.000271
0 635.4214 488.2374 9.1572 47.5252 0.000260
0 320.8232 505.6393 25.1735 12.7214 0.000235
0 280.6355 3.0892 26.1284 6.1559 0.000230
0 225.9090 500.5181 28.3753 22.6095 0.000191
0 286.9885 506.5193 29.0044 10.9614 0.000183
0 70.4220 506.8487 17.8225 10.3026 0.000182
0 636.1525 140.2523 7.6950 75.7676 0.000180
0 3.9808 423.2830 7.9615 109.1071 0.000175
0 429.1563 507.1679 17.3374 9.6483 0.000165
0 248.1332 495.5840 18.2101 32.7033 0.000155
0 340.3106 455.4793 24.1631 104.4711 0.000153
0 47.3838 493.0879 18.4319 37.7756 0.000150
0 492.6531 498.3513 33.1056 27.0502 0.000146
0 302.0173 505.6995 28.6303 12.5529 0.000137
0 5.7949 494.0977 11.4325 35.8047 0.000130
0 5.3201 384.7911 10.6403 90.3455 0.000125
0 627.5020 502.7964 24.9960 18.4073 0.000123
0 632.6538 478.8854 14.6924 65.5713 0.000115
0 627.2139 486.5947 25.5722 50.4619 0.000114
0 258.4466 504.3898 31.8517 15.1224 0.000113
0 269.7528 3.2493 36.5331 6.4986 0.000111
0 627.8470 447.7804 24.3060 126.5584 0.000105
0 406.5579 506.7140 21.8561 10.5721 0.000104
0 272.0697 499.3304 14.8578 24.8212 0.000103
0 635.8004 193.2815 8.3992 71.0734 0.000101
0 64.8081 503.2879 27.7530 17.4242 0.000101
0 70.9282 494.8240 16.7910 34.3520 0.000100
