0 262.5581 336.4566 32.0820 83.5950 0.865743
0 627.2239 322.2778 25.1082 49.1021 0.438342
0 632.4832 151.9740 15.0336 75.0619 0.005577
0 632.0703 115.6053 15.8595 77.3563 0.003637
0 184.7615 340.6658 32.6335 87.3390 0.002623
0 631.0421 137.5467 17.8684 41.4576 0.002229
0 618.8288 233.2418 42.3424 231.9232 0.002152
0 630.5635 306.4536 18.8730 83.8141 0.000916
0 633.5535 339.3972 12.8879 85.8257 0.000887
0 618.5514 316.1433 40.3723 60.5362 0.000864
0 628.3671 348.0924 23.2659 105.8160 0.000227
0 624.5697 285.2865 30.8605 125.4967 0.000225
0 180.4686 326.2399 22.0539 58.7748 0.000138
0 635.3394 169.0714 9.3212 131.2651 0.000117
0 633.2689 229.3696 13.4623 216.9303 0.000116
