0 392.2246 326.0578 38.7194 90.0269 0.886082
0 456.8183 331.7537 31.6725 87.8827 0.885000
0 297.0156 315.0594 28.1638 72.4303 0.867663
0 602.1032 24.2534 24.5691 20.2583 0.003210
0 3.4330 374.4136 6.8661 129.2092 0.003113
0 12.6080 15.9497 24.3346 31.6434 0.002771
0 515.0807 14.2966 12.7661 28.5326 0.001424
0 3.1117 105.3715 6.2234 75.3216 0.001194
0 637.4526 159.0853 5.0947 106.1427 0.001026
0 3.5268 333.2751 7.0535 106.2539 0.000616
0 589.4429 16.6676 46.7422 33.3352 0.000579
0 508.6386 15.9310 23.7414 31.8620 0.000527
0 19.6539 129.1027 39.3077 33.9918 0.000408
0 5.8412 118.4489 11.6824 55.1869 0.000327
0 520.2471 13.6200 18.9152 27.1944 0.000324
0 637.2446 122.0046 5.5107 102.4878 0.000168
0 7.6718 308.5367 14.9646 62.0475 0.000146
0 25.9711 133.3314 28.2205 24.1986 0.000141
0 636.5284 186.6012 6.9431 121.9062 0.000140
0 603.2535 16.8912 30.3828 33.6077 0.000135
0 3.8229 302.9426 7.6458 70.7493 0.000130
0 237.9556 330.2793 24.4516 57.9766 0.000116
