0 403.6388 219.7686 17.1783 41.6245 0.882760
0 348.2046 309.0402 9.7010 15.3016 0.143989
0 635.6550 444.3969 8.6899 80.0355 0.011828
0 635.8904 424.6027 8.2191 40.5343 0.006113
0 5.0021 265.7540 10.0043 68.9822 0.001991
0 6.2104 12.3413 12.4207 24.6827 0.000634
0 4.7584 24.9430 9.5168 49.8859 0.000521
0 637.2900 364.7802 5.4199 43.7874 0.000497
0 552.2720 420.3182 13.6565 12.3829 0.000421
0 14.4979 9.9416 28.9957 19.8831 0.000368
0 633.5267 430.2361 12.9466 51.8939 0.000332
0 3.8398 44.8777 7.6795 89.7555 0.000242
0 636.2676 406.8331 7.4648 52.3464 0.000232
0 3.1825 290.7944 6.3650 80.3651 0.000212
0 13.5885 375.4321 18.7331 28.5000 0.000189
0 14.2408 21.1392 28.3949 42.2784 0.000186
0 3.4946 162.6426 6.9892 87.2591 0.000153
0 348.3288 300.2412 11.1355 34.2914 0.000124
0 408.7165 425.0894 11.0007 38.6353 0.000122
0 632.7717 456.6646 13.9326 100.6233 0.000121
0 340.5356 311.7614 23.9136 19.5359 0.000113
0 2.8975 119.7085 5.7950 84.0857 0.000107
