0 388.2881 384.0204 18.2778 43.7456 0.898197
0 117.9423 344.0201 16.9219 17.9584 0.779845
0 323.7459 212.0916 8.6946 15.8587 0.745930
0 70.6676 263.2163 9.3883 14.3284 0.263665
0 254.6954 261.5637 13.7054 39.0415 0.032650
0 457.3443 144.4357 9.0833 24.8494 0.030451
0 552.5173 469.8206 9.8701 12.6637 0.028192
0 550.9039 242.6699 10.4675 28.8992 0.017214
0 552.1798 476.3911 11.6504 25.4058 0.004966
0 543.8030 480.0804 25.5045 32.9662 0.002483
0 571.9236 268.5907 6.5908 11.5671 0.001968
0 92.0499 50.1100 7.0234 16.6969 0.001616
0 557.9932 470.9812 17.6487 14.6836 0.001611
0 220.0870 428.1299 8.0644 20.0929 0.001157
0 635.6682 178.3201 7.5896 29.5580 0.000650
0 94.2589 76.8337 7.8719 17.8148 0.000582
0 93.5048 72.1733 7.6150 14.4129 0.000379
0 558.1194 477.3159 19.9558 26.3290 0.000302
0 430.5256 141.1742 6.3225 17.8950 0.000286
0 550.6541 486.3544 15.9595 44.6938 0.000266
0 636.1848 168.0092 7.0369 21.4614 0.000264
0 85.6059 2.5000 15.4559 5.0000 0.000244
0 637.0773 270.2896 5.8454 39.7234 0.000219
0 565.3339 265.7185 14.0255 15.4944 0.000195
0 324.1514 222.0609 9.2415 35.6406 0.000132
0 117.7645 353.2781 16.8348 35.4385 0.000117
0 571.5121 264.0689 7.1543 17.6888 0.000117
