0 402.5109 382.4117 19.5320 42.9838 0.877767
0 96.3439 258.5210 12.7411 17.9676 0.807905
0 323.8098 211.2258 8.7609 18.3754 0.730916
0 127.5710 346.4841 12.8059 12.0725 0.610278
0 551.4360 243.1674 10.8231 28.3347 0.094618
0 553.2716 471.8454 10.3413 14.6359 0.014487
0 127.1341 340.3837 14.2190 25.1351 0.008844
0 254.4207 262.7125 12.0068 40.1073 0.002970
0 123.9726 344.6519 19.3020 15.9093 0.002766
0 553.4218 482.3937 12.3110 35.1724 0.002422
0 430.7196 141.6116 6.7281 18.2241 0.001442
0 558.0046 474.0830 17.7859 18.2277 0.001277
0 457.5135 145.8805 10.4456 25.2580 0.001253
0 91.5871 45.2743 7.4809 26.6346 0.001086
0 255.4439 274.5896 12.8054 24.5289 0.000817
0 545.8464 484.0997 23.4675 38.7968 0.000563
0 94.2156 78.3715 7.8874 20.8447 0.000439
0 93.4846 72.8139 7.5234 13.5442 0.000338
0 558.9623 484.3818 19.1372 38.3270 0.000266
0 324.2937 221.2423 9.1801 38.1543 0.000260
0 220.6184 427.2532 7.9358 21.3429 0.000231
0 97.1135 249.2272 14.1272 36.3931 0.000206
0 186.3219 62.6327 6.6938 10.5079 0.000194
0 298.2554 51.0577 6.6693 11.1938 0.000186
0 636.8396 262.2860 6.3208 42.8309 0.000175
0 259.3987 257.4972 22.6232 33.8030 0.000162
0 572.0791 265.8681 8.0237 15.6492 0.000156
0 557.2131 243.6720 21.2273 29.1340 0.000142
0 635.6465 179.1191 7.4700 27.9545 0.000138
0 546.1080 473.2172 21.6641 17.6761 0.000120
0 637.1554 275.8988 5.6892 37.0170 0.000116
0 3.5930 87.8499 7.1597 21.1995 0.000115
0 560.8096 260.3130 19.2532 26.1219 0.000109
0 121.8740 336.2542 24.6593 34.0771 0.000107
0 253.8457 246.5889 13.3225 28.1905 0.000102
