0 357.3231 309.3661 34.8264 108.7222 0.901188
0 77.9949 319.0374 36.6959 88.6266 0.885978
0 183.2511 307.0890 22.6005 84.0964 0.875860
0 4.9492 320.3495 9.8984 68.0037 0.023339
0 523.4513 301.0903 11.9514 71.1558 0.004433
0 3.4550 303.2102 6.9100 54.7313 0.003418
0 4.0877 211.5070 8.1755 40.0975 0.001636
0 2.5346 130.8889 5.0648 28.7362 0.000872
0 9.2818 329.7484 18.5635 87.7139 0.000816
0 636.5316 376.9124 6.9369 107.7164 0.000702
0 2.9191 468.4791 5.8382 72.3958 0.000666
0 5.3671 346.4965 10.7342 75.6603 0.000586
0 3.9496 177.0234 7.8993 99.3746 0.000473
0 4.7672 227.3418 9.5344 56.3520 0.000302
0 3.1758 56.6340 6.3516 32.4471 0.000287
0 3.0580 119.4199 6.1160 47.3355 0.000213
0 2.7992 142.6831 5.5983 52.9391 0.000195
0 623.0940 463.7226 33.8120 96.5547 0.000185
0 2.8783 441.9376 5.7177 64.5759 0.000174
0 10.1591 300.6846 20.3099 43.7242 0.000151
0 172.7974 453.0217 20.7506 53.2896 0.000134
0 631.5107 9.7953 16.5964 19.2194 0.000131
0 5.1810 370.6093 10.3621 65.7191 0.000121
