0 471.7277 311.8858 33.4711 25.1974 0.863102
0 431.2677 265.6485 19.2892 15.4995 0.645823
0 337.2247 421.8641 23.8333 15.0339 0.056258
0 439.5994 276.9125 11.4899 13.7716 0.018424
0 296.1008 146.8806 11.8361 19.4230 0.017426
0 557.2062 119.7656 10.8086 14.6856 0.005846
0 128.0639 6.5811 16.3258 12.9739 0.005276
0 311.5847 84.6886 12.9265 27.8962 0.004986
0 337.6903 428.3298 24.4497 29.3300 0.004958
0 363.4342 213.4950 10.0510 17.2833 0.004947
0 119.8542 6.7077 32.3526 13.4153 0.001727
0 133.7085 7.2291 18.7847 14.0175 0.001459
0 134.9911 30.9901 11.9224 10.7301 0.001155
0 56.9886 4.4205 19.9323 8.8410 0.000605
0 630.1671 265.0173 16.2036 23.5770 0.000550
0 583.1074 392.9758 22.2124 14.9841 0.000474
0 459.7936 127.1323 12.1628 18.5317 0.000460
0 236.4055 175.3661 19.8781 23.2108 0.000421
0 522.1378 63.5253 11.8225 12.5907 0.000399
0 374.3857 274.2481 11.4510 11.0533 0.000354
0 581.5005 8.5766 20.1948 17.1531 0.000345
0 363.6002 5.0820 12.9113 10.1641 0.000316
0 547.3804 469.0571 27.1210 15.5670 0.000263
0 140.1516 5.6070 25.2215 11.2141 0.000224
0 486.5663 337.4394 9.6537 13.2911 0.000211
0 378.5374 425.1959 20.9470 25.4524 0.000199
0 75.7637 139.5167 9.5726 11.9085 0.000189
0 66.4164 4.0494 32.9261 8.0987 0.000185
0 445.5880 280.2106 19.0408 14.4668 0.000169
0 297.5708 156.8836 11.7685 33.6501 0.000164
0 61.3812 7.6604 28.8821 15.2428 0.000134
0 314.1703 127.1386 9.0092 16.6751 0.000132
0 132.6176 15.3998 11.8554 25.8925 0.000105
0 394.0438 281.6669 15.6564 14.3477 0.000103
0 435.9115 260.9313 20.4526 23.2984 0.000102
