0 338.8400 430.5204 29.0072 29.4230 0.707305
0 129.1803 6.5551 13.6890 12.3350 0.001991
0 558.2559 120.8119 12.5748 13.7097 0.001954
0 488.5724 45.2989 13.8788 10.8063 0.001732
0 296.4351 147.5589 12.1476 20.0560 0.001271
0 75.5465 139.9152 9.4997 9.8484 0.001123
0 122.8905 6.2469 25.8294 12.4938 0.000827
0 559.4517 150.5667 10.1135 9.7511 0.000605
0 396.6469 284.5187 12.6942 10.4594 0.000548
0 363.8125 214.6212 11.9763 17.4997 0.000520
0 316.4694 131.8501 9.3623 10.7269 0.000475
0 135.0702 30.8140 13.0570 11.1356 0.000339
0 586.9688 401.5065 24.2878 24.9333 0.000337
0 237.4066 174.7383 20.5482 21.3650 0.000302
0 631.2158 265.5199 16.3638 24.4413 0.000247
0 463.1875 107.2951 11.9865 30.8106 0.000212
0 487.8110 307.1260 19.3658 24.9586 0.000137
0 581.9913 8.4628 21.3473 16.9257 0.000127
0 459.5327 133.5992 11.6659 24.3220 0.000117
0 53.4133 7.5914 12.3346 15.1828 0.000106
0 297.5250 154.9635 11.8740 34.2557 0.000106
0 134.1504 7.7497 17.6600 13.3330 0.000104
0 549.6797 467.2747 29.2611 23.1345 0.000101
