0 334.8936 428.3961 26.8994 31.8849 0.642077
0 404.0389 33.0748 12.6111 16.8402 0.012100
0 236.1129 173.9243 21.0817 22.7863 0.002923
0 485.9348 43.3402 11.5801 11.5936 0.001276
0 2.3386 233.6632 4.6772 21.3424 0.000694
0 455.8084 131.7851 10.2361 28.1596 0.000692
0 135.0042 29.7872 15.2603 10.6658 0.000643
0 556.2917 118.8776 13.0519 15.4940 0.000478
0 121.3255 5.5766 23.3635 11.1532 0.000476
0 294.0730 144.9908 11.4175 18.6989 0.000430
0 484.2335 304.7309 23.1813 23.7701 0.000417
0 579.8702 7.0005 24.0466 14.0010 0.000415
0 128.3042 5.5237 16.6561 10.9389 0.000339
0 586.5045 399.9906 21.7581 25.2173 0.000305
0 73.1195 137.8607 9.9834 12.4024 0.000260
0 361.5901 211.8321 10.8528 17.9830 0.000249
0 311.2751 126.4090 9.1625 15.2678 0.000190
0 545.0341 465.1097 28.3615 23.2020 0.000154
0 371.3967 273.2241 14.8035 12.3175 0.000154
0 310.4809 83.1863 13.7827 27.5058 0.000133
0 419.3168 283.6574 21.9425 23.9165 0.000100
