0 281.2712 296.6968 34.0126 55.9650 0.907253
0 317.4256 292.5617 33.3571 31.5510 0.873754
0 336.2648 337.6684 27.7173 56.4940 0.848292
0 353.9309 211.6795 19.0415 15.6764 0.038105
0 361.0769 252.7779 14.1996 13.5604 0.011541
0 356.3650 231.6840 24.4666 55.8329 0.005738
0 357.8325 249.0892 20.5280 20.7946 0.003913
0 203.6998 7.3247 16.2087 14.6495 0.001144
0 318.5807 317.2710 25.4745 33.2812 0.000622
0 56.1114 504.8890 23.7181 14.2219 0.000256
0 325.1421 337.1068 28.5072 55.3532 0.000164
0 311.9869 311.1837 22.4772 40.1946 0.000135
0 13.0324 398.9000 25.8819 27.1772 0.000112
