0 348.3767 200.0438 32.1925 49.2905 0.897519
0 380.1259 182.0245 28.2462 47.3852 0.894036
0 295.0838 172.5490 30.7802 42.2628 0.727415
0 426.8566 438.1277 26.8806 29.5485 0.001372
0 2.6020 71.3221 5.2040 49.4948 0.000957
0 2.4129 99.5951 4.8259 45.5614 0.000636
0 211.7057 273.3693 18.8576 18.4738 0.000457
0 324.5851 396.9036 11.5762 9.2572 0.000329
0 358.5258 287.2374 10.7269 14.1658 0.000321
0 7.4456 506.2336 14.8913 11.5327 0.000298
0 507.8401 360.9024 24.7305 31.5458 0.000206
0 443.1839 210.8408 13.2275 22.7250 0.000197
0 599.8325 413.9770 25.6185 36.3206 0.000155
0 7.0927 500.8808 14.1854 21.9644 0.000144
