0 348.5739 325.5829 30.4067 52.7057 0.909231
0 307.0634 360.4113 25.4882 35.6326 0.894883
0 341.9551 120.5702 23.8904 23.2263 0.009405
0 636.1411 182.8471 7.6445 26.7017 0.008318
0 627.5085 277.8155 12.9387 15.0932 0.003193
0 637.2668 264.6039 5.2073 19.4667 0.002822
0 609.2025 499.5070 26.8723 24.3063 0.001969
0 637.3604 253.9332 5.1375 29.3323 0.001640
0 636.4794 271.4318 6.6233 25.4708 0.001598
0 371.9247 28.3261 16.5049 33.9662 0.000592
0 179.4218 4.1220 23.1725 8.2440 0.000411
0 630.3451 273.5706 14.6982 21.5128 0.000390
0 283.3648 388.1960 11.0381 12.8428 0.000363
0 628.7233 369.8527 22.5535 37.8431 0.000289
0 636.5504 208.4011 6.7820 61.1115 0.000229
0 506.7623 495.5019 32.3101 32.7811 0.000216
0 633.0627 261.9101 13.3237 16.2352 0.000202
0 280.8785 384.4064 15.8920 19.5367 0.000200
0 636.8361 237.1340 6.1577 49.7876 0.000181
0 179.2047 10.7773 25.1212 21.5546 0.000169
0 481.3593 464.9675 33.6982 37.9890 0.000155
0 323.0190 454.4728 12.4832 10.2703 0.000139
0 633.1309 186.1034 13.3307 31.4016 0.000132
0 247.0145 342.0613 19.6499 33.6978 0.000104
