0 363.6107 305.1572 28.3149 31.8123 0.895999
0 319.1476 310.2726 34.8038 33.0616 0.891237
0 319.8578 140.8011 22.1139 23.5137 0.875570
0 433.9840 470.6831 16.2529 22.1355 0.002215
0 479.3127 448.5699 22.3475 27.8324 0.002170
0 350.8929 379.8990 11.7827 13.8582 0.001585
0 556.0228 495.0401 29.5696 33.3320 0.001099
0 271.5904 65.4022 11.8669 12.8011 0.000434
0 197.4308 16.4603 36.4682 32.9206 0.000352
0 592.7798 256.9512 9.5186 13.5344 0.000280
0 574.3237 456.1041 24.2341 30.4322 0.000200
0 264.6513 7.3033 17.3204 14.6066 0.000152
0 597.4373 346.8323 31.7534 35.6967 0.000130
0 510.2936 345.4744 37.2195 43.5256 0.000119
0 525.2926 10.2932 24.8126 20.5864 0.000105
