0 318.8968 172.3667 19.4733 30.8509 0.874138
0 310.5657 362.7808 29.1310 34.7505 0.866440
0 327.5689 212.1028 23.5998 39.1517 0.859677
0 325.5667 283.5024 28.5500 39.3551 0.811659
0 354.9627 464.5454 15.0189 18.6589 0.003106
0 632.5085 10.9231 14.9828 21.7710 0.003103
0 372.3926 122.5416 13.5217 34.1488 0.001890
0 313.3980 280.8723 15.4452 34.8726 0.001132
0 439.5540 304.7250 11.8318 14.5833 0.000936
0 636.4601 16.3989 7.0797 32.6025 0.000785
0 596.8694 338.5654 9.5063 12.1282 0.000719
0 258.1425 177.4342 11.6883 45.3317 0.000625
0 627.1294 7.9889 25.7412 15.8073 0.000577
0 225.7268 444.9688 15.5757 15.5944 0.000536
0 277.9272 149.8476 8.8488 10.4977 0.000408
0 534.4777 507.6119 17.5662 8.7762 0.000360
0 2.3855 162.5146 4.7709 35.7014 0.000260
0 398.4163 11.8260 19.0444 23.6520 0.000224
0 266.3102 395.7949 24.9835 19.9879 0.000211
0 608.6743 254.8269 16.9016 17.5887 0.000209
0 2.7087 138.4603 5.4173 43.6409 0.000177
0 331.2121 486.1163 12.7764 17.0007 0.000173
0 542.9393 363.3950 28.4033 22.3127 0.000169
0 252.0308 509.4160 11.6119 5.0319 0.000143
0 286.1216 210.8289 12.7017 11.6829 0.000126
0 68.2504 509.3841 32.0074 5.2318 0.000115
0 599.3208 336.5948 12.0286 13.2988 0.000110
0 534.4400 501.8994 17.7972 20.2013 0.000109
