0 262.2181 388.5149 16.1940 37.7307 0.826708
0 424.1479 241.2702 13.2109 38.7986 0.791055
0 311.2371 302.0593 13.0632 30.2170 0.752541
0 5.1601 381.2861 10.3203 27.7190 0.010819
0 473.8779 6.9472 17.7373 13.8656 0.009876
0 281.4070 232.3132 7.7992 8.7443 0.004266
0 110.7150 508.7058 20.1790 6.5884 0.002943
0 273.4005 369.1948 11.9238 27.0697 0.002830
0 394.2630 304.6266 12.3813 37.2187 0.002539
0 108.1481 497.6091 24.7207 28.6923 0.001539
0 534.5364 7.3224 29.6140 14.6449 0.001396
0 372.2049 376.9658 10.0685 26.5028 0.001284
0 351.8176 405.6987 9.3635 38.5793 0.001149
0 4.7870 394.4589 9.5740 54.0332 0.000840
0 413.2368 201.5924 13.5040 19.5714 0.000691
0 5.2823 366.5598 10.3968 57.3817 0.000605
0 109.5956 9.1594 14.7063 18.1597 0.000556
0 481.1578 7.6264 31.5170 15.2528 0.000512
0 418.2354 243.9694 18.7656 40.2226 0.000486
0 279.5520 231.0033 8.5118 8.8408 0.000482
0 193.7913 168.5777 8.3699 17.8264 0.000320
0 211.0531 7.7271 10.1473 15.1112 0.000242
0 288.1924 228.9697 14.9032 10.4954 0.000171
0 317.5991 304.1224 19.3972 31.3059 0.000164
0 314.1416 237.0854 6.2080 16.5983 0.000156
0 159.8281 11.4669 14.1978 22.3711 0.000126
0 168.1637 11.7806 30.1726 23.5612 0.000124
0 115.1632 501.0547 27.8488 21.8906 0.000120
0 41.9147 126.9582 15.4509 43.5410 0.000114
0 267.7855 5.8463 20.5483 11.4394 0.000111
0 460.5743 6.5779 27.0670 13.1558 0.000105
