0 383.3320 301.8282 17.5599 33.7040 0.844269
0 485.0989 215.3797 16.9731 28.5251 0.596564
0 325.4114 374.3165 14.7356 27.1346 0.114951
0 327.9839 364.6869 18.5430 42.7726 0.042245
0 128.5043 97.8440 14.6492 43.1627 0.023007
0 150.2767 167.9281 13.2146 16.3564 0.004088
0 430.9344 381.2702 10.3712 15.1870 0.003063
0 176.2257 8.8371 17.6578 17.6743 0.002215
0 7.7003 504.5612 15.4007 14.8775 0.002045
0 332.8546 358.6923 17.2269 34.4882 0.002020
0 386.7040 237.7697 4.8800 17.4152 0.000934
0 252.2294 5.8293 10.4225 11.5326 0.000647
0 2.4970 415.4597 4.9940 32.5463 0.000484
0 466.6431 269.8307 13.2975 21.3037 0.000437
0 179.7645 320.1557 8.2748 17.6583 0.000417
0 12.3874 502.1505 24.1875 19.6564 0.000253
0 466.1528 292.9101 9.3329 13.7104 0.000177
0 256.0410 7.0621 16.4072 14.1243 0.000137
0 247.8626 7.1766 15.9047 14.3532 0.000135
0 153.2170 472.9608 18.9224 43.3685 0.000117
0 487.3760 198.1811 17.7307 29.9750 0.000103
0 406.2195 411.8030 8.0276 19.1500 0.000102
0 2.8772 398.7090 5.7545 50.4913 0.000100
