0 365.1825 202.5403 24.8633 33.3639 0.864836
0 301.5983 227.6137 20.6539 38.2701 0.857009
0 243.8286 267.4202 17.4096 37.0220 0.836192
0 149.5539 4.4430 14.8074 8.8589 0.002568
0 330.8373 272.5005 14.6034 16.4576 0.002482
0 2.3652 282.6178 4.7304 41.1306 0.001767
0 2.3673 267.1832 4.7347 25.4641 0.001229
0 2.4986 254.0935 4.9971 49.5029 0.000865
0 400.9728 482.1782 13.0964 15.0368 0.000586
0 142.7027 4.7924 29.7907 9.5849 0.000484
0 548.1394 461.4463 26.4370 16.2690 0.000378
0 3.4419 228.9045 6.8262 29.8216 0.000370
0 3.4098 300.8574 6.8196 78.0670 0.000298
0 252.5593 264.2361 20.3003 41.1306 0.000215
0 6.6108 373.6312 11.2108 14.3142 0.000140
0 31.4321 494.8087 25.5796 31.6248 0.000137
0 405.0084 333.9601 11.2090 20.6882 0.000117
0 617.3815 40.5478 10.5714 26.0561 0.000104
