0 316.3320 236.1636 10.4458 14.5415 0.047036
0 528.7954 238.8087 10.7683 19.3596 0.045620
0 135.4586 379.5456 15.9256 14.2970 0.021107
0 128.5841 372.7802 11.8249 23.2499 0.020353
0 5.0221 428.2293 10.0442 26.0696 0.005041
0 290.8394 459.4072 7.1826 29.7847 0.003787
0 533.6034 314.0111 14.2700 20.8763 0.001392
0 10.5370 5.2333 20.4664 10.4666 0.001379
0 533.7801 324.5109 14.4127 38.8419 0.001377
0 257.3377 4.2380 17.5374 8.4760 0.000690
0 316.2384 229.7644 11.5610 26.7355 0.000685
0 20.5882 4.4140 23.9013 8.8279 0.000634
0 554.7361 207.2459 28.2542 24.1317 0.000627
0 546.7803 207.6544 17.3708 26.7509 0.000550
0 474.1670 348.5129 16.2529 35.1037 0.000422
0 461.5041 508.1429 31.7090 7.7142 0.000323
0 471.1870 331.4962 21.6816 29.1367 0.000228
0 314.7726 423.6603 5.9128 18.9684 0.000194
0 115.8661 14.7412 33.1433 29.4823 0.000193
0 556.5604 347.2064 16.5596 37.5049 0.000184
0 133.8269 373.4337 18.9455 24.5596 0.000147
0 8.3440 12.9895 16.6881 25.9789 0.000143
0 489.6267 38.1075 18.9528 43.0525 0.000126
0 230.9980 369.3712 11.0837 15.1023 0.000118
0 315.6730 7.1066 8.6893 14.1856 0.000103
