0 185.6085 323.7905 12.9760 18.9377 0.665736
0 306.5428 298.6159 11.6646 21.5096 0.210958
0 309.0161 3.6514 16.5625 7.2870 0.018245
0 322.4021 458.7888 8.6995 29.3287 0.002609
0 3.1325 110.5665 6.2650 43.2435 0.001968
0 165.4301 11.5072 31.1530 22.8964 0.001379
0 29.0596 5.6607 18.7467 11.2583 0.001030
0 2.8158 142.2549 5.6316 44.9478 0.001026
0 597.5760 219.4085 27.5891 26.0598 0.000994
0 180.1128 322.5320 22.0036 18.6434 0.000982
0 322.6986 451.1473 8.0569 17.3044 0.000666
0 2.7063 125.4273 5.4126 16.6266 0.000534
0 118.1273 509.1724 20.2118 5.6553 0.000444
0 122.5742 3.8683 27.8681 7.7367 0.000353
0 171.6826 321.5587 22.4035 16.2870 0.000257
0 613.2272 2.6361 20.8511 5.2417 0.000216
0 130.8996 3.7126 14.1635 7.3655 0.000205
0 137.6781 4.0409 20.7874 8.0452 0.000202
0 301.0974 4.0143 26.7872 8.0285 0.000196
0 372.2079 5.4668 17.8098 10.9336 0.000185
0 191.3118 315.1355 17.0025 29.2388 0.000160
0 310.3184 6.9923 16.8629 13.9846 0.000138
0 479.2489 4.8735 21.4779 9.7469 0.000135
0 36.4846 5.2372 27.4431 10.4741 0.000130
0 621.6049 5.3362 33.6035 10.6724 0.000120
0 198.3387 318.8773 18.0817 23.1621 0.000119
0 18.0772 5.6568 28.3457 11.3137 0.000111
0 509.9159 272.5594 15.8142 21.3726 0.000110
