0 140.8794 423.2246 53.7995 135.3016 0.926623
0 274.7454 405.8468 40.2543 120.2164 0.893787
0 379.6860 386.7088 26.1915 70.7891 0.874710
0 620.0778 420.5847 22.9824 31.7905 0.183510
0 633.4979 41.0337 13.0043 81.8138 0.066803
0 619.6865 392.4539 26.9102 89.0796 0.010652
0 629.6938 417.2501 20.6124 45.8981 0.001731
0 603.7595 413.1135 36.3967 47.4366 0.000886
0 631.0245 395.8306 17.9510 85.0716 0.000357
0 604.3823 392.2394 41.2291 88.8577 0.000222
0 8.6418 391.8968 17.2836 127.7936 0.000197
0 3.6977 400.4407 7.3954 128.4390 0.000180
0 624.4489 6.6884 28.2568 13.3768 0.000112
