0 379.1212 253.5550 13.2999 29.3829 0.789792
0 453.3197 189.0437 12.8201 21.0837 0.563255
0 5.9111 473.9687 11.8223 19.5800 0.078241
0 450.9493 194.3260 15.5635 27.7183 0.008079
0 146.2012 345.2108 12.3830 13.4832 0.007902
0 379.1737 219.3824 7.8032 24.0480 0.004605
0 2.6052 280.3348 5.2103 19.3328 0.003620
0 6.2358 459.7880 12.4717 48.6863 0.002060
0 467.8147 186.0248 8.1089 25.8000 0.001894
0 513.1573 403.8961 9.4751 14.0083 0.001834
0 348.0967 260.1356 8.0446 20.4603 0.001748
0 353.5986 37.6324 20.5945 41.7899 0.001482
0 146.5716 360.0565 11.0276 18.3323 0.001105
0 335.3091 9.0956 17.8414 17.9845 0.001041
0 371.8254 252.5078 22.6296 28.5594 0.000806
0 317.4885 4.7581 12.8085 9.5163 0.000768
0 460.9202 332.2935 13.4269 21.1108 0.000602
0 2.8447 270.5497 5.6894 37.7147 0.000476
0 319.5376 7.5147 15.4769 15.0293 0.000467
0 2.9794 292.7330 5.9588 44.5811 0.000390
0 144.6382 349.8925 15.1405 22.5944 0.000358
0 522.7975 280.1843 13.6356 15.5378 0.000330
0 326.7610 7.3895 26.4645 14.7790 0.000295
0 189.8844 353.4436 8.0445 19.5620 0.000294
0 145.0262 336.6719 14.5526 30.4131 0.000289
0 557.3918 3.5821 14.4956 7.1641 0.000285
0 7.1890 483.3447 14.3781 37.2002 0.000237
0 312.7222 4.0925 18.0156 8.1850 0.000228
0 635.6730 471.4979 8.6541 37.3405 0.000191
0 142.7723 310.4498 10.7741 9.2225 0.000178
0 297.4679 338.5222 8.4509 19.2671 0.000133
0 141.1986 344.8340 22.2044 18.2007 0.000120
0 466.2578 191.5325 11.4523 33.3024 0.000115
0 246.8911 11.3777 10.3218 11.6166 0.000108
0 257.3516 7.1759 28.8389 14.3519 0.000104
