0 38.2269 277.5359 31.9189 17.7819 0.841456
0 418.2062 271.3814 9.5623 34.3541 0.793660
0 385.5932 285.0659 10.3254 12.9456 0.089866
0 385.7153 276.4040 10.2736 29.8967 0.008455
0 637.1505 267.3683 5.6990 85.5239 0.001248
0 392.4835 275.2659 23.4368 31.5905 0.001049
0 402.0497 272.0902 39.7964 35.7669 0.000426
0 637.0300 291.7445 5.9399 53.9672 0.000406
0 57.8395 11.6730 29.0076 23.3461 0.000315
0 12.6979 6.0460 25.0218 12.0920 0.000305
0 12.4119 53.4734 24.8239 106.9467 0.000289
0 10.0022 14.4453 19.8156 28.8906 0.000155
0 29.0928 281.4824 48.0963 27.8853 0.000137
0 2.6842 79.9389 5.3685 140.2359 0.000129
0 422.6230 270.5699 16.3505 35.5238 0.000126
