0 602.4958 350.1794 26.7056 34.4712 0.891450
0 587.0042 133.4469 22.1416 36.1629 0.862550
0 292.8588 217.4536 22.4303 43.3087 0.858415
0 55.7064 204.2373 22.0987 34.8676 0.773482
0 406.1195 137.9079 14.6218 24.2393 0.764699
0 475.1899 508.7708 22.4692 6.4585 0.003351
0 177.9454 508.6143 28.0318 6.7713 0.002534
0 635.2053 480.5310 9.5894 40.2570 0.002291
0 324.0430 296.8036 11.8895 15.1387 0.001956
0 635.8377 468.7426 8.3246 26.2925 0.001855
0 328.0400 296.5126 11.6259 15.2030 0.001574
0 201.7925 231.5228 18.7695 14.8646 0.001407
0 391.2384 3.0115 21.5251 6.0231 0.000949
0 610.6179 445.4576 12.9011 19.1317 0.000845
0 438.7407 236.6006 15.6071 43.5577 0.000802
0 466.1909 508.6913 30.1109 6.6175 0.000789
0 405.3987 146.8854 14.2053 26.3176 0.000708
0 132.2973 20.0634 27.9367 40.0840 0.000612
0 46.4974 191.5986 15.8614 31.4411 0.000607
0 318.4460 297.8381 19.1243 16.6820 0.000532
0 340.6556 148.6448 15.7562 26.6227 0.000506
0 487.3846 508.3350 33.9458 7.3300 0.000464
0 163.3267 508.1673 28.2847 7.6654 0.000424
0 105.9273 146.7173 27.7600 23.4079 0.000417
0 41.4241 193.3518 18.2230 22.8980 0.000382
0 116.9193 328.3695 16.0254 15.4917 0.000293
0 634.8111 497.5037 10.3778 28.9927 0.000293
0 3.0581 233.0426 6.1163 36.3503 0.000244
0 398.4308 155.1203 14.6873 13.6784 0.000239
0 405.8881 124.5672 15.2659 45.5802 0.000231
0 504.6042 508.3972 30.7994 7.2057 0.000225
0 636.1017 459.3313 7.7966 52.9608 0.000193
0 176.8867 504.6705 28.9365 14.6590 0.000189
0 3.1132 246.4352 6.2264 28.4552 0.000186
0 2.6361 80.1224 5.2723 36.8519 0.000176
0 274.8363 129.8817 19.3387 37.3380 0.000173
0 391.6341 8.7509 22.0484 17.5018 0.000170
0 157.5291 214.2946 20.4143 33.4771 0.000168
0 2.9590 218.7384 5.9180 43.9922 0.000159
0 275.1968 139.3468 19.9080 18.2357 0.000148
0 456.0959 508.2768 27.1594 7.4464 0.000139
0 549.9030 508.3940 15.4883 7.2120 0.000132
0 630.5674 504.3289 16.9849 15.3422 0.000132
0 68.9478 203.2106 20.5767 33.3782 0.000130
0 98.1964 146.5189 19.2734 19.9808 0.000126
0 61.1147 6.1627 16.5511 12.1353 0.000125
0 637.5442 165.5347 4.9116 32.1473 0.000107
0 346.1926 154.8350 17.1555 27.5452 0.000106
