0 431.7753 219.5749 27.2863 39.1691 0.891157
0 449.9431 287.6094 23.6411 35.4545 0.881942
0 353.3875 93.3008 15.9948 29.5709 0.861415
0 204.4421 204.8341 23.8782 26.1165 0.016553
0 223.2148 345.0125 14.0102 18.5532 0.002645
0 448.0534 506.9701 24.0408 10.0558 0.000911
0 2.4408 228.9352 4.8815 39.9456 0.000683
0 479.3898 507.8694 15.4973 8.2612 0.000602
0 196.3127 204.1774 19.8775 25.1945 0.000522
0 439.0477 506.5549 28.8212 10.8903 0.000414
0 2.6484 209.6892 5.2968 53.8087 0.000387
0 2.7326 360.4225 5.4652 41.0763 0.000291
0 2.8140 341.3653 5.6279 43.1753 0.000225
0 127.0942 207.9532 20.6578 18.7576 0.000192
0 2.6172 191.9706 5.2344 40.2748 0.000173
0 472.0858 507.2603 22.0488 9.4793 0.000167
0 126.4369 198.9011 20.5148 37.0823 0.000158
0 409.8298 508.1216 22.1722 7.7568 0.000148
0 486.4953 508.1697 22.3300 7.6605 0.000143
0 2.8406 316.1279 5.6811 35.0420 0.000140
0 170.1629 37.5139 15.8419 31.3427 0.000130
0 599.0120 151.3933 19.3662 37.3731 0.000126
0 171.0864 211.3966 11.5146 24.5703 0.000121
0 3.0562 300.4659 6.1124 31.7024 0.000107
