0 299.3504 283.1340 20.2280 35.7614 0.818088
0 215.4472 428.6538 15.0079 38.6160 0.719357
0 555.9127 283.5912 27.9155 24.5279 0.003511
0 183.4094 462.0778 14.4608 17.1013 0.001956
0 391.8409 295.9355 11.1806 27.8661 0.001145
0 637.0685 441.6531 5.8630 26.6156 0.000876
0 628.0246 181.3864 22.5634 19.7398 0.000870
0 636.5436 17.7957 6.8508 29.9505 0.000775
0 582.0701 169.4832 10.8750 23.7095 0.000561
0 3.6351 249.9016 7.2702 35.4210 0.000556
0 547.5420 283.5456 18.4951 22.3392 0.000418
0 636.3830 169.8826 6.9301 35.6637 0.000301
0 4.1516 156.0627 8.2687 28.4316 0.000267
0 586.3744 509.0661 28.5688 5.8677 0.000259
0 633.1341 177.2854 13.0022 27.5402 0.000222
0 636.8519 424.5107 6.2963 52.8839 0.000211
0 3.8754 235.2193 7.7509 60.6021 0.000176
0 636.7039 454.0324 6.5923 52.6143 0.000166
0 3.6690 182.1652 7.3380 84.3502 0.000125
