0 250.7396 336.4988 19.0677 18.4220 0.852745
0 150.1723 342.4057 16.7058 14.0482 0.343920
0 637.6680 102.8762 4.6639 37.2908 0.026646
0 268.7889 444.4696 11.5428 12.6659 0.003050
0 2.2265 281.7312 4.4530 28.6429 0.002196
0 637.1544 117.8426 5.6913 70.8063 0.001604
0 347.2250 135.0787 10.2399 21.1356 0.001489
0 2.2617 271.9385 4.5234 29.1008 0.001025
0 147.7462 339.9682 19.7059 21.8597 0.000806
0 131.9167 152.7043 11.5092 34.1848 0.000763
0 2.7952 262.3276 5.5905 47.1160 0.000671
0 48.4518 490.0903 27.2319 43.8194 0.000594
0 2.3310 45.7460 4.6620 19.9332 0.000443
0 2.4413 296.3006 4.8826 57.4326 0.000441
0 150.7473 334.0685 16.9356 30.2947 0.000326
0 282.6100 11.1205 23.2015 22.2409 0.000269
0 109.5436 453.6094 28.9991 10.6859 0.000267
0 147.2263 348.5080 21.4987 26.9647 0.000264
0 636.7928 84.5333 6.4144 56.6831 0.000216
0 7.0679 501.3613 14.1359 21.2774 0.000153
0 2.4085 406.8587 4.8170 31.1326 0.000152
0 354.2323 509.2545 17.0868 5.4910 0.000125
0 270.5842 9.3373 38.6190 18.6745 0.000124
0 555.9463 7.8271 15.6814 14.9454 0.000124
0 2.6127 330.9288 5.2254 37.7247 0.000115
0 635.5975 37.2136 8.8049 33.3812 0.000110
