0 26.4686 340.8680 17.5457 61.0669 0.866244
0 3.1481 339.7148 6.2961 72.9325 0.086876
0 635.2411 414.7350 9.5178 86.9639 0.081753
0 9.9737 337.4467 17.4171 66.4703 0.001670
0 354.6335 371.7597 6.7932 9.9152 0.001466
0 3.6605 371.8973 7.3210 127.0797 0.001300
0 637.0808 41.6097 5.8384 76.6283 0.000988
0 626.4387 414.1210 26.2275 91.4122 0.000758
0 637.3777 77.3018 5.2447 74.3839 0.000722
0 4.2918 407.7845 8.5835 126.3522 0.000276
0 351.0513 371.5912 12.7512 9.8234 0.000193
0 8.7699 369.0939 17.5268 131.8630 0.000185
0 634.7182 36.3330 10.5636 72.6661 0.000143
0 354.9451 375.6512 7.8936 18.2643 0.000130
