0 439.1481 303.8282 24.6975 30.5140 0.878370
0 531.7437 397.5782 23.1316 25.6282 0.864124
0 258.0428 507.7881 25.2419 8.4238 0.002776
0 513.4141 17.1293 24.9237 34.2586 0.002100
0 197.0386 239.3841 9.8520 15.6636 0.001751
0 244.5869 49.0777 16.4609 27.1465 0.001359
0 200.1710 508.4991 25.0301 6.5227 0.001191
0 178.3095 508.5245 29.3387 6.9509 0.001157
0 267.4123 508.0527 28.6713 7.8947 0.000925
0 191.1168 508.5632 33.0963 6.8736 0.000837
0 583.7544 509.5410 20.6138 4.9179 0.000804
0 397.2644 3.1187 21.3821 6.2373 0.000776
0 2.8056 315.6776 5.6113 41.6152 0.000639
0 390.6493 3.6633 23.4266 7.3266 0.000479
0 6.5669 6.5002 13.1338 12.8547 0.000479
0 167.5768 508.7110 30.0937 6.5781 0.000424
0 2.8352 301.4589 5.6705 44.2963 0.000394
0 310.2249 506.2644 20.4828 11.4713 0.000354
0 294.4380 74.0708 8.8800 18.0101 0.000342
0 212.5787 508.8195 31.6481 6.3611 0.000275
0 196.2633 249.2903 11.1433 31.7841 0.000235
0 262.8906 505.2397 24.4568 13.5207 0.000204
0 3.1958 443.1377 6.3916 33.1663 0.000165
0 279.0262 508.2390 27.6409 7.5220 0.000147
0 3.2709 429.8333 6.5419 35.9226 0.000138
0 133.7370 508.7242 39.3879 6.5516 0.000134
0 3.0809 285.0197 6.1399 56.7426 0.000129
0 2.6415 396.9414 5.2830 30.6678 0.000127
0 5.5977 13.5254 11.1953 27.0508 0.000123
0 524.3915 20.9292 44.1041 41.5155 0.000120
0 72.7775 507.9208 27.3302 8.1584 0.000117
0 595.1542 508.8229 30.9207 6.3101 0.000116
0 156.5263 508.6545 32.7021 6.6909 0.000113
0 294.8994 507.8900 24.3116 8.2199 0.000112
0 3.3265 454.6459 6.6530 35.1187 0.000112
0 181.3849 504.1042 29.5369 15.7916 0.000111
0 201.2524 250.9987 15.1475 31.5018 0.000101
