0 417.2157 383.3181 32.2911 85.7627 0.893366
0 637.2481 383.2076 5.5038 44.8997 0.002019
0 44.0465 6.7253 59.2464 13.4506 0.000416
0 16.4244 10.7088 32.6119 21.2869 0.000255
0 316.6185 364.4630 13.6083 26.2582 0.000223
0 3.2529 372.6235 6.5059 71.6416 0.000211
0 480.0145 361.1660 15.9080 58.6989 0.000200
0 8.7609 11.9720 17.4284 23.7549 0.000175
0 618.1157 383.9911 14.6547 37.5682 0.000147
0 325.1824 376.0692 29.8669 51.8218 0.000138
0 310.8712 366.0323 9.4003 22.0662 0.000136
0 326.0971 364.1307 27.3743 26.9333 0.000119
0 4.1188 355.8117 6.7821 30.9507 0.000112
0 34.6588 11.2370 69.3176 22.4587 0.000109
0 18.7730 21.9639 36.9617 43.8893 0.000106
0 59.0330 7.2970 33.5349 14.5940 0.000100
