0 313.8651 389.3350 36.8450 90.9579 0.924918
0 413.8915 400.6609 34.6409 106.9030 0.894728
0 636.8294 377.2224 6.3412 71.4690 0.011214
0 610.9028 360.7631 19.4523 71.3315 0.000531
0 2.8352 379.4319 5.6703 95.8577 0.000521
0 630.8510 377.2391 15.7498 69.3702 0.000496
0 548.8154 342.0703 9.3557 35.9954 0.000334
0 616.6982 364.8214 16.3376 73.9655 0.000215
0 7.7955 383.5558 15.5909 102.3218 0.000204
0 597.2959 372.4792 37.2991 100.7651 0.000152
0 636.5009 404.2971 6.9983 134.6633 0.000144
0 465.7623 10.5727 16.3807 21.1119 0.000135
