0 210.9665 373.2582 26.4956 76.2242 0.824736
0 223.4659 400.5305 11.0475 25.2496 0.570652
0 149.9244 374.1690 21.3204 62.5481 0.314197
0 3.3289 367.9752 6.6578 78.1494 0.004542
0 2.5197 384.6990 5.0394 59.5552 0.000751
0 2.6918 453.4485 5.3836 99.7358 0.000236
0 3.2299 213.4292 6.4597 58.0063 0.000151
0 632.3451 7.2063 15.3098 14.4125 0.000151
0 4.0901 469.7549 8.1803 84.4902 0.000146
0 220.1977 382.4570 18.5369 61.4072 0.000127
0 145.3448 166.8339 9.2072 14.6191 0.000125
0 2.4393 422.1654 4.8785 82.5624 0.000111
0 145.3457 172.4435 10.4947 23.2125 0.000110
0 604.7205 387.2537 14.5056 104.4346 0.000101
