0 216.8892 226.2564 21.8170 26.2904 0.883030
0 524.7855 287.4892 15.5480 15.6206 0.852982
0 180.8152 27.3372 21.9218 28.6187 0.846027
0 600.9325 327.3397 13.7014 20.0302 0.090990
0 310.0422 146.4181 10.1246 11.7621 0.040217
0 125.9639 344.9234 23.2933 11.8783 0.002614
0 291.2137 508.7135 22.2557 6.5729 0.002221
0 471.5815 506.1982 25.0963 11.6037 0.000489
0 86.8480 128.6397 18.7013 42.3375 0.000461
0 131.4254 508.7836 25.4820 6.4329 0.000443
0 419.9310 500.1099 18.7889 19.8003 0.000422
0 282.8524 389.9017 10.4882 11.5183 0.000415
0 85.2089 508.4371 28.7480 7.1258 0.000388
0 94.8361 54.8470 16.3136 16.6768 0.000310
0 484.3745 507.0845 36.2249 9.8190 0.000246
0 317.9998 508.5842 22.9677 6.8316 0.000212
0 269.2921 3.6025 20.5242 7.2050 0.000187
0 115.6015 508.6335 27.0910 6.7329 0.000187
0 499.3030 508.1346 34.1122 7.7309 0.000180
0 145.4886 3.5956 13.3401 7.1913 0.000178
0 5.2878 506.5426 10.5755 10.9148 0.000173
0 85.1126 141.7136 14.3738 15.8956 0.000156
0 443.2515 503.2989 24.3287 16.4010 0.000150
0 3.3531 334.4566 6.7061 50.0684 0.000147
0 429.8411 173.9229 10.5438 16.4079 0.000143
0 96.4408 508.7690 31.5672 6.4620 0.000142
0 6.6815 419.5931 13.3630 34.3528 0.000135
0 303.4539 508.4527 30.5817 7.0945 0.000133
0 308.3906 389.8194 12.5985 8.2922 0.000130
0 330.4189 508.6061 25.2168 6.7878 0.000118
0 340.4688 508.6839 22.0808 6.6321 0.000113
0 178.4116 19.3189 23.9686 38.6378 0.000109
