0 106.5683 206.0838 17.2289 78.5347 0.835306
0 324.4474 178.4845 12.9620 45.6729 0.825820
0 476.0823 178.5508 9.0096 31.6143 0.732893
0 467.7353 178.9149 8.0139 27.0974 0.584350
0 2.9707 226.2520 5.9413 88.4503 0.001045
0 2.3514 195.4859 4.7028 63.7307 0.000417
0 285.8022 180.7195 6.7980 32.9743 0.000241
0 17.5181 504.9210 35.0090 14.1581 0.000217
0 53.5097 189.6801 8.5221 42.1318 0.000184
0 382.6837 186.2170 9.1280 41.3862 0.000167
0 636.9442 207.7799 6.1117 84.0182 0.000165
0 636.0052 229.6345 7.9894 118.2413 0.000121
0 7.0629 226.5697 14.0332 92.9249 0.000102
