0 494.4805 316.0472 18.2739 16.7142 0.769351
0 471.8129 264.3470 12.4692 18.4324 0.142624
0 475.4922 261.8632 16.8280 22.1858 0.121958
0 531.1228 290.5704 11.0525 14.7366 0.008564
0 479.3381 258.4640 11.9418 18.1542 0.008507
0 476.5616 253.9848 15.7207 27.5062 0.008067
0 536.9998 288.2000 15.0159 17.6097 0.001176
0 594.4274 501.3411 32.7496 21.3177 0.000997
0 521.5515 294.2925 16.4351 18.5117 0.000886
0 528.0007 294.2407 14.8402 20.6223 0.000885
0 517.7658 297.7133 12.3816 21.6877 0.000715
0 481.2724 251.1492 9.9080 23.6425 0.000596
0 562.5536 4.5609 39.4248 9.1219 0.000499
0 575.5485 6.0094 35.3376 12.0188 0.000386
0 495.3683 308.5963 18.3248 28.9066 0.000356
0 637.4252 475.6888 5.1495 46.8826 0.000344
0 605.0418 496.4359 50.8755 31.1282 0.000273
0 195.5180 283.1114 13.7876 15.8486 0.000252
0 506.2040 305.0186 11.6156 25.7259 0.000251
0 470.3240 276.4503 12.9197 30.5986 0.000204
0 589.2102 495.2765 43.1653 32.4770 0.000184
0 276.9843 5.4008 17.9176 10.8017 0.000182
0 635.5883 484.7133 8.8234 52.4705 0.000143
0 503.4877 154.1057 11.2686 13.5506 0.000142
0 615.9982 41.0305 48.0037 82.0611 0.000129
0 532.0234 284.8232 13.0088 23.3702 0.000114
0 505.8729 3.2020 23.0178 6.4039 0.000108
0 508.4323 298.4700 11.4193 25.4426 0.000106
0 513.6035 305.2388 12.5039 26.2095 0.000105
