0 362.4886 250.2588 20.5227 19.4729 0.818396
0 407.1144 103.1884 18.4316 18.2435 0.269544
0 207.7958 343.2023 23.6681 50.1313 0.151941
0 3.1832 417.4014 6.3664 55.3405 0.021963
0 2.9944 499.7784 5.9888 23.9644 0.014406
0 206.6897 357.9289 24.6688 23.0953 0.010241
0 3.2667 486.4985 6.5334 49.9242 0.006623
0 3.3812 398.9718 6.7624 40.7412 0.003320
0 115.9549 3.1564 23.8946 6.3128 0.002386
0 7.1892 260.9420 13.1125 14.9897 0.002330
0 3.0100 439.6644 6.0200 47.5530 0.001413
0 8.2924 506.5800 16.0510 10.8399 0.001194
0 3.0953 467.9245 6.1905 64.5013 0.001044
0 15.3211 251.6242 26.5109 26.0707 0.000905
0 107.0415 6.3823 35.2125 12.7305 0.000671
0 109.6165 14.7791 23.0401 29.4167 0.000493
0 7.7109 500.5142 15.1702 22.9716 0.000471
0 6.8438 415.3888 13.6877 51.1674 0.000395
0 21.5465 213.6681 21.5875 43.1579 0.000382
0 8.0739 31.8643 16.1478 47.6484 0.000361
0 5.4487 266.8473 10.7810 29.2112 0.000312
0 212.8209 365.4101 28.0665 31.9052 0.000278
0 198.9232 346.8713 31.5062 44.7537 0.000219
0 3.1134 383.4982 6.1589 51.8842 0.000203
0 8.5125 489.7006 16.9603 44.3749 0.000142
0 362.0002 258.6157 22.0652 35.4222 0.000131
0 38.8481 6.8747 40.7476 13.7323 0.000130
0 14.8715 17.9059 29.2109 35.7240 0.000115
0 3.6471 278.6430 7.2542 46.2506 0.000115
0 232.7820 379.6366 16.8677 33.1981 0.000114
0 637.4282 467.3434 5.1437 46.9471 0.000111
