0 198.6648 332.5453 12.1407 11.5679 0.385234
0 195.0738 329.2088 17.9386 16.9504 0.004495
0 364.6169 111.2096 28.6583 69.8566 0.002145
0 12.2930 507.7082 24.5859 8.5836 0.001068
0 195.1735 334.5861 17.4860 14.2772 0.000968
0 368.2781 25.1224 18.1917 44.6672 0.000810
0 199.4778 323.9695 12.7125 25.2421 0.000806
0 204.3730 333.0057 19.9354 12.6094 0.000735
0 3.6577 292.8391 7.3153 21.7322 0.000713
0 193.2556 401.2820 25.7780 15.0089 0.000444
0 475.3503 239.3452 13.7277 10.8014 0.000371
0 9.5638 502.8604 19.0569 17.9219 0.000354
0 4.1756 386.8546 8.3423 27.7145 0.000333
0 89.9924 3.7594 23.7908 7.5187 0.000332
0 189.5729 332.3336 26.8505 12.6962 0.000319
0 383.8850 507.3407 27.6152 9.3186 0.000283
0 2.5449 477.0540 5.0899 30.9399 0.000269
0 2.3086 330.4495 4.6171 29.5968 0.000268
0 187.1947 404.4070 19.1650 14.0197 0.000219
0 139.8592 508.3493 31.3796 7.3014 0.000209
0 5.7837 398.1852 11.5029 28.5734 0.000182
0 366.4351 6.9685 18.5327 13.0476 0.000175
0 3.0562 268.5763 6.1125 46.8671 0.000173
0 99.6097 3.4489 31.6335 6.8978 0.000161
0 3.8643 493.7940 7.6667 27.2467 0.000161
0 2.5105 342.9517 5.0210 44.5175 0.000151
0 3.0480 312.5480 6.0960 53.3348 0.000140
0 192.2144 323.3038 24.0267 26.9131 0.000133
0 129.5920 305.9392 11.7038 23.4500 0.000100
