0 528.7917 293.9437 22.2747 22.6295 0.897563
0 46.3275 309.1246 21.7131 25.1879 0.776911
0 608.2145 325.5547 13.6826 15.8818 0.046935
0 314.5832 145.3376 11.5339 12.9632 0.005726
0 98.7119 54.7104 13.9728 16.4509 0.002136
0 612.5656 139.0967 25.7554 35.5539 0.001634
0 297.7058 508.9217 21.5380 6.1566 0.001254
0 428.4496 501.4953 17.8054 18.0049 0.001004
0 418.3792 507.5985 19.0474 8.8030 0.000497
0 446.8221 505.7824 27.0036 12.4352 0.000479
0 132.9137 347.4345 17.5177 11.0977 0.000336
0 602.4336 508.5045 29.2842 6.9909 0.000298
0 286.6543 391.2806 11.4624 10.0648 0.000270
0 556.7325 102.1059 22.3828 42.2547 0.000265
0 47.9041 284.0338 17.2519 25.9436 0.000225
0 362.0268 507.8668 24.0531 8.2664 0.000223
0 475.8050 506.8832 23.5485 10.2336 0.000198
0 633.5420 498.6085 12.9160 26.7830 0.000196
0 4.2055 503.9563 8.4110 16.0873 0.000189
0 325.7663 508.3181 23.3822 7.3638 0.000165
0 2.9249 477.9756 5.8482 40.3933 0.000158
0 352.2634 507.8556 28.5599 8.2889 0.000152
0 2.9950 494.0760 5.9899 35.1480 0.000144
0 3.1771 347.5048 6.3542 54.4225 0.000139
0 436.4243 505.2748 24.5801 13.2386 0.000131
0 312.9242 508.3959 28.0627 7.2083 0.000119
0 341.1557 508.2003 26.9274 7.5993 0.000113
0 507.7489 176.4244 13.3065 15.6055 0.000113
0 131.9512 508.8601 25.7540 6.2798 0.000112
0 514.6857 507.2249 35.4709 9.5501 0.000101
0 89.1960 509.0299 27.8054 5.9402 0.000100
