0 514.4587 339.4670 14.5874 14.2060 0.717292
0 4.2901 108.6661 8.5802 42.4301 0.004225
0 3.6032 384.0220 7.2065 57.5931 0.002882
0 6.6662 397.4066 13.3324 82.4392 0.001295
0 7.9980 108.4467 15.9961 45.7793 0.001266
0 3.6264 122.9132 7.2529 55.2986 0.001041
0 508.6920 342.7207 25.5263 18.1070 0.000811
0 415.0051 500.3739 27.6896 23.2523 0.000580
0 431.1119 508.8008 27.1796 6.3985 0.000405
0 566.7222 4.0708 22.1565 8.1416 0.000371
0 426.3553 506.2939 31.8107 11.4121 0.000332
0 8.4015 10.9309 16.8030 21.8617 0.000225
0 440.9531 506.6402 39.6305 10.7196 0.000207
0 572.7228 7.5728 20.6454 15.1455 0.000176
0 430.2346 499.6758 27.8779 24.4669 0.000174
0 513.0752 332.9648 16.4648 24.5048 0.000131
0 3.5854 357.5485 7.1667 70.3191 0.000129
0 441.4084 498.6136 41.8208 26.5759 0.000126
0 4.7714 502.2430 9.5427 19.5139 0.000113
0 490.9204 508.7101 23.7893 6.5798 0.000108
