0 447.9066 328.8941 29.8109 105.0656 0.907287
0 262.8685 297.8563 21.4265 39.4178 0.884823
0 179.2500 363.3076 41.1051 192.0009 0.867276
0 4.1663 277.1483 8.3326 104.9975 0.004702
0 635.3333 240.6457 9.3334 70.4046 0.002952
0 295.6404 5.7064 30.0081 11.4129 0.001747
0 2.8982 307.1443 5.7964 139.3905 0.001355
0 633.2659 259.3754 13.4681 109.6007 0.001236
0 631.7713 226.7045 16.4574 58.5231 0.000990
0 154.3938 363.8305 76.3405 195.0200 0.000626
0 274.8369 8.0905 53.0591 16.1810 0.000451
0 622.0368 261.0482 35.9264 108.6727 0.000419
0 634.8784 442.9988 10.2432 135.8846 0.000238
0 7.5278 294.3641 15.0556 120.1750 0.000231
0 409.6005 14.8655 34.5343 29.7310 0.000220
0 275.8368 15.9701 57.6953 31.9403 0.000199
0 626.7408 236.1511 26.5183 57.0899 0.000181
0 102.1793 299.6043 26.7127 58.0915 0.000177
0 635.8486 212.5430 8.3027 89.8695 0.000163
0 305.6409 8.3153 48.1452 16.6307 0.000153
0 629.9619 444.2310 19.8647 135.5379 0.000126
0 5.0641 247.1158 10.1282 111.3568 0.000106
0 336.9298 295.2078 28.2833 72.9998 0.000100
