0 286.3869 202.5857 11.6254 16.3152 0.769868
0 275.5009 299.4232 13.2830 19.3136 0.626458
0 233.1472 195.5954 15.8193 15.1401 0.194215
0 324.0178 214.0352 12.1726 27.8573 0.063571
0 75.5399 507.9578 25.4748 8.0845 0.003366
0 529.3793 13.0968 18.2249 26.0347 0.001724
0 75.7091 6.1991 61.7644 12.3155 0.001007
0 277.8735 294.0674 16.6989 29.3934 0.001007
0 242.4513 198.3689 25.1826 18.4363 0.000849
0 21.0761 508.9903 26.2432 6.0194 0.000794
0 93.6428 8.2941 30.2308 16.4121 0.000769
0 269.7487 300.3462 23.8778 19.8064 0.000691
0 223.7822 192.2415 25.6813 14.9401 0.000644
0 62.6690 4.7805 42.9368 9.5611 0.000535
0 332.0019 215.3578 22.5104 30.9312 0.000507
0 219.7299 188.6984 19.0087 14.3571 0.000462
0 471.9046 7.8625 27.4932 15.7249 0.000454
0 418.9715 131.8910 21.0546 35.6972 0.000368
0 291.5395 202.7323 20.9246 17.0717 0.000252
0 48.9774 505.7012 19.9445 12.5975 0.000239
0 63.1007 507.4739 41.2532 9.0522 0.000217
0 14.7202 508.1448 29.2737 7.7104 0.000212
0 51.0773 4.1080 32.5421 8.1429 0.000207
0 287.5994 210.2232 14.0680 32.2664 0.000202
0 320.6061 206.8861 16.8767 26.3255 0.000159
0 34.6750 508.7231 41.9842 6.5538 0.000130
0 282.8250 204.0169 18.8317 20.7241 0.000125
0 326.8420 219.5222 18.4384 38.7789 0.000121
0 631.4377 151.6108 16.5378 38.2744 0.000118
0 539.4225 13.1156 39.1118 26.2312 0.000116
0 306.9847 3.2397 26.0808 6.4794 0.000108
