0 283.7237 168.3538 17.2408 29.2526 0.865195
0 227.7026 193.5114 13.9610 17.3002 0.795473
0 290.0620 237.2772 10.5153 14.3816 0.222255
0 7.1683 470.1535 14.3367 45.5070 0.009555
0 376.5510 17.5911 20.4474 35.1823 0.007025
0 7.5488 486.4303 15.0977 51.1394 0.006845
0 368.2742 19.0311 21.3026 38.0621 0.002550
0 70.8153 198.5830 9.9885 13.4051 0.002222
0 635.8042 31.3852 8.3916 49.4790 0.001275
0 150.4117 3.5937 22.9552 7.1873 0.001160
0 635.9870 46.8660 8.0260 20.2306 0.000592
0 241.7111 3.9160 19.6129 7.8320 0.000535
0 294.3343 232.7771 18.5172 23.7162 0.000399
0 634.0894 20.2907 11.8213 40.5815 0.000376
0 284.2465 236.6359 22.1359 14.9048 0.000322
0 226.6129 200.1171 15.5690 30.4027 0.000244
0 457.9899 214.2333 24.9645 40.9512 0.000240
0 5.8336 450.6057 11.6251 62.5859 0.000224
0 160.9151 3.9343 31.1567 7.8685 0.000222
0 8.7971 6.3280 17.5941 12.6424 0.000208
0 228.9929 8.2018 35.2740 16.4035 0.000201
0 481.1938 30.8389 14.2698 40.2022 0.000197
0 14.7235 3.9158 28.5288 7.8316 0.000183
0 247.1767 6.4216 27.6917 12.8432 0.000158
0 66.6473 198.2838 16.8789 14.4129 0.000141
0 130.3361 506.4503 23.1517 11.0994 0.000130
0 78.2386 198.2498 24.7787 14.3048 0.000130
0 234.2359 193.9662 26.2177 19.0705 0.000129
