0 225.3810 409.9783 24.4857 38.2123 0.860135
0 270.8427 348.8132 12.0861 27.2342 0.780820
0 297.9119 305.6483 14.0248 21.6525 0.580110
0 301.4835 309.9327 16.3401 18.7247 0.028960
0 534.1720 109.4621 17.0459 12.9116 0.007757
0 223.6761 346.8666 9.7427 22.5326 0.001159
0 223.8162 324.0519 10.5879 18.4312 0.000600
0 529.7327 106.3879 25.2683 18.4332 0.000597
0 228.5529 347.9678 17.5033 22.1424 0.000517
0 599.1665 5.6875 38.8892 11.3751 0.000358
0 222.0899 329.2244 10.8934 23.2870 0.000353
0 276.7662 349.2126 19.2637 27.3680 0.000343
0 313.2170 508.5797 25.5524 6.8407 0.000296
0 587.0251 4.1227 44.6555 8.2454 0.000240
0 224.6584 338.5596 11.5490 32.7054 0.000195
0 223.1817 356.2821 10.9214 37.4011 0.000106
0 525.7126 3.8319 16.3475 7.6638 0.000105
