0 301.0843 354.1223 22.1053 20.0726 0.832190
0 140.9234 508.9110 23.2553 6.1780 0.018418
0 291.5360 255.5810 25.4337 24.5100 0.007050
0 209.3309 507.8711 20.1784 8.2578 0.006805
0 586.0731 12.8621 24.7166 25.5020 0.005491
0 629.4421 12.0500 21.1158 24.1000 0.003701
0 202.1232 508.1842 24.0775 7.3361 0.001563
0 4.5803 120.5494 9.1606 41.8098 0.001180
0 258.3510 11.4514 20.1677 18.5659 0.000981
0 300.1348 252.1331 20.8292 16.1328 0.000949
0 426.7684 4.7503 24.4839 9.5006 0.000855
0 3.5259 300.1187 7.0519 40.5228 0.000832
0 173.0802 509.1295 18.2705 5.7410 0.000779
0 3.1657 430.6245 6.3315 34.6792 0.000779
0 217.8199 507.9385 27.6583 8.1229 0.000771
0 249.7929 9.6192 28.0361 18.5135 0.000758
0 280.9139 255.3751 18.0781 24.8219 0.000742
0 5.6177 200.8390 11.2354 40.8005 0.000695
0 4.0759 12.5799 8.1518 24.7467 0.000682
0 305.8542 251.0916 11.7774 11.6240 0.000617
0 622.1155 8.8617 31.5581 17.7234 0.000589
0 140.3522 504.9979 25.3450 14.0042 0.000457
0 605.7321 7.3335 24.1522 14.6669 0.000394
0 3.2658 443.1701 6.5317 29.9874 0.000358
0 7.5369 221.0497 14.7436 18.5362 0.000343
0 109.7984 504.5218 23.5877 14.7706 0.000337
0 3.0682 26.1752 6.1363 49.5590 0.000326
0 636.7670 337.5471 6.4661 36.1281 0.000325
0 124.8819 508.2013 31.9418 7.3857 0.000309
0 291.1581 509.0430 23.9790 5.9140 0.000308
0 308.7825 508.8050 19.0011 6.3900 0.000301
0 3.8920 311.7692 7.7840 33.6154 0.000286
0 15.2320 6.5625 27.6275 12.8965 0.000274
0 5.0432 137.1178 10.0864 52.4402 0.000248
0 5.2053 183.8227 10.4106 42.0095 0.000246
0 3.2252 413.6161 6.3731 36.1381 0.000232
0 5.4150 491.1987 10.7091 24.1002 0.000201
0 617.3309 27.3295 40.6908 54.6134 0.000199
0 27.9701 5.9264 25.7152 11.8528 0.000190
0 637.0026 112.7075 5.9948 41.5473 0.000182
0 636.2963 321.5646 7.4075 38.1096 0.000176
0 119.9517 502.0027 28.4866 19.0464 0.000174
0 161.9738 359.7325 22.8394 14.5132 0.000164
0 308.1421 503.9640 19.4159 16.0720 0.000150
0 393.8254 508.5723 21.8035 6.8555 0.000150
0 473.1570 306.6866 11.8910 20.6808 0.000147
0 134.5490 309.3990 12.9320 23.4132 0.000147
0 241.3759 12.4450 36.2750 24.2389 0.000147
0 636.4936 138.6640 7.0128 46.0149 0.000141
0 3.2306 486.3953 6.4612 28.7692 0.000137
0 190.8871 508.3683 25.3838 6.4356 0.000136
0 306.3675 4.6925 17.2619 9.3849 0.000134
0 606.8313 17.1904 32.4377 34.3809 0.000132
0 112.6093 500.2428 16.4506 18.3754 0.000130
0 5.2268 157.6969 10.4536 72.0326 0.000125
0 270.1956 14.2944 38.1948 27.8850 0.000124
0 275.3284 508.4583 26.4117 7.0834 0.000121
0 284.7419 263.4522 13.2039 16.3668 0.000121
0 388.7429 452.0208 15.8538 11.5032 0.000116
