0 365.3690 227.3847 66.2482 113.8829 0.916188
0 314.5075 276.2171 35.9545 108.3401 0.899745
0 200.0655 316.9716 17.5935 58.9672 0.819622
0 406.3863 313.2806 9.8990 12.2281 0.003160
0 414.3918 312.9393 26.2846 13.6664 0.000640
0 145.5079 301.2928 7.3463 13.8055 0.000602
0 636.2150 10.7107 7.5701 21.4214 0.000406
0 112.5253 3.9020 31.6436 7.7963 0.000318
0 121.7535 300.7838 11.6313 23.2620 0.000278
0 116.0856 301.1970 22.8956 24.2911 0.000181
0 636.2262 332.5402 7.5475 85.3354 0.000133
0 636.7188 436.1965 6.5625 66.7677 0.000111
