0 448.5685 335.9143 30.3278 94.3986 0.886480
0 559.5695 302.9121 41.4070 100.9784 0.863165
0 55.7393 367.0552 24.9019 83.7513 0.858976
0 139.2863 345.7177 20.5573 55.4044 0.008842
0 635.1895 292.0347 9.6211 72.5460 0.000900
0 632.2369 307.6592 15.5261 98.9742 0.000389
0 611.1536 3.8531 31.7660 7.7063 0.000310
0 3.4816 441.7178 6.9632 103.1277 0.000303
0 623.7565 304.7968 32.3827 93.0633 0.000227
0 512.1568 466.9673 17.9949 11.5010 0.000195
0 637.1141 372.2533 5.7717 114.4397 0.000134
0 635.6773 124.3460 8.6454 89.0820 0.000133
0 437.1775 34.9563 82.9858 69.9126 0.000130
0 4.5905 304.3541 9.1605 66.4590 0.000130
0 3.6053 408.2940 7.2106 75.5856 0.000117
0 619.0793 6.1735 40.9707 12.3470 0.000101
