0 290.5913 321.2870 19.1655 30.4238 0.871174
0 110.5424 159.2527 19.3767 21.9861 0.860784
0 105.0211 124.9729 27.7763 20.4642 0.834241
0 508.2678 7.8205 42.9539 15.6410 0.019024
0 489.6723 8.2529 54.1305 16.5058 0.017976
0 636.5567 382.7563 6.8866 40.7156 0.010432
0 635.3170 187.6055 9.3660 33.9989 0.005677
0 635.4271 201.7668 9.1458 47.0468 0.003369
0 324.2245 10.5304 31.4325 21.0255 0.003053
0 530.8452 4.6213 30.9951 9.2427 0.001946
0 38.7283 112.5631 17.5751 14.9343 0.001599
0 343.0306 460.3577 14.7876 11.7959 0.001446
0 475.3441 7.0961 35.5103 14.1921 0.001314
0 634.1682 7.7106 11.6636 15.3605 0.001180
0 629.1206 3.7126 20.2209 7.4251 0.001058
0 287.4642 11.6173 25.2496 23.1673 0.001032
0 636.0353 396.1913 7.9294 47.2037 0.000889
0 635.7979 369.9961 8.4044 60.2261 0.000886
0 299.2027 10.6640 40.2555 21.2425 0.000861
0 527.9001 7.5168 39.1045 15.0336 0.000854
0 4.2972 352.2661 8.5945 24.2811 0.000849
0 4.1054 221.3916 8.2108 33.1092 0.000843
0 635.9633 13.3799 8.0735 26.7597 0.000811
0 636.0861 219.4705 7.8278 41.7255 0.000710
0 152.9484 508.7795 22.6324 6.2356 0.000653
0 333.5417 445.6685 10.8043 19.7166 0.000622
0 340.3691 449.2224 14.2451 23.8932 0.000419
0 3.7605 363.0117 7.5209 29.7576 0.000383
0 510.1978 14.4702 47.1851 28.9040 0.000383
0 635.8301 243.0542 8.3399 68.5207 0.000370
0 461.3362 6.2827 35.2070 12.5654 0.000367
0 105.9120 137.4303 27.9487 45.7328 0.000366
0 3.8998 323.0317 7.7997 42.5652 0.000362
0 4.0152 6.5215 8.0304 13.0429 0.000350
0 541.2498 4.0497 29.8904 8.0995 0.000337
0 634.9206 261.6159 10.1588 46.1179 0.000325
0 632.1396 182.4263 15.7207 37.8676 0.000297
0 635.5547 164.9376 8.8905 58.9195 0.000292
0 444.4471 508.4735 16.2109 7.0530 0.000271
0 82.0372 502.1969 14.3122 15.6819 0.000259
0 4.2517 335.2700 8.5034 34.1239 0.000237
0 114.8019 508.2046 21.1622 7.5909 0.000235
0 463.0142 348.8287 15.7518 35.2029 0.000233
0 211.4437 508.8285 18.2424 6.3430 0.000211
0 403.0510 509.0022 19.7057 5.9957 0.000195
0 632.9630 382.5419 14.0740 37.5788 0.000193
0 219.3456 508.8808 17.3071 6.2384 0.000192
0 205.0638 508.8792 18.8873 6.2417 0.000184
0 140.9061 508.7031 28.3204 6.5939 0.000183
0 616.9087 3.4555 33.6348 6.8845 0.000158
0 470.2124 508.2564 17.4590 7.4872 0.000151
0 297.1138 245.9239 24.9204 21.5735 0.000147
0 526.1212 217.4192 14.1198 11.1154 0.000147
0 637.2336 28.9382 5.5327 41.3478 0.000144
0 2.8298 310.1180 5.6527 43.7045 0.000144
0 630.7563 11.2865 18.3486 22.5729 0.000134
0 160.0789 508.9749 21.7392 5.9791 0.000131
0 490.9304 16.0486 50.9549 32.0971 0.000125
0 289.1133 247.0352 18.2608 21.5593 0.000124
0 220.2572 257.3397 12.5602 20.8606 0.000123
0 405.1433 211.0374 12.4349 20.9384 0.000121
0 635.9304 73.3093 8.1391 48.4502 0.000110
0 227.7016 508.9253 18.4036 6.1494 0.000109
0 343.4643 466.2573 16.0494 24.2013 0.000106
0 6.8452 159.2402 13.6904 27.6253 0.000102
0 2.9253 15.5526 5.8506 31.1043 0.000102
