0 211.6662 318.2828 36.4442 76.9094 0.908404
0 131.3107 119.4394 19.1920 44.3403 0.878745
0 193.7891 254.5864 21.5248 56.8178 0.846983
0 330.2897 294.6701 23.5837 68.5386 0.838534
0 589.3066 507.4056 33.7075 9.1887 0.010767
0 635.8679 134.2493 8.2643 91.3482 0.002572
0 634.2598 150.5583 11.4805 144.6723 0.001008
0 608.3282 506.1071 59.9489 11.7857 0.000496
0 578.3262 504.3042 61.1348 15.3916 0.000421
0 227.7296 508.3667 24.1131 7.2665 0.000288
0 637.3851 445.1964 5.2297 78.4843 0.000221
0 632.5034 127.8266 14.4341 85.4711 0.000200
0 542.6429 498.5497 23.5249 26.8513 0.000188
0 635.4189 98.8490 9.1622 130.9585 0.000184
0 637.2561 421.1700 5.4879 72.0078 0.000175
0 567.3109 498.6827 76.3059 26.6346 0.000131
0 629.9121 159.5836 20.1757 174.5530 0.000120
