0 351.3785 265.3634 31.9280 42.1849 0.890764
0 422.0890 376.8761 24.7961 42.3475 0.866801
0 310.4648 338.5662 17.5402 34.3401 0.788100
0 313.0847 376.8954 16.0785 35.2005 0.695896
0 320.4607 385.4757 21.6270 49.5188 0.004063
0 61.9214 507.6010 28.9187 8.7980 0.003144
0 307.4022 374.7715 17.4154 34.3157 0.000600
0 8.2312 435.7311 16.3083 51.7767 0.000338
0 325.9920 394.9071 19.2148 40.4296 0.000284
0 5.5925 469.4433 11.1266 51.0333 0.000251
0 16.4358 508.0392 29.3847 7.9217 0.000224
0 171.8760 281.8801 14.9568 25.8712 0.000208
0 312.2255 389.6733 25.7542 55.8695 0.000190
0 327.2911 375.5578 17.7271 29.7765 0.000162
0 2.6075 123.0173 5.2151 51.5286 0.000157
0 291.3173 223.2062 8.3605 18.7627 0.000138
0 21.7012 319.2972 43.4024 67.4330 0.000131
0 612.9728 383.2970 21.7383 32.9023 0.000130
0 74.8729 507.9951 35.4766 8.0099 0.000120
0 11.0814 472.0718 22.0895 46.3096 0.000106
0 637.1224 437.0775 5.7552 38.4880 0.000102
