0 413.1951 356.5081 23.6156 38.2648 0.875880
0 318.2732 250.2930 18.0214 30.7662 0.855721
0 301.5823 332.4699 18.8633 38.7355 0.818324
0 298.3092 378.8559 15.2729 36.0679 0.744956
0 4.4743 457.4685 8.9485 53.7646 0.008072
0 4.3194 431.3717 8.6254 54.6559 0.001578
0 7.0924 468.5558 14.1848 60.8263 0.000770
0 297.5320 362.1121 16.0459 42.3701 0.000575
0 14.0659 328.1825 28.1318 64.9037 0.000526
0 7.3592 442.4078 14.5405 47.9556 0.000285
0 2.3829 43.5418 4.7658 56.7167 0.000263
0 290.1940 374.3792 15.9675 32.1488 0.000234
0 19.5115 353.1510 18.1612 17.4541 0.000233
0 2.9574 25.1326 5.9147 44.5474 0.000229
0 160.0789 286.8546 23.4865 26.8848 0.000165
0 308.5865 390.0080 21.8011 50.6201 0.000162
0 13.9057 353.1169 27.7826 46.9325 0.000161
0 7.0497 501.8546 14.0994 20.2909 0.000140
0 8.1596 425.2233 16.1757 56.8265 0.000129
0 30.9463 508.8502 28.7023 6.2996 0.000105
