0 243.7238 158.9259 30.2401 58.6168 0.896389
0 191.9126 234.8360 29.1134 50.1421 0.882304
0 308.6436 368.7813 25.7499 62.8465 0.878627
0 256.9966 126.3112 16.5475 33.6194 0.793213
0 96.4451 506.2164 41.4519 11.5672 0.002169
0 91.4511 500.3847 43.8756 23.1697 0.001469
0 106.3861 507.4920 35.8793 9.0160 0.000841
0 78.5050 499.5412 30.6296 23.3579 0.000416
0 4.2521 495.1447 8.4455 33.3018 0.000208
0 6.4818 506.3062 12.9636 11.3877 0.000153
0 637.3539 306.1192 5.2922 76.0231 0.000147
0 426.0992 508.3614 34.2515 7.2772 0.000129
0 112.3324 502.8811 42.7779 18.2001 0.000120
