0 297.4013 323.2037 18.8253 39.8595 0.861056
0 252.6510 509.1927 20.8787 5.6146 0.079016
0 246.4067 508.5687 29.3560 6.8625 0.010100
0 6.7952 45.2351 13.5904 60.5417 0.002901
0 248.6364 319.9250 13.1672 21.8468 0.001830
0 264.7155 508.5675 40.8898 6.8650 0.000944
0 6.8407 72.5610 13.6369 81.2654 0.000341
0 15.5512 105.4687 31.0368 55.2660 0.000267
0 8.1319 327.7561 11.6960 18.5743 0.000241
0 2.2843 410.8405 4.5685 34.2335 0.000172
0 252.7430 504.1642 21.3100 15.6715 0.000145
0 10.6228 27.9301 21.2456 55.8602 0.000124
