0 266.2276 299.9529 25.0314 27.8341 0.863602
0 387.1485 243.9669 19.8582 31.3616 0.853825
0 253.9333 230.5836 30.0605 32.0641 0.848915
0 306.4398 436.2266 14.7927 25.0806 0.103853
0 361.9492 439.3774 16.8182 24.9077 0.067785
0 373.3499 437.1575 8.5156 18.5236 0.023836
0 194.9996 232.6404 13.0811 16.0771 0.020015
0 300.9847 6.4727 37.7416 12.9453 0.004439
0 438.8619 508.5555 17.2708 6.8513 0.002946
0 349.0794 5.0677 33.2518 10.1353 0.002429
0 379.2944 187.1641 16.5825 22.0418 0.002103
0 374.3304 190.3226 23.8033 20.7954 0.001977
0 308.2608 205.0204 12.6599 23.9705 0.001917
0 480.2272 4.4806 40.4071 8.9430 0.001696
0 327.6233 5.8446 61.3964 11.6703 0.001682
0 634.7489 429.9558 10.5021 26.7140 0.001560
0 353.5101 508.8439 28.3657 6.3123 0.001485
0 2.5088 66.9356 5.0176 31.3014 0.001357
0 59.4403 8.9356 23.5188 17.7753 0.000972
0 5.6761 368.3207 11.3522 37.3850 0.000962
0 493.8153 4.6316 38.8499 9.2633 0.000908
0 590.3544 5.1154 31.0933 10.2307 0.000844
0 2.9393 389.4089 5.8785 65.2435 0.000690
0 3.2996 75.6277 6.5992 38.6830 0.000533
0 313.2985 427.7065 15.5906 30.2803 0.000502
0 572.1274 13.6242 33.8635 27.2484 0.000488
0 634.6781 387.8311 10.6438 23.0955 0.000485
0 280.4857 6.1931 67.1409 12.3187 0.000454
0 577.0029 6.0693 32.1039 12.1385 0.000423
0 87.8727 372.7551 14.7924 21.2006 0.000417
0 363.4336 5.3817 33.9684 10.4272 0.000380
0 174.9297 4.3854 26.7878 8.7708 0.000354
0 303.4121 442.6892 14.9101 30.9457 0.000328
0 432.4825 507.7642 18.9796 6.9392 0.000323
0 21.1555 58.8925 21.0449 24.0042 0.000316
0 399.8188 178.5649 16.3850 21.5807 0.000313
0 370.1956 441.6796 13.6542 25.7987 0.000298
0 210.1536 508.7215 20.9708 6.5570 0.000296
0 2.6522 305.4951 5.3044 23.8344 0.000292
0 341.6654 508.9208 32.6375 6.1584 0.000286
0 556.5718 5.9562 32.1377 11.7670 0.000284
0 299.4656 508.5741 22.6399 6.8519 0.000252
0 205.2599 231.9143 22.2839 19.8906 0.000242
0 25.7514 11.5375 29.0632 23.0749 0.000239
0 186.5909 233.6443 18.3088 15.0783 0.000236
0 636.0587 186.3969 7.8827 41.1385 0.000232
0 104.1405 508.2170 25.3832 7.5660 0.000224
0 587.9254 8.7362 36.4087 17.4724 0.000224
0 2.8789 49.7957 5.7578 43.3050 0.000222
0 198.4845 237.2807 18.6630 25.4127 0.000218
0 388.6941 184.2851 19.6533 21.0431 0.000202
0 89.8140 508.2046 32.8959 7.5909 0.000198
0 634.8582 414.9915 10.2838 30.2810 0.000187
0 3.6783 406.4036 7.3566 58.4354 0.000183
0 545.6666 7.3418 27.4979 13.5521 0.000182
0 53.6800 508.2634 23.3643 7.4731 0.000178
0 192.6973 237.0301 14.0311 21.9863 0.000172
0 636.1216 123.6054 7.6660 29.0813 0.000167
0 435.0919 501.1007 17.6498 17.7931 0.000162
0 305.5732 234.1024 12.8762 13.9975 0.000162
0 363.0218 228.9137 14.0817 23.5766 0.000160
0 198.9226 228.7423 18.9222 23.2814 0.000159
0 430.6441 496.4843 14.8033 21.2012 0.000158
0 445.7925 508.4890 24.5952 7.0220 0.000156
0 2.9721 315.5179 5.9442 38.2009 0.000144
0 4.6809 42.4594 9.3619 54.3143 0.000143
0 23.9699 38.2362 26.8115 64.0100 0.000143
0 634.2316 133.6949 11.4163 42.7047 0.000143
0 157.8086 4.8803 26.6187 9.7433 0.000141
0 307.0965 214.1215 13.0600 36.1934 0.000140
0 68.7567 508.4247 29.2837 7.1506 0.000139
0 308.3516 423.0267 17.3098 39.0300 0.000138
0 296.3116 440.3953 17.6118 32.6863 0.000137
0 238.7814 7.7871 40.7910 15.5742 0.000133
0 229.0839 220.2029 17.3937 14.7079 0.000130
0 112.7921 508.3151 23.4923 7.3698 0.000129
0 520.8903 508.9225 22.6185 6.1550 0.000125
0 12.2789 370.9238 24.1582 40.5804 0.000123
0 132.3491 5.7411 26.1459 11.4823 0.000121
0 631.3094 390.9383 16.4089 21.8248 0.000118
0 9.7579 67.4762 16.9540 30.1748 0.000117
0 636.4698 112.9035 7.0603 36.3015 0.000114
0 635.6189 446.7633 8.7621 51.3654 0.000112
0 631.6418 143.3427 16.6790 54.3688 0.000112
0 82.2994 291.7834 19.6782 18.0993 0.000107
0 632.1653 437.9804 14.6039 35.5141 0.000106
0 369.3170 181.9931 26.8191 30.6945 0.000103
0 634.8976 6.1707 10.2048 12.3414 0.000103
0 634.2123 399.6772 11.3035 30.6812 0.000103
0 481.9811 189.8033 13.8167 15.2960 0.000102
0 240.6717 216.5236 18.7015 23.2093 0.000102
0 634.8738 154.0069 10.2523 52.6849 0.000102
