0 307.8315 185.5981 15.6204 27.4621 0.872864
0 342.3565 334.3010 13.4500 26.8337 0.864450
0 321.1964 229.3875 18.1739 30.4951 0.850978
0 300.3185 346.7490 9.1034 8.8325 0.632879
0 331.1616 202.1608 24.2955 21.1644 0.006587
0 70.4940 6.6170 36.6079 13.2339 0.006221
0 3.6121 502.9515 7.2242 18.0970 0.004032
0 82.5616 6.6096 24.0562 13.2192 0.002755
0 8.4932 503.6198 16.8683 16.7604 0.001252
0 326.3629 261.7609 15.8938 10.5709 0.001251
0 94.8282 6.5582 43.5541 13.1165 0.001027
0 303.0757 344.9890 14.0482 12.5928 0.001023
0 293.0641 346.6783 22.4731 9.5200 0.000566
0 2.9554 491.8873 5.8848 40.2254 0.000523
0 303.3017 350.9659 14.6938 16.6821 0.000440
0 308.5483 347.0631 21.5953 10.9779 0.000399
0 297.4079 344.6872 14.2807 12.6650 0.000348
0 636.7782 85.1816 6.4435 46.6496 0.000299
0 14.7384 502.3258 29.3905 19.0167 0.000258
0 471.4660 3.1211 19.5885 6.2422 0.000171
0 296.5781 350.3847 15.5355 16.4725 0.000164
0 584.9189 509.5920 20.5605 4.8160 0.000107
