0 270.7509 300.9654 20.8295 27.5610 0.885892
0 222.1453 226.4217 25.3463 23.3340 0.827768
0 198.5964 232.0229 15.2361 18.1431 0.080848
0 307.8344 437.1342 15.8799 26.6024 0.022446
0 22.8514 64.4083 17.2411 22.5843 0.009136
0 632.1144 389.0521 15.2190 20.6309 0.007529
0 376.5826 189.2477 22.9771 24.2458 0.005170
0 480.3931 5.1304 43.8798 10.2124 0.004184
0 374.6113 437.8734 9.5228 16.3264 0.004099
0 346.8312 5.1332 33.5893 10.2087 0.003824
0 333.1390 7.1753 54.3241 14.1378 0.003768
0 410.1551 265.3477 15.4152 19.0887 0.003528
0 361.6731 443.6524 13.4253 16.9982 0.002872
0 385.6879 188.3123 15.6304 26.0942 0.001723
0 399.7511 189.1221 15.8203 33.0769 0.001527
0 311.2348 432.2718 16.2189 32.3080 0.001511
0 355.1224 509.0632 29.4335 5.8736 0.001463
0 621.3220 387.1888 21.4890 19.6016 0.001283
0 2.5054 63.8723 5.0108 24.5166 0.001229
0 633.9191 378.2788 12.1617 37.9518 0.001222
0 306.3223 6.8718 41.9489 13.7435 0.000881
0 438.5865 508.3956 20.6611 6.3448 0.000838
0 403.3806 181.8716 15.6468 24.8401 0.000763
0 635.1931 430.5193 9.6137 27.9023 0.000759
0 60.7371 9.1077 25.4697 18.1109 0.000568
0 630.7396 397.3165 16.2737 33.8329 0.000502
0 498.8378 5.2111 51.0256 10.4222 0.000417
0 3.0649 393.1613 6.1298 56.6189 0.000408
0 231.2762 218.0737 21.8596 24.4384 0.000390
0 289.3531 6.4418 58.3768 12.8837 0.000379
0 635.9790 181.3716 8.0420 47.7013 0.000372
0 3.1994 77.1087 6.3988 33.9434 0.000331
0 322.1696 489.9772 20.0104 27.0112 0.000312
0 4.3374 418.0118 8.6747 53.7465 0.000307
0 2.9924 304.4958 5.9848 24.8832 0.000303
0 3.9081 370.6137 7.7310 43.3386 0.000301
0 365.1458 5.6979 33.6300 11.1055 0.000295
0 20.6841 45.9489 28.5555 58.0543 0.000284
0 211.6074 508.9209 21.2025 6.1583 0.000274
0 3.7426 461.5410 7.4620 41.5356 0.000273
0 363.3857 436.5167 18.1301 28.9208 0.000272
0 389.5479 181.8437 19.6234 25.1591 0.000272
0 579.0356 371.6955 14.2473 15.3374 0.000265
0 3.6576 50.5463 7.3152 43.8528 0.000256
0 431.7224 493.9479 14.5071 20.3773 0.000254
0 555.6324 4.0677 32.8853 7.9754 0.000240
0 15.8985 64.5125 25.4189 23.5729 0.000218
0 3.4785 440.7908 6.9571 54.3330 0.000216
0 341.6673 508.9970 33.3613 5.9615 0.000215
0 587.5479 5.6430 33.2791 11.2860 0.000205
0 105.8289 508.2137 26.6065 7.5725 0.000180
0 634.5781 409.3235 10.8438 36.0497 0.000174
0 300.5483 508.6500 23.2751 6.7000 0.000166
0 635.4130 6.7327 9.1741 13.4653 0.000162
0 81.3697 292.2899 15.7512 15.6699 0.000159
0 59.3240 508.5024 25.0612 6.9952 0.000155
0 89.2690 508.3111 32.7822 7.3778 0.000152
0 28.1048 52.7157 26.1957 43.1272 0.000147
0 3.1364 315.3521 6.2728 42.0420 0.000141
0 310.6583 203.3106 11.4124 22.8197 0.000141
0 566.6746 5.1332 37.3032 10.1865 0.000137
0 635.9608 201.3250 8.0785 58.0454 0.000134
0 5.8372 42.0495 11.6743 56.9756 0.000131
0 363.4914 181.5644 20.3625 21.5386 0.000128
0 637.0503 14.3505 5.8995 28.7009 0.000126
0 78.2629 508.5438 29.8415 6.9124 0.000122
0 635.6018 161.0458 8.7964 50.2574 0.000122
0 277.5101 222.0039 17.6835 19.1512 0.000120
0 27.3933 36.8824 32.1646 72.5983 0.000119
0 121.7702 508.4171 23.8448 7.1657 0.000117
0 173.8841 3.9187 22.2541 7.8374 0.000117
0 3.6047 340.8134 7.2094 49.7423 0.000113
0 446.4668 508.5771 22.0889 6.8459 0.000106
0 375.8947 4.9000 25.4082 9.4541 0.000105
