0 74.0248 15.0113 35.0237 30.0143 0.017289
0 309.0236 300.0278 22.2324 20.9072 0.007527
0 11.8809 41.2937 23.7618 60.1679 0.005441
0 77.6105 248.9373 18.1253 18.1817 0.005082
0 52.8719 184.3214 43.4572 64.5712 0.004995
0 499.7816 9.9728 21.7823 19.9456 0.001324
0 13.5161 21.3923 20.7672 19.6622 0.000600
0 12.1313 14.5813 23.6575 29.1626 0.000571
0 56.9490 14.7555 55.3908 29.5102 0.000548
0 402.9484 3.3113 19.4437 6.6225 0.000540
0 57.3756 205.9667 52.3161 108.5231 0.000453
0 169.2202 509.3449 30.3110 5.3102 0.000270
0 510.4938 9.3757 37.2052 18.7241 0.000184
0 407.6172 4.5246 24.2523 9.0279 0.000141
0 77.5398 236.1975 18.3738 43.5528 0.000115
0 179.9107 509.1154 34.9323 5.7691 0.000103
