0 243.9167 186.0174 15.2273 19.9741 0.878643
0 329.6992 151.1411 26.7323 22.5805 0.496330
0 153.9663 374.0402 11.8976 16.1741 0.398198
0 102.4759 451.1869 11.2850 14.2992 0.154474
0 349.3859 208.5682 13.6096 13.6231 0.018584
0 346.4414 256.2368 16.3089 23.0228 0.012635
0 334.3130 97.5453 11.5682 13.2595 0.006587
0 323.9603 159.4992 22.6375 24.0540 0.004239
0 30.7964 241.9463 11.1390 12.9113 0.003129
0 368.6325 250.6322 9.9579 12.6257 0.002799
0 498.5841 158.3617 21.8551 22.0309 0.002493
0 344.5276 155.2635 32.8599 25.8423 0.001742
0 93.9582 452.3390 24.1230 16.4546 0.000725
0 321.0966 166.5599 19.5217 18.0662 0.000511
0 148.2823 374.7267 21.0132 16.2687 0.000380
0 366.8091 254.9260 12.5508 21.6790 0.000315
0 157.5978 371.8659 17.6184 20.7416 0.000264
0 154.3343 365.2690 12.7997 31.9016 0.000196
0 342.3841 207.1475 26.5492 18.9120 0.000184
0 23.3254 240.9304 17.2801 16.2001 0.000109
