0 278.2032 292.3751 21.1368 30.6165 0.884518
0 362.0899 439.9396 15.3961 24.5074 0.060455
0 308.0610 436.4734 15.9259 28.4628 0.050809
0 374.6438 437.2705 9.4605 17.3583 0.013243
0 195.7510 232.1065 11.5344 15.7283 0.010653
0 310.2997 205.2008 11.0552 21.7095 0.008680
0 486.0662 4.8406 34.0377 9.6811 0.006503
0 381.0877 187.9469 16.7474 23.2280 0.003974
0 634.9785 430.7544 10.0431 26.9679 0.003790
0 440.3489 252.1723 13.9232 12.0190 0.002822
0 2.3189 65.2224 4.6378 25.8454 0.002270
0 634.3880 382.3903 11.2240 31.5080 0.002187
0 376.1617 190.9824 24.3140 21.4493 0.002187
0 300.6834 6.3106 37.7791 12.6212 0.001996
0 579.2685 370.9785 13.7289 15.5591 0.001885
0 355.6163 509.0923 29.9218 5.8154 0.001813
0 439.2806 508.5665 19.8102 6.4554 0.001759
0 7.2018 368.1593 14.4037 37.1815 0.001714
0 387.3370 187.4897 15.8823 24.5068 0.001711
0 22.4031 62.2952 16.9040 22.7312 0.001675
0 630.4203 388.9789 16.5720 21.1516 0.001630
0 499.8685 6.0453 52.2460 12.0906 0.001293
0 404.5060 178.4433 15.8815 19.4552 0.001285
0 400.1623 187.5291 16.3943 31.9312 0.001245
0 619.9135 387.2513 18.0382 19.4336 0.001126
0 2.6078 74.9479 5.2156 37.3175 0.000997
0 3.0525 386.3583 6.1049 62.3315 0.000993
0 351.1730 4.9422 30.0299 9.8838 0.000969
0 636.2589 183.8324 7.4822 42.3531 0.000904
0 313.2621 202.1373 14.9270 24.4604 0.000869
0 318.3025 6.4422 54.8918 12.8667 0.000729
0 585.1957 5.4359 33.7317 10.8717 0.000674
0 318.2674 198.1693 22.5571 28.4489 0.000554
0 636.5305 112.7708 6.9391 34.5137 0.000537
0 60.4265 8.1278 24.3310 16.2331 0.000506
0 472.6567 4.8704 43.6772 9.7203 0.000477
0 106.7264 508.1839 24.6247 7.6322 0.000396
0 446.4934 508.6133 22.0783 6.7734 0.000311
0 635.8811 6.9769 8.2378 13.9538 0.000301
0 210.8190 508.8863 21.2045 6.2274 0.000294
0 575.3724 6.3191 34.0139 12.6382 0.000293
0 97.3678 508.1391 30.6124 7.7218 0.000282
0 342.3600 509.0948 33.8873 5.8103 0.000281
0 303.4549 443.1829 13.8870 30.4194 0.000279
0 574.3607 16.5342 33.8489 33.0684 0.000278
0 363.6402 5.0630 33.0146 9.9528 0.000272
0 499.5730 12.4091 48.8636 24.8181 0.000271
0 371.2820 442.5768 12.8049 24.1145 0.000266
0 51.7956 508.7822 23.7024 6.4355 0.000263
0 338.1312 7.1024 46.3460 13.8990 0.000259
0 2.9623 305.7736 5.9246 22.6665 0.000252
0 636.4850 199.3542 7.0300 47.0698 0.000252
0 559.8894 4.2633 37.5962 8.4802 0.000251
0 389.6895 180.3734 21.5681 25.0589 0.000248
0 367.9099 192.2540 25.1053 23.9862 0.000238
0 89.6034 375.6714 14.5755 28.2833 0.000225
0 484.1896 190.5261 13.1471 15.2166 0.000221
0 635.3083 137.5315 9.3834 51.1794 0.000218
0 3.5198 407.4631 7.0395 43.7278 0.000212
0 635.6152 161.8334 8.7695 45.3074 0.000210
0 637.0753 11.5394 5.8494 23.0788 0.000194
0 635.3405 445.9900 9.3191 48.4354 0.000193
0 3.1062 50.5864 6.2123 43.5704 0.000190
0 164.7337 4.9129 26.9686 9.8258 0.000188
0 301.1930 508.7097 22.8947 6.5805 0.000186
0 16.8186 63.7895 18.6378 23.0686 0.000183
0 207.3194 232.0124 22.9543 18.4858 0.000168
0 78.0858 508.4590 28.9821 7.0820 0.000167
0 389.5702 239.2075 19.5632 30.8340 0.000162
0 432.1237 507.3407 18.2198 7.9027 0.000162
0 2.9703 88.2308 5.9406 31.1886 0.000160
0 632.3031 439.7313 13.6746 33.4156 0.000159
0 545.8571 508.1177 19.6697 7.7646 0.000159
0 441.0070 243.7502 14.0773 27.5347 0.000157
0 163.9795 9.4209 27.5244 18.8419 0.000150
0 119.9324 508.3528 24.4625 7.2944 0.000150
0 634.9065 415.8737 10.1870 31.8682 0.000150
0 480.1902 7.4324 45.7832 14.8649 0.000147
0 577.3662 361.8556 16.0171 28.6826 0.000147
0 146.3792 508.1644 18.4717 7.6617 0.000143
0 67.0484 508.5745 26.5847 6.8510 0.000136
0 25.6645 43.1099 24.7767 59.6097 0.000133
0 376.5529 4.7253 23.2811 8.8105 0.000132
0 327.0684 189.1780 15.7763 26.2889 0.000129
0 387.5497 195.5008 18.5140 30.0328 0.000128
0 199.9525 228.3187 18.8111 23.1845 0.000128
0 27.7983 57.0012 25.8358 30.8761 0.000126
0 306.1819 203.7266 17.9586 25.2414 0.000126
0 4.4373 348.2886 8.8746 45.7286 0.000121
0 400.1801 170.3983 19.2794 29.8345 0.000121
0 156.1874 5.9291 28.5260 11.8582 0.000121
0 634.3850 399.8600 11.0464 29.9386 0.000118
0 27.0044 12.0563 29.2686 24.1127 0.000117
0 432.3926 496.1662 15.2031 20.6119 0.000116
0 579.0718 378.5851 13.5735 27.5360 0.000114
0 374.2370 198.6814 22.0822 32.1157 0.000114
0 368.2682 237.9328 13.0516 27.2064 0.000107
0 437.4711 256.7147 17.3380 18.5567 0.000107
0 199.6088 238.1767 18.2119 27.5994 0.000106
0 81.2082 292.7286 17.1483 18.0178 0.000105
0 296.1448 440.4477 14.7366 33.0562 0.000103
0 12.4470 67.1098 16.6747 28.6913 0.000102
0 552.7019 508.3816 21.7400 7.2368 0.000102
0 630.1171 400.0625 14.7802 27.8690 0.000101
0 311.1119 190.1487 15.8311 32.6662 0.000100
