0 396.3699 311.5729 26.4722 78.9548 0.870255
0 278.7662 306.4891 16.1234 67.3678 0.692333
0 269.2538 307.9756 32.1057 66.8687 0.139539
0 298.3065 309.8042 11.9547 59.8035 0.103382
0 305.4047 309.0608 25.8066 62.2944 0.030870
0 389.0503 304.3006 12.7504 64.2852 0.002268
0 4.6430 334.9342 9.2861 183.3186 0.001622
0 4.2063 284.2181 8.4125 117.3528 0.001170
0 636.9442 323.2808 6.1116 106.0011 0.000322
0 3.2632 401.0093 6.5263 112.5841 0.000297
0 385.0218 309.0276 15.1333 75.6921 0.000251
0 262.4533 305.6490 16.8445 60.3505 0.000210
0 636.6859 278.1702 6.6282 89.2804 0.000178
0 7.2939 296.8392 14.5878 142.8562 0.000101
