0 356.9140 294.3395 25.4642 77.9368 0.897092
0 506.3734 313.2241 30.1263 81.2813 0.892248
0 268.6970 293.9175 22.9116 52.5072 0.851408
0 637.5338 344.9876 4.9325 94.1615 0.011682
0 636.9274 378.8555 6.1451 171.7241 0.002403
0 630.8231 343.1497 16.5996 89.7327 0.001452
0 631.1104 378.5656 17.3499 174.5543 0.000458
0 629.7777 49.3119 20.4445 98.6239 0.000446
0 637.1138 445.1055 5.7723 133.7890 0.000435
0 625.5420 32.7771 11.9952 65.4373 0.000417
0 531.1179 311.6629 13.8706 67.7454 0.000328
0 637.0553 483.2253 5.8894 57.5494 0.000291
0 126.6033 12.6148 42.9836 25.2297 0.000235
0 4.5277 337.0110 9.0555 84.4640 0.000185
0 637.5156 307.4446 4.9688 87.3914 0.000182
0 637.2462 279.3946 5.5077 89.1779 0.000138
0 8.6881 426.5117 17.3762 168.1742 0.000115
