0 327.5542 205.8972 18.4320 56.5614 0.781430
0 467.8855 211.7921 17.9244 25.4296 0.539394
0 203.8831 209.6605 14.2811 19.5259 0.028712
0 69.9698 28.8391 45.4510 57.6782 0.012173
0 334.7367 195.4179 13.3661 46.7501 0.005293
0 36.9292 206.9330 21.5034 20.7147 0.003150
0 461.3805 222.9218 28.3422 48.3609 0.001250
0 66.7590 9.5190 40.7570 19.0381 0.001099
0 205.2925 202.4207 15.7967 33.8152 0.000771
0 423.1619 231.6088 17.2595 80.0382 0.000298
0 451.1031 233.7250 48.1270 69.7621 0.000187
0 197.0765 208.0672 21.9437 21.7178 0.000169
0 203.4931 220.8759 15.1493 46.3391 0.000127
0 315.5760 205.2550 18.0485 52.5432 0.000120
