0 308.4356 184.8896 25.8391 58.9664 0.881196
0 571.9829 431.7723 22.3159 38.9514 0.061784
0 614.2086 506.8286 25.5597 10.3428 0.009430
0 94.0067 140.3773 14.6200 11.2974 0.008710
0 601.4054 507.0220 26.1655 9.9559 0.002985
0 607.3333 505.1645 22.4504 13.6710 0.002423
0 89.5880 286.3916 22.6656 61.5137 0.001114
0 249.5798 288.0656 34.1339 38.1737 0.000942
0 580.3392 432.3987 21.9404 38.2216 0.000872
0 635.9700 503.5840 8.0601 16.8319 0.000834
0 636.3237 139.3143 7.3525 69.5863 0.000621
0 636.2164 118.1502 7.5671 48.0140 0.000503
0 636.8437 495.3304 6.3126 32.1702 0.000469
0 34.8731 509.0872 21.3788 5.8256 0.000450
0 107.6979 507.7934 27.0021 8.4132 0.000356
0 187.8853 509.1292 20.3404 5.7416 0.000340
0 585.0786 429.2722 13.4777 30.2539 0.000333
0 115.4658 271.8266 25.3685 38.4763 0.000281
0 636.5358 474.7914 6.9283 36.6403 0.000254
0 588.2590 422.1143 10.1570 16.4432 0.000252
0 106.2434 272.1449 19.5737 39.9713 0.000245
0 237.6370 3.4570 18.5609 6.9139 0.000207
0 99.2418 508.2063 28.1941 7.5875 0.000203
0 564.2984 430.8728 23.8370 38.0081 0.000188
0 95.7746 278.2259 22.7935 47.3359 0.000183
0 636.6931 95.2109 6.6138 76.1471 0.000157
0 636.4470 275.4979 7.1059 51.0823 0.000144
0 94.6350 146.9498 16.6563 24.8314 0.000141
0 625.5832 503.6930 24.4678 16.2263 0.000138
0 631.1413 19.3862 17.7174 37.2320 0.000132
0 8.8866 336.3398 17.7731 38.2522 0.000124
0 9.2967 231.5153 18.2759 31.8065 0.000124
0 301.3130 269.9132 18.0269 32.3781 0.000123
0 636.4609 454.7697 7.0782 30.4056 0.000108
0 99.6832 139.3863 25.7959 14.4999 0.000108
0 564.3800 210.7306 10.0938 17.6600 0.000108
