0 279.0167 285.3143 31.7784 68.8450 0.908846
0 379.0182 302.8642 24.1650 74.9201 0.884626
0 437.1404 299.1141 26.7620 74.7322 0.860052
0 611.1886 12.8393 29.3035 25.6785 0.002192
0 2.7838 292.7919 5.5676 80.2701 0.001428
0 2.8845 266.6501 5.7691 53.0402 0.000820
0 635.3969 162.1743 9.2063 113.7244 0.000756
0 635.9223 228.8383 8.1554 92.4182 0.000648
0 597.9523 12.2767 52.1558 24.5338 0.000420
0 621.8157 13.3174 36.3687 26.6347 0.000397
0 635.6522 197.6577 8.6957 95.3204 0.000334
0 588.0844 22.5389 74.1118 45.0779 0.000144
0 586.6836 55.3571 72.4094 110.7141 0.000124
