0 366.2175 297.3240 26.2019 73.9368 0.902036
0 580.6367 291.3862 15.8881 75.8450 0.851562
0 45.8448 256.8124 6.3547 35.5009 0.009834
0 571.1438 8.2829 25.7554 16.5659 0.003447
0 46.1829 267.7825 8.0716 57.4257 0.002819
0 636.7968 342.2121 6.4065 113.1014 0.002683
0 48.6380 257.1326 9.9999 37.1687 0.000880
0 637.1567 298.4726 5.6866 61.1074 0.000682
0 52.5675 272.1067 19.0789 69.3778 0.000663
0 576.1615 29.6535 32.0955 59.3069 0.000254
0 558.4361 8.0920 43.6356 16.1840 0.000218
0 577.2238 12.0535 36.2697 24.1070 0.000186
0 637.0298 275.6722 5.9404 76.5842 0.000129
0 40.1407 257.6073 14.6405 35.3386 0.000120
