0 278.0289 300.3004 31.6145 73.1262 0.912796
0 527.3448 298.2133 18.5706 77.0355 0.769485
0 632.5225 8.7057 14.9550 17.4113 0.001572
0 637.0247 472.6281 5.9506 78.7439 0.001342
0 2.7851 384.2115 5.5701 129.6119 0.001195
0 147.8346 255.0932 31.3272 78.5068 0.000663
0 632.7291 23.9005 14.5419 47.8009 0.000626
0 2.8802 264.9714 5.7605 53.7074 0.000520
0 515.6398 299.4936 38.9496 82.3861 0.000349
0 2.3090 420.1110 4.6179 61.1753 0.000311
0 626.5466 6.7630 25.2769 13.5261 0.000259
0 2.4658 445.6556 4.9316 88.3689 0.000202
0 637.4307 325.4259 5.1387 100.6315 0.000187
0 631.9014 469.5379 15.8413 84.9242 0.000162
0 637.2568 289.5703 5.4865 84.2200 0.000112
