0 315.3976 216.6254 29.7161 73.3267 0.868559
0 309.2560 178.4808 23.9310 51.4529 0.838503
0 573.0735 431.4468 21.6884 38.6548 0.048291
0 94.7685 140.0817 14.0867 10.7716 0.012163
0 614.2087 506.6613 26.3997 10.6774 0.007878
0 602.5941 506.7721 28.6117 10.4558 0.002662
0 581.4562 431.6884 19.6869 35.9730 0.001573
0 636.4705 139.7808 7.0591 70.1150 0.000964
0 635.8221 503.9775 8.3558 16.0450 0.000902
0 113.7079 271.7610 21.7080 36.1966 0.000864
0 186.8714 509.2723 22.7576 5.4553 0.000674
0 89.7787 285.7029 22.1686 60.7488 0.000650
0 251.5143 287.4682 31.8972 38.1438 0.000600
0 636.8237 496.2516 6.3525 30.6111 0.000474
0 106.7935 273.9540 19.2100 35.8621 0.000431
0 588.6400 422.4842 10.4773 17.6600 0.000403
0 636.6895 474.2577 6.6210 35.1733 0.000321
0 4.5218 267.7345 9.0436 41.1832 0.000317
0 636.4312 113.1190 7.1377 54.7507 0.000241
0 624.7267 504.1743 25.8066 15.3770 0.000208
0 96.2038 278.1688 22.2728 48.9124 0.000208
0 109.0519 507.9476 25.6805 8.1049 0.000190
0 7.5408 335.7475 15.0816 40.5548 0.000188
0 563.4788 429.9476 24.5876 37.3018 0.000169
0 636.1509 431.2856 7.6981 19.6566 0.000157
0 178.3542 508.8394 28.0208 6.3211 0.000155
0 636.9258 269.6853 6.1485 42.7181 0.000141
0 237.6241 3.3541 18.7548 6.7082 0.000131
0 558.8721 459.7856 15.2715 21.2285 0.000124
0 2.7729 129.0392 5.5458 23.0959 0.000119
0 8.5815 361.7548 17.1631 60.9102 0.000107
0 5.2829 279.8310 10.5657 30.9105 0.000104
0 636.1185 168.3915 7.7630 58.8325 0.000104
