0 253.4409 280.0265 37.2669 28.9021 0.884688
0 179.5833 421.6294 23.6807 22.5010 0.860104
0 141.9203 90.6546 17.1685 18.4849 0.178553
0 618.9782 384.4778 33.8975 67.0243 0.020230
0 620.0759 362.2571 31.1010 21.7567 0.002961
0 83.5555 2.7875 21.7615 5.5615 0.002277
0 141.6132 82.2433 17.9008 33.6381 0.001801
0 633.2889 340.1168 13.4222 49.0038 0.001191
0 6.3796 19.3470 12.7591 38.6940 0.001190
0 602.2588 54.3216 18.3857 29.9817 0.000947
0 627.1901 350.8646 23.1970 37.6638 0.000709
0 133.8838 66.3213 33.1553 61.8300 0.000681
0 116.7707 43.7492 21.6233 19.8315 0.000551
0 75.2986 3.1725 33.2725 6.3450 0.000506
0 635.3410 326.9319 9.3180 54.1243 0.000452
0 8.5577 10.7479 17.1154 21.4958 0.000405
0 142.3876 97.1815 23.2669 32.2120 0.000350
0 134.5510 91.3024 33.3379 20.9398 0.000325
0 636.4871 313.2574 7.0258 37.2371 0.000290
0 628.8207 433.1564 22.3586 36.4119 0.000286
0 13.9733 13.6500 27.8825 27.3000 0.000144
0 632.7040 16.4922 14.5920 32.7803 0.000139
0 637.0995 289.9348 5.8009 64.3447 0.000132
0 7.7959 33.9178 15.5918 67.8357 0.000129
0 622.8032 404.7394 34.1531 71.6398 0.000114
