0 160.9104 347.0195 25.2378 23.0389 0.883642
0 238.1795 209.9782 23.5811 27.8987 0.725518
0 619.6806 303.9163 26.3190 52.3170 0.397828
0 136.0873 19.3063 20.5321 20.7897 0.019381
0 485.1250 506.2114 18.0215 11.5772 0.009772
0 510.8239 507.3465 23.7281 9.3069 0.005009
0 248.0527 211.7351 30.3109 30.3265 0.004489
0 630.1432 507.5217 19.6749 8.9567 0.003197
0 128.1937 13.5182 35.3702 27.0365 0.002290
0 267.7083 3.5694 46.1550 7.1389 0.001748
0 519.8019 506.1280 36.3010 11.7440 0.001079
0 247.8513 2.8104 41.9023 5.6208 0.001032
0 283.3339 4.0894 40.4113 8.1788 0.000896
0 143.4219 12.5385 32.3429 24.6747 0.000861
0 500.2520 505.5485 36.4840 12.9031 0.000456
0 631.2969 275.1830 17.4062 86.0272 0.000331
0 264.9280 7.9372 52.0103 15.8743 0.000250
0 618.2379 15.1917 29.1255 29.7422 0.000249
0 620.7347 507.8149 36.5594 8.3702 0.000216
0 4.8171 7.2597 9.6341 14.5193 0.000207
0 12.8580 6.3130 25.1151 12.6259 0.000206
0 154.0359 9.2120 45.0216 17.9902 0.000193
0 36.0112 5.2881 19.5282 10.5762 0.000192
0 530.5210 505.1234 32.8372 13.7532 0.000124
0 632.9623 252.0480 14.0753 85.2912 0.000122
0 23.5483 5.9155 36.0003 11.8311 0.000108
0 160.6334 3.8488 37.4666 7.5994 0.000106
