0 166.0440 217.4275 12.7290 19.0807 0.829671
0 180.2738 220.7115 14.4065 17.5007 0.777660
0 9.3767 428.3139 18.3933 16.1985 0.105655
0 81.9752 215.6029 12.0741 19.8404 0.088292
0 331.9485 3.9030 19.1141 7.8060 0.004369
0 339.1732 3.7503 17.0630 7.5006 0.002936
0 2.4250 57.9549 4.8499 27.7033 0.002078
0 325.9166 7.0823 26.5109 13.9853 0.001582
0 324.9686 17.8299 26.5569 35.0968 0.000622
0 75.5103 215.9687 18.5191 20.9970 0.000556
0 339.6788 7.2104 18.6499 14.4207 0.000454
0 9.2664 420.3299 18.5159 31.5375 0.000453
0 22.9603 8.1719 19.9094 16.3291 0.000414
0 362.9866 149.9240 14.0543 20.0428 0.000394
0 635.9758 60.5428 8.0484 26.2631 0.000377
0 80.6303 222.6589 14.0193 32.6974 0.000313
0 347.0365 4.2814 29.0100 8.5628 0.000238
0 526.4818 65.6565 17.2646 26.4490 0.000148
0 242.5462 218.9604 11.0323 12.7847 0.000139
0 34.0904 7.9704 28.8637 15.8742 0.000134
0 165.8319 228.2126 14.1199 40.5693 0.000127
