0 446.4539 18.4623 18.0344 20.4528 0.782149
0 231.7717 509.3846 23.8436 5.2308 0.004995
0 5.6221 6.1145 11.2443 12.2290 0.002445
0 4.9299 11.3840 9.8597 22.7681 0.001844
0 405.6050 455.5099 31.5059 28.4273 0.001255
0 605.8564 5.9698 30.2319 11.8979 0.000821
0 244.3849 508.7611 31.6307 6.4777 0.000522
0 9.6246 11.7727 19.2493 23.5454 0.000494
0 3.9189 344.8440 7.8379 54.2772 0.000420
0 612.8319 11.2822 24.6550 22.5644 0.000358
0 159.5717 131.4580 30.2513 43.0205 0.000354
0 228.2615 503.3661 26.6261 17.2678 0.000259
0 221.3452 508.6417 32.6104 6.7167 0.000253
0 212.8506 238.6166 30.1898 59.5835 0.000235
0 230.5730 4.6996 24.0338 9.3992 0.000228
0 4.2407 20.9086 8.4316 41.8171 0.000201
0 553.7058 3.9908 20.5325 7.9816 0.000187
0 3.9623 372.7445 7.9246 75.2878 0.000182
0 212.2643 261.0471 34.5255 46.1827 0.000159
0 409.5771 436.1372 39.9303 66.5092 0.000157
0 437.2343 21.1701 25.2805 19.5927 0.000148
0 9.3971 392.0481 18.7942 86.1093 0.000129
0 453.5284 11.7814 23.2605 23.5628 0.000118
0 361.1716 508.3877 24.7222 7.2246 0.000112
