0 413.8708 135.4508 12.6046 22.2448 0.839136
0 3.7665 476.0107 7.5330 56.5093 0.002479
0 7.8451 484.1487 15.6903 55.7025 0.001450
0 4.6885 454.7102 9.2990 58.7043 0.000551
0 18.2104 484.9961 36.3226 53.9209 0.000355
0 632.1840 490.8607 15.6320 42.2786 0.000244
0 9.5882 464.8535 19.1308 55.3329 0.000239
0 141.8681 4.8865 34.5873 9.7731 0.000197
0 2.8943 302.2065 5.7885 48.5579 0.000189
0 356.2333 4.4325 39.6382 8.8650 0.000168
0 4.4169 431.5115 8.8337 78.9626 0.000126
0 212.7105 377.2870 36.5354 49.4730 0.000124
0 274.1884 508.9666 19.0482 6.0668 0.000109
