0 400.5845 141.3223 14.2738 14.0181 0.751341
0 3.7968 472.5009 7.5935 50.4858 0.005960
0 7.8276 477.9989 15.6551 57.0312 0.000733
0 4.5167 454.5951 9.0072 61.6893 0.000713
0 395.9362 143.9423 20.9651 16.9568 0.000611
0 355.5901 4.8487 44.5704 9.6974 0.000402
0 2.8882 303.2666 5.7765 50.2182 0.000374
0 147.0625 9.6054 35.2927 19.2108 0.000217
0 342.0120 4.1386 39.6489 8.2771 0.000204
0 4.3064 431.5817 8.6128 74.9596 0.000155
0 405.8936 143.2861 20.3022 16.1544 0.000138
0 19.4032 483.7689 38.6248 55.8704 0.000128
0 9.4617 448.3160 18.5680 57.4492 0.000109
