0 401.1008 314.6219 32.7444 80.5803 0.899297
0 243.9201 162.4623 26.5458 67.0578 0.890864
0 265.6892 268.1341 48.6274 72.1554 0.884538
0 568.4930 428.1556 23.9668 39.7562 0.153199
0 105.3357 508.2832 23.8458 7.4336 0.004418
0 180.0727 508.1791 16.9092 7.6417 0.003325
0 8.7607 225.9970 17.1757 30.8606 0.002535
0 171.1781 508.2700 28.5568 7.4600 0.001063
0 106.4460 270.5195 17.9824 38.9070 0.000884
0 625.4363 506.4166 20.3043 10.9733 0.000793
0 636.7496 495.8860 6.5007 30.1445 0.000646
0 618.1790 506.6265 21.6433 10.7469 0.000590
0 636.7847 423.9464 6.4305 30.4153 0.000547
0 114.4851 265.3592 21.6987 44.9435 0.000523
0 88.8261 284.0963 22.7128 60.5405 0.000469
0 95.6106 277.8334 28.3380 49.6039 0.000443
0 188.1162 508.2535 27.7213 7.4930 0.000410
0 636.8469 483.2322 6.3061 42.0046 0.000341
0 120.9639 238.5800 24.2640 46.1447 0.000317
0 106.3668 501.4417 24.7467 21.1166 0.000317
0 613.6571 504.0016 20.8662 15.9968 0.000299
0 560.9220 432.8092 18.8054 42.9072 0.000283
0 558.0303 451.5629 15.4827 22.9818 0.000251
0 628.9431 502.7791 18.1793 17.6101 0.000210
0 115.2032 508.0168 37.8402 7.9664 0.000205
0 586.3165 418.4177 10.9623 19.2305 0.000196
0 630.7971 14.9564 18.4058 29.9129 0.000193
0 469.5135 252.5657 18.0651 25.4457 0.000188
0 607.8226 506.4921 24.9146 11.0157 0.000180
0 579.3999 428.2357 23.9561 37.4603 0.000179
0 176.4268 504.8717 21.5984 14.2566 0.000179
0 221.9788 509.0590 19.3293 5.8821 0.000173
0 588.1239 414.8173 9.7292 13.3242 0.000169
0 636.2094 136.4795 7.5812 56.7184 0.000169
0 476.2590 257.0815 17.1526 28.4543 0.000163
0 635.6793 463.5478 8.5940 29.7932 0.000162
0 636.3237 259.3895 7.3527 28.4855 0.000142
0 93.4421 506.4006 35.3652 11.1988 0.000122
0 636.6703 399.7581 6.6594 44.3374 0.000116
0 596.7899 507.7801 20.7887 8.4398 0.000103
0 189.1661 232.1760 17.5845 43.6894 0.000102
