0 466.0148 212.2640 18.4800 47.2513 0.831854
0 300.1051 203.7469 15.8043 44.6077 0.828134
0 315.3718 198.8332 22.7643 56.7606 0.826788
0 621.3336 234.9342 13.2325 50.8258 0.004561
0 443.1811 220.7892 9.6738 31.5833 0.001978
0 38.6576 5.5758 29.3453 11.1517 0.001805
0 98.2248 172.6357 12.6797 62.0924 0.001175
0 196.4730 196.3502 10.8160 39.0340 0.000665
0 581.8038 16.9873 32.8490 33.9681 0.000499
0 2.8848 176.3122 5.6901 50.8693 0.000282
0 39.0039 12.0002 31.6866 23.9649 0.000194
0 628.4291 235.1592 22.0695 54.2585 0.000180
0 26.2655 7.1687 49.6566 14.3374 0.000168
0 447.5147 209.3832 20.1910 54.5740 0.000161
