0 348.9196 128.8500 23.8282 57.8049 0.846564
0 381.9893 142.8671 20.3811 66.8929 0.842200
0 468.7604 32.1846 22.7021 28.0173 0.050404
0 298.5168 9.0607 44.7483 18.0639 0.007693
0 310.9368 121.8839 21.0605 52.5707 0.007675
0 7.4798 101.4213 14.9253 61.5297 0.003139
0 330.2527 125.4506 20.5359 52.5235 0.003105
0 25.6763 58.4190 26.7834 90.2986 0.003019
0 284.3416 8.8378 26.6690 17.5615 0.001469
0 268.2582 75.1892 40.1370 71.6935 0.001318
0 7.9486 79.5340 15.8972 51.8348 0.001268
0 566.0244 179.4547 27.8213 56.2518 0.000977
0 446.0556 3.9681 22.0692 7.9363 0.000586
0 637.0989 198.8554 5.8021 67.0894 0.000552
0 546.2181 42.9581 27.0166 36.4878 0.000547
0 576.1038 5.9161 45.4049 11.7588 0.000524
0 308.4664 6.5133 49.0463 13.0266 0.000482
0 15.7023 59.7774 29.9296 88.1747 0.000470
0 594.1495 148.3138 36.8101 83.2940 0.000360
0 269.1526 7.8021 31.2786 15.6042 0.000296
0 4.2562 115.4743 8.5124 63.1113 0.000243
0 563.0461 4.6591 38.0891 9.2583 0.000205
0 321.0572 117.9047 30.1931 46.1104 0.000197
0 523.6010 507.8160 45.9136 8.3680 0.000185
0 589.1479 174.7810 17.7590 36.2759 0.000172
0 412.7747 4.5371 21.1182 9.0607 0.000168
0 3.2822 134.2905 6.5643 83.0278 0.000167
0 65.8292 88.7291 14.8504 18.7908 0.000157
0 462.4372 10.3976 31.4985 20.7951 0.000151
0 432.9100 5.2598 30.4116 10.3217 0.000136
0 211.3698 3.6397 24.7460 7.2794 0.000131
0 7.6379 54.4667 15.0630 84.9166 0.000121
0 4.7860 9.9535 9.5720 19.9069 0.000109
0 2.7239 155.1232 5.4479 68.6346 0.000106
0 423.3109 5.7619 32.8910 11.2069 0.000103
