0 325.5922 214.4060 26.2460 49.5054 0.873678
0 420.3809 317.1333 29.5808 37.3019 0.872358
0 6.7639 506.8701 13.5278 10.2598 0.044925
0 13.6087 507.8219 26.4763 8.3561 0.003939
0 154.7520 6.0085 19.6359 12.0169 0.001214
0 2.3675 285.3926 4.7350 28.0056 0.000950
0 3.0229 49.5126 6.0458 28.6752 0.000854
0 24.4013 508.7491 24.2246 6.5019 0.000606
0 3.2235 59.5650 6.4470 19.0026 0.000557
0 2.6672 274.3509 5.2750 44.2908 0.000294
0 216.0557 503.2789 19.5168 17.4421 0.000273
0 168.9509 5.4733 26.4792 10.9466 0.000219
0 6.7879 495.2640 13.5758 33.4720 0.000210
0 2.3791 392.1499 4.7581 35.7282 0.000190
0 259.1814 508.0207 22.5518 7.9586 0.000144
0 2.9144 297.3385 5.8288 49.9237 0.000133
0 144.7140 6.2276 24.7254 12.2296 0.000126
0 265.0165 4.1309 20.7685 8.2297 0.000114
0 3.8105 36.8230 7.4924 50.6870 0.000111
0 4.1216 68.9981 8.2319 40.0653 0.000102
