0 469.2385 230.7502 36.7819 33.7390 0.893820
0 5.4787 144.7931 10.9574 85.6205 0.062167
0 18.6025 148.1319 36.2590 85.4740 0.043307
0 629.2112 244.2911 21.0935 20.9978 0.034270
0 430.8344 5.8423 20.1698 11.6847 0.012339
0 320.2943 4.2441 34.2656 8.4881 0.006241
0 629.4060 253.5099 21.0876 42.2367 0.004806
0 438.1038 8.1405 31.8835 16.1643 0.003404
0 429.3289 10.2333 21.1995 20.4666 0.003201
0 222.0671 7.8565 37.3118 15.7131 0.003165
0 212.0050 10.9187 36.7100 21.8374 0.002500
0 304.1636 4.0475 46.5786 8.0950 0.002239
0 631.6078 234.4969 16.7844 37.0384 0.001624
0 221.3741 15.8752 40.4323 31.7503 0.001362
0 109.9534 9.6744 32.3719 19.3488 0.001232
0 177.9660 9.8290 42.7090 19.6580 0.000925
0 4.7019 426.3607 9.4004 45.6125 0.000920
0 199.4379 12.0441 45.2223 24.0883 0.000792
0 421.2951 4.9649 35.0576 9.9299 0.000739
0 210.2477 29.7481 37.3565 58.5421 0.000567
0 10.6640 171.0733 21.3025 108.6252 0.000538
0 636.9059 320.9868 6.1881 27.8042 0.000466
0 235.2096 7.5398 41.4576 15.0796 0.000433
0 635.5083 104.6332 8.9834 54.9774 0.000374
0 9.8326 268.4987 19.6652 56.3597 0.000367
0 375.6499 3.7431 35.0939 7.4861 0.000335
0 635.6117 505.4429 8.7766 13.1143 0.000313
0 636.8326 300.7175 6.3348 56.7707 0.000310
0 172.6367 509.2084 37.2490 5.5832 0.000249
0 169.9578 5.9191 38.6660 11.8381 0.000219
0 222.4417 223.3152 13.7614 22.8425 0.000213
0 633.4734 266.1992 13.0533 58.0034 0.000211
0 636.1487 278.7134 7.7027 48.6115 0.000204
0 7.6414 286.7952 15.2828 35.5369 0.000174
0 366.1187 4.0211 21.3213 8.0301 0.000171
0 18.3026 199.8855 36.5327 169.8271 0.000164
0 310.9558 7.6659 45.5262 15.3318 0.000163
0 8.8283 116.8557 17.6180 145.8729 0.000161
0 634.6328 121.2192 10.7344 53.2649 0.000148
0 284.3192 6.7521 34.9785 13.5042 0.000140
0 390.6572 3.9476 28.4996 7.8953 0.000138
0 445.6508 11.9993 32.4225 21.7012 0.000131
0 406.6777 4.5339 40.0837 9.0679 0.000123
0 630.3035 506.6197 19.3929 10.7606 0.000122
0 634.7088 222.4730 10.5824 53.4166 0.000114
0 324.0726 7.1095 37.0767 14.2191 0.000110
