0 282.2051 291.4929 13.0688 28.7376 0.825506
0 256.8240 259.9006 10.3906 19.8242 0.752562
0 582.0922 6.7020 20.5281 13.4041 0.004446
0 338.7931 238.3212 11.1912 14.2747 0.001711
0 4.9853 416.9674 9.9707 38.2028 0.001239
0 309.9272 260.4460 12.7151 15.8463 0.000989
0 276.2131 292.1177 21.1923 28.1491 0.000720
0 578.2452 9.7671 21.1848 19.5343 0.000579
0 586.4476 9.5420 28.1434 19.0841 0.000348
0 206.8975 242.7750 16.6686 28.1185 0.000329
0 257.4734 247.7931 12.8900 42.5366 0.000275
0 433.6720 3.4833 21.4792 6.9665 0.000270
0 402.5009 508.2029 21.3931 7.4251 0.000258
0 312.3718 263.7290 13.8096 20.7864 0.000257
0 165.2343 308.3347 11.6642 13.1189 0.000210
0 625.9655 257.3185 27.6619 34.7438 0.000201
0 400.4618 498.3649 21.6459 23.4420 0.000199
0 261.8772 259.8707 17.7502 20.1764 0.000187
0 636.1041 103.0808 7.7917 53.4971 0.000183
0 4.1248 316.8361 8.1751 22.3943 0.000125
0 303.6340 183.3907 12.2421 21.6549 0.000119
0 4.0285 329.2757 8.0569 40.5323 0.000118
0 7.4982 425.0305 14.3811 49.2612 0.000115
0 208.6182 236.6743 13.3608 19.7358 0.000113
0 358.6197 508.2246 22.8350 7.5508 0.000112
0 344.7484 241.0378 22.6012 19.7680 0.000102
0 633.9059 83.1088 12.1883 82.4861 0.000102
