0 315.3298 295.8150 26.8947 78.5247 0.883622
0 432.8840 276.5470 10.9166 58.4951 0.792658
0 517.8313 258.0436 21.3195 61.9058 0.171943
0 482.7936 290.3369 15.4617 10.0331 0.045303
0 3.3605 371.4056 6.6971 62.9237 0.003121
0 475.3786 286.9893 26.0900 17.1154 0.001840
0 4.0077 389.5997 8.0154 120.3865 0.000767
0 11.9565 371.5546 22.9367 61.2195 0.000733
0 474.7109 278.5438 26.0972 34.3522 0.000685
0 11.4155 395.6375 22.8276 140.8424 0.000304
0 173.2939 324.7611 6.3808 13.5948 0.000164
0 380.1697 304.5468 8.8738 13.4758 0.000140
0 636.4749 251.5349 7.0503 50.5673 0.000119
0 462.8621 274.5956 7.9703 44.1173 0.000107
