0 117.2190 291.2222 33.0710 69.9125 0.900283
0 392.5012 312.3352 30.8754 81.5992 0.880985
0 234.6849 160.6857 20.8297 67.5044 0.879363
0 240.0886 289.6270 29.1857 72.7923 0.877718
0 559.8759 426.8385 21.9915 38.5625 0.452361
0 567.8328 424.5142 14.1722 32.1930 0.013066
0 611.1154 506.2888 20.7345 11.4224 0.005795
0 573.3334 415.7967 8.8971 16.5303 0.004614
0 623.6066 506.3222 24.2964 11.3321 0.001930
0 114.6573 234.8969 25.4908 43.5486 0.001806
0 93.4323 506.0374 23.9421 11.9251 0.001425
0 576.6213 413.9158 10.3408 14.1876 0.001387
0 635.6723 503.7137 8.6554 16.5726 0.000921
0 636.9985 227.1465 6.0031 48.1927 0.000743
0 4.5177 436.4954 9.0354 48.0115 0.000454
0 2.6868 282.1674 5.3735 47.5709 0.000434
0 637.1067 475.7569 5.7866 34.0554 0.000407
0 602.8909 506.5384 27.1929 10.8604 0.000401
0 553.7302 433.3792 21.3826 47.5771 0.000371
0 84.7249 506.4178 29.6026 11.1644 0.000357
0 2.9588 358.4506 5.9177 51.2258 0.000348
0 636.8275 487.9547 6.3451 38.1298 0.000310
0 81.8263 287.7270 19.8022 53.3143 0.000231
0 550.3464 449.5934 17.3025 25.4111 0.000226
0 3.1577 297.8550 6.3154 47.6219 0.000207
0 4.6676 331.1538 9.3150 37.7623 0.000202
0 477.9116 200.0381 15.0176 25.1116 0.000177
0 634.7281 433.2456 10.0610 23.7507 0.000175
0 93.5523 498.5784 24.0478 25.9505 0.000168
0 159.5732 4.9425 30.4927 9.8851 0.000162
0 4.2936 223.0619 8.5572 32.2167 0.000143
0 581.8893 508.3340 19.4091 7.2970 0.000141
0 626.6509 19.4064 26.6982 38.7710 0.000132
0 2.8885 172.7846 5.7770 41.7833 0.000114
0 166.6742 508.2892 18.6054 7.4216 0.000111
0 636.7455 465.0933 6.5090 24.7556 0.000109
0 2.7795 195.2211 5.5590 44.0148 0.000105
0 106.0447 507.9607 39.9273 8.0786 0.000104
0 470.2384 258.4099 18.7952 32.2153 0.000103
0 207.3281 508.0851 20.4493 7.8297 0.000103
0 590.0599 507.8630 22.1283 8.1343 0.000103
