0 371.8359 277.1663 11.0441 75.4730 0.765240
0 340.2742 268.6999 11.6774 36.1287 0.032063
0 362.2016 279.3830 22.2939 72.1584 0.000995
0 617.3962 267.3619 11.2771 47.8823 0.000851
0 372.8190 297.2818 11.6453 39.2096 0.000758
0 339.0479 257.4737 13.0464 51.9210 0.000496
0 389.9641 248.9773 9.3018 31.1766 0.000388
0 569.7556 286.4081 19.8726 29.3466 0.000300
0 163.6919 219.1999 8.6357 71.4332 0.000286
0 342.8583 276.6010 12.0017 55.4847 0.000263
0 637.6281 277.3850 4.7440 52.6965 0.000256
0 636.4442 218.0493 7.1116 77.6229 0.000128
0 164.0592 247.3030 10.1108 67.6923 0.000121
0 637.5530 303.1639 4.8940 63.9877 0.000104
