0 443.2892 361.4653 22.5021 132.9562 0.849248
0 284.5306 322.0933 15.4810 82.8906 0.786389
0 113.9553 231.5015 12.2268 37.4769 0.008004
0 635.1682 345.4593 9.6637 69.8638 0.007552
0 5.4662 212.3869 10.9325 35.8127 0.005941
0 116.1994 278.5867 13.0402 74.4706 0.001335
0 298.6152 324.5180 6.0999 81.7341 0.000749
0 318.2084 323.3202 6.4830 71.6382 0.000680
0 5.4346 230.3840 10.8692 71.8246 0.000647
0 115.9783 258.8831 12.4582 41.4923 0.000546
0 440.8896 317.5966 16.1069 44.3791 0.000264
0 528.6516 334.1173 8.9497 30.9926 0.000241
0 3.0207 345.7876 6.0413 116.2632 0.000231
0 4.1439 199.6764 8.2878 60.3023 0.000167
0 634.8260 315.5710 10.1853 36.3022 0.000160
0 122.0767 282.9365 23.8900 101.6273 0.000131
0 633.9169 259.9026 12.1663 95.9056 0.000114
