0 125.5921 111.2601 35.8803 27.3980 0.837973
0 256.2210 181.6461 23.1688 35.9934 0.001609
0 3.4777 110.4917 6.9555 39.5151 0.001010
0 3.6870 93.0650 7.3740 69.9975 0.000471
0 259.7201 507.1740 39.1755 9.6520 0.000388
0 350.7508 507.9397 29.4064 8.1205 0.000319
0 2.9278 425.8460 5.8556 56.0153 0.000278
0 244.3492 507.9407 42.4420 8.1186 0.000268
0 215.7777 508.6110 26.2147 6.7780 0.000238
0 406.6846 508.2066 23.0667 7.5869 0.000236
0 45.4924 4.9288 32.6778 9.8576 0.000229
0 3.5234 127.7787 7.0467 63.8418 0.000186
0 119.5087 507.9253 33.1538 8.1494 0.000179
0 635.2046 444.2716 9.5908 44.1622 0.000155
0 2.9303 449.3990 5.8605 66.5776 0.000149
0 89.1638 508.0484 31.8101 7.9032 0.000146
0 396.1967 508.2456 33.2122 7.5088 0.000140
0 499.3159 509.0278 26.6798 5.9445 0.000134
0 4.0217 183.4230 8.0422 50.6144 0.000130
0 5.0911 502.2396 10.1822 19.5209 0.000128
0 72.7902 508.0845 35.9378 7.8310 0.000127
0 274.5186 508.4005 37.6230 7.1387 0.000122
0 3.9340 493.3604 7.8681 36.3334 0.000111
0 206.3078 508.4787 24.7426 7.0427 0.000103
0 488.5666 508.7205 27.6039 6.5591 0.000102
