0 563.8744 188.5086 15.5267 26.4608 0.581460
0 561.2378 181.9710 19.0581 29.2985 0.008831
0 569.4617 179.1447 16.0785 26.1871 0.007120
0 2.9856 106.7839 5.9712 41.0618 0.002884
0 539.3274 182.0248 11.4103 28.3941 0.002648
0 576.6569 184.6444 15.3448 22.6872 0.002477
0 633.1818 200.5916 13.6365 45.2369 0.002309
0 238.5149 7.6991 19.5836 15.3982 0.002149
0 2.6099 92.1726 5.2199 50.7471 0.001255
0 629.7308 508.0716 20.5384 7.8568 0.001065
0 571.1271 3.8750 25.6387 7.7500 0.000980
0 302.5074 23.4679 21.0396 46.9060 0.000861
0 535.7283 179.1706 15.1172 31.2163 0.000860
0 432.2924 188.6217 20.1515 32.9105 0.000609
0 7.6829 505.2697 15.2393 13.4606 0.000544
0 4.1364 119.7383 8.2728 43.8965 0.000527
0 298.2820 12.0300 29.3782 24.0600 0.000501
0 578.2313 174.9892 15.8047 30.6130 0.000440
0 556.4609 187.5295 24.6661 31.7590 0.000408
0 3.7251 481.7283 7.4502 38.1971 0.000399
0 4.5191 493.3247 9.0292 34.3766 0.000377
0 442.3221 508.0285 34.2109 7.9431 0.000368
0 564.9062 170.9008 17.5884 40.4282 0.000336
0 4.4857 7.2815 8.9715 14.5629 0.000282
0 14.1688 506.6066 24.9270 10.7867 0.000275
0 625.2960 172.6834 28.9062 66.0266 0.000274
0 254.8879 507.6560 31.0888 8.6880 0.000268
0 411.8127 508.6169 21.8213 6.7663 0.000258
0 619.4224 508.3023 34.4502 7.3954 0.000257
0 2.7211 69.9399 5.4423 53.9750 0.000257
0 344.2037 508.6720 26.0459 6.6560 0.000253
0 310.2200 28.7482 20.8809 57.3730 0.000252
0 429.6075 508.5101 38.5569 6.9799 0.000251
0 230.7662 10.2487 33.8531 20.4973 0.000250
0 452.3899 506.3315 34.1254 11.3370 0.000247
0 218.6740 508.4831 36.9295 7.0338 0.000238
0 571.0419 9.3681 26.8245 18.7350 0.000230
0 140.4456 507.7552 37.9457 8.4897 0.000227
0 3.4043 16.2729 6.8085 32.5457 0.000210
0 630.5695 501.5001 18.8610 20.9838 0.000205
0 418.8245 194.7317 23.6712 26.3994 0.000204
0 572.5164 169.4888 16.2526 38.3320 0.000201
0 222.1628 7.2830 36.8244 14.5660 0.000193
0 305.9575 508.6677 26.3545 6.6647 0.000168
0 3.2295 466.5650 6.3337 44.4656 0.000165
0 163.1997 507.8096 38.6631 8.3807 0.000155
0 2.7319 40.3836 5.4638 53.5901 0.000151
0 634.9405 11.1062 10.1190 22.2125 0.000148
0 558.3580 170.2863 17.0569 41.8903 0.000145
0 263.6726 508.3693 32.2819 7.2614 0.000144
0 310.2939 11.6893 21.9514 23.2416 0.000144
0 3.3432 411.7303 6.6221 53.6276 0.000143
0 301.5521 59.3422 20.8409 38.2255 0.000143
0 429.2439 197.8038 16.5336 42.2607 0.000137
0 2.8733 185.2364 5.5948 28.4818 0.000134
0 307.0038 35.3133 10.4548 49.0044 0.000132
0 503.1361 507.9146 28.8282 8.1708 0.000129
0 38.0843 508.4417 31.9695 7.1167 0.000123
0 550.4955 178.5645 17.6351 31.1156 0.000121
0 357.4268 508.7389 40.1639 6.5222 0.000119
0 377.0349 508.8410 30.3920 6.3179 0.000118
0 236.1759 19.9703 25.7468 39.8349 0.000117
0 580.8513 4.5162 33.0503 9.0324 0.000116
0 350.0982 3.9200 25.8458 7.8400 0.000116
0 636.2974 329.4125 7.4053 37.7662 0.000112
0 3.0895 444.0930 6.0184 51.7945 0.000111
0 304.9196 50.3935 13.2596 28.2333 0.000110
0 69.1033 186.6429 31.7026 31.6808 0.000107
0 292.3762 4.6740 40.0270 9.3480 0.000106
0 10.0857 4.3312 19.7229 8.6623 0.000103
0 295.9696 508.4125 29.3961 7.1750 0.000102
