0 194.7229 323.4513 41.7161 108.9445 0.900576
0 346.1211 341.9303 30.6237 147.6791 0.851486
0 10.7278 317.4176 21.4557 49.2114 0.011272
0 9.5444 338.0040 19.0738 95.0983 0.001334
0 635.5786 344.2982 8.8428 124.5419 0.000821
0 635.8061 387.7740 8.3878 89.3636 0.000558
0 633.0645 373.0025 13.8635 108.1050 0.000412
0 4.7374 298.5459 9.4749 59.0198 0.000338
0 4.1649 337.8962 8.3298 109.2886 0.000198
0 637.0430 320.7955 5.9141 75.5641 0.000173
0 349.5663 290.1381 23.3365 38.4832 0.000148
0 58.0854 308.3438 40.3279 49.1758 0.000103
