0 403.1013 260.9225 34.2249 108.3512 0.908591
0 634.9531 267.2768 10.0939 62.1003 0.027506
0 635.5849 289.8155 8.8302 116.9952 0.003544
0 2.5131 308.7567 5.0263 163.2467 0.002337
0 631.5532 283.7054 16.8937 84.1951 0.002056
0 625.9452 270.9671 28.1097 60.9718 0.001046
0 4.6724 29.1744 9.3448 58.3489 0.000508
0 635.9278 227.7685 8.1444 132.6754 0.000498
0 2.8936 402.5527 5.7873 210.3160 0.000450
0 632.0791 253.9852 15.8419 81.3316 0.000414
0 396.4851 11.7471 36.9796 23.4943 0.000242
0 7.4544 324.7453 14.8195 196.1665 0.000181
0 22.6765 30.4451 45.3529 60.8903 0.000170
0 11.3334 29.4093 22.6668 58.8186 0.000162
0 631.2873 475.0221 17.3748 26.4579 0.000123
0 241.5784 264.9785 21.2807 47.7849 0.000121
