0 230.0972 150.3177 20.1994 54.3762 0.871824
0 240.5690 297.3893 31.9506 65.4989 0.847000
0 117.9599 249.5702 25.8083 73.6837 0.819422
0 562.3260 424.9454 23.2186 41.3478 0.688190
0 622.8208 505.5900 24.7440 12.8200 0.002644
0 2.6504 282.3987 5.3008 42.6808 0.001544
0 479.8235 198.8638 14.4991 24.8013 0.001502
0 615.7956 504.2383 26.7120 15.5234 0.001442
0 399.7661 294.4364 22.7061 50.7082 0.001324
0 635.4498 503.1765 9.1003 17.6469 0.000890
0 293.6605 265.3684 18.4110 31.8588 0.000758
0 570.6076 424.6508 24.3187 38.4106 0.000754
0 3.3627 356.3252 6.7255 50.4060 0.000715
0 96.2700 507.6481 23.2697 8.7039 0.000619
0 576.2048 417.6981 14.1863 24.6913 0.000551
0 557.6945 437.0418 20.3804 41.7819 0.000464
0 579.0785 412.8702 9.9413 16.7476 0.000461
0 636.6103 497.7411 6.7794 26.6248 0.000458
0 244.2419 310.5427 22.8760 39.2999 0.000453
0 215.4930 508.2086 21.4466 7.5828 0.000427
0 4.9572 329.1262 9.7333 43.6390 0.000426
0 3.5521 296.2181 7.1043 59.1469 0.000409
0 601.2800 506.5355 28.6039 10.6658 0.000303
0 637.2858 234.6945 5.4285 53.4484 0.000288
0 585.7010 342.7211 11.7574 25.3173 0.000266
0 636.8948 482.6683 6.2104 38.7993 0.000260
0 2.7547 257.6354 5.5074 51.9434 0.000245
0 627.8859 15.8815 24.1412 31.6745 0.000244
0 591.3408 507.8121 25.3059 8.2548 0.000178
0 636.7053 256.9560 6.5894 46.5540 0.000173
0 118.4461 267.8464 25.9289 37.7933 0.000170
0 3.9837 431.7779 7.9674 49.3394 0.000167
0 583.3363 508.2418 23.7046 7.5165 0.000149
0 636.7808 469.8721 6.4384 32.2720 0.000141
0 475.8641 259.2024 15.3956 31.4164 0.000140
0 419.0106 3.4957 21.5264 6.9914 0.000137
0 551.4012 444.5118 17.4618 28.9619 0.000114
0 420.8720 222.3101 13.0785 30.4424 0.000111
0 5.9829 506.5865 11.9658 10.8270 0.000110
0 172.6664 508.0619 16.7760 7.8762 0.000102
