0 231.8876 340.2181 48.4641 163.5604 0.898912
0 352.8444 304.6776 58.3490 124.6282 0.895932
0 331.6599 277.6508 32.2806 94.2184 0.879399
0 160.8866 334.0556 25.2415 153.4002 0.853787
0 622.9192 393.9230 34.1616 96.0325 0.003599
0 3.1594 233.2226 6.3187 95.1195 0.002252
0 4.0991 281.5517 8.1981 143.1734 0.000811
0 362.4675 274.4045 36.7517 45.6618 0.000701
0 148.3981 334.8956 48.5624 154.9083 0.000416
0 636.2004 356.8053 7.5760 72.6606 0.000348
0 2.6624 208.3735 5.3248 82.7075 0.000332
0 636.5503 239.6674 6.8994 63.4108 0.000186
0 625.2826 360.5566 29.2183 68.5271 0.000174
0 635.9070 213.6493 8.1860 107.0370 0.000137
0 635.8910 320.9145 8.2180 130.3015 0.000113
