0 385.5055 315.7665 27.2410 96.7544 0.879417
0 324.4474 336.1265 32.8883 118.7870 0.871568
0 359.2327 333.7524 48.5446 110.9240 0.801042
0 378.1862 343.3469 12.5779 91.0256 0.356498
0 372.9489 337.7942 23.3502 103.3833 0.065539
0 338.4044 318.4267 12.0499 77.1691 0.001929
0 634.1963 320.6125 11.6075 159.6234 0.001105
0 636.8672 273.9684 6.2655 59.1470 0.001038
0 3.9241 332.6656 7.8482 118.0096 0.000917
0 325.2556 299.8673 30.0655 51.9949 0.000557
0 635.5802 230.0172 8.8395 130.9971 0.000469
0 5.1444 290.5685 10.2887 174.1588 0.000455
0 635.1271 363.0858 9.7458 76.4583 0.000440
0 3.7263 223.4417 7.4526 59.5961 0.000336
0 5.9219 490.8329 11.8438 42.3342 0.000329
0 381.0908 404.1425 14.8965 76.0535 0.000267
0 3.3381 248.8419 6.6762 86.9888 0.000249
0 333.6987 302.7947 17.9038 58.3641 0.000247
0 546.9088 7.0497 33.9001 14.0995 0.000247
0 604.8130 38.2539 18.9387 42.0656 0.000196
0 16.1399 393.9151 32.0690 226.1321 0.000172
0 382.9916 337.0835 17.6287 114.0359 0.000152
0 634.0456 193.9696 11.9088 89.2242 0.000149
0 10.2082 339.7596 20.2884 130.6219 0.000134
0 347.3588 319.8668 28.6953 82.6858 0.000134
0 3.0152 76.8464 6.0304 46.5982 0.000108
