0 323.9146 334.7644 35.2336 122.5384 0.889619
0 384.9606 310.8494 28.3058 95.8966 0.819582
0 376.4573 338.0460 12.7706 109.7172 0.707064
0 356.0552 334.9573 51.5945 115.2496 0.125744
0 5.7025 326.9567 11.4051 97.7732 0.081821
0 608.6230 41.1414 27.2589 49.7137 0.009028
0 373.0400 263.2601 7.9336 19.3369 0.005286
0 632.7500 339.4811 14.5000 110.8125 0.003892
0 3.7235 351.6325 7.4469 144.1602 0.001252
0 8.3507 348.7568 16.6192 141.1152 0.001198
0 634.6381 362.9869 10.7239 83.2825 0.000853
0 375.2296 298.6628 10.8431 74.7316 0.000749
0 636.8826 275.5382 6.2349 55.8719 0.000714
0 636.8019 308.2489 6.3963 135.0191 0.000572
0 636.4215 254.9456 7.1570 84.3317 0.000508
0 13.8014 329.6530 26.9821 101.1668 0.000288
0 6.2417 290.0226 12.4835 146.4425 0.000257
0 17.6067 398.8592 34.9873 224.5645 0.000232
0 2.8983 245.5671 5.7967 85.7135 0.000231
0 369.1608 264.5349 13.8643 23.8247 0.000223
0 630.5826 314.8164 18.6866 175.5915 0.000214
0 544.0090 6.0939 33.8220 12.1877 0.000178
0 6.0068 393.4146 12.0136 210.9165 0.000151
0 3.0180 214.4847 6.0360 72.9339 0.000133
0 368.5146 319.2865 24.6248 91.0294 0.000133
0 635.0120 231.2934 9.9760 115.8227 0.000126
0 358.4441 306.4214 39.7936 95.5225 0.000112
0 636.6117 39.8869 6.7767 56.3524 0.000112
0 377.0421 267.4741 14.0771 26.3550 0.000111
0 3.0711 96.6586 6.1422 52.1774 0.000109
0 54.7024 5.6178 30.4227 11.2356 0.000105
