0 331.0450 255.7325 25.9298 94.9372 0.863503
0 249.0905 227.3099 20.2739 90.9618 0.843844
0 375.9331 284.0225 22.6996 132.4103 0.832164
0 580.2596 220.3467 23.9441 70.1010 0.125633
0 637.0255 269.7031 5.9490 70.2715 0.006227
0 7.1764 149.3438 14.3527 77.6971 0.002473
0 636.2675 249.1011 7.4650 78.3667 0.002406
0 33.7562 5.0984 28.8671 10.1968 0.001666
0 4.1336 141.8417 8.2671 67.9791 0.001221
0 391.4571 282.6987 49.9429 134.5923 0.001148
0 526.5400 4.2277 15.2429 8.2894 0.000820
0 487.8613 4.7398 17.6273 9.4784 0.000647
0 3.3011 286.4306 6.6023 107.0735 0.000472
0 627.8010 243.9336 21.4436 74.9636 0.000297
0 520.1439 5.3657 24.6836 10.3870 0.000216
0 494.5950 5.2562 22.7390 10.1966 0.000199
0 636.6245 306.5667 6.7509 131.8466 0.000192
0 426.1913 3.8958 18.8518 7.7915 0.000190
0 12.9948 285.5889 25.9896 81.2612 0.000175
0 633.4445 497.7064 12.9915 28.5873 0.000155
0 373.0527 219.1415 9.7491 23.8740 0.000139
0 536.2230 4.0923 33.2593 8.1846 0.000125
0 157.2645 6.5406 15.4169 13.0813 0.000118
