0 335.6811 157.6824 30.4661 87.3773 0.856150
0 281.7285 190.5824 32.5684 96.6047 0.835045
0 364.2752 151.5179 25.8334 33.4803 0.055169
0 583.4951 507.8029 29.8855 8.3942 0.021382
0 400.2844 171.5081 25.7247 57.0190 0.008883
0 20.7335 42.2235 41.4670 82.4754 0.004803
0 580.5074 504.7834 35.0411 14.4332 0.002100
0 353.3061 107.2394 19.6117 42.3185 0.001625
0 636.1722 194.0496 7.6556 50.7817 0.001227
0 636.4372 214.0387 7.0808 71.8053 0.000709
0 635.8113 226.1755 8.3773 127.9727 0.000662
0 634.5553 181.0060 10.8893 74.1122 0.000622
0 567.9667 507.7359 48.2170 8.5282 0.000554
0 3.7393 170.0475 7.4786 96.0309 0.000533
0 122.7478 507.5270 35.1243 8.9460 0.000422
0 625.8457 230.0154 28.0208 127.6453 0.000327
0 593.3264 503.0448 44.1208 17.9105 0.000313
0 148.9572 504.0091 26.1927 15.9819 0.000241
0 137.7747 505.9872 33.8554 12.0257 0.000239
0 609.1296 507.9461 32.3038 8.1077 0.000233
0 3.9510 90.7149 7.9019 154.9231 0.000205
0 277.9724 161.5128 25.2605 36.8649 0.000186
0 62.6811 6.6038 42.1295 13.2077 0.000171
0 635.3964 504.5010 9.2073 14.9980 0.000154
0 49.2043 7.6141 39.5795 15.2282 0.000152
0 354.6665 128.6257 23.1599 77.3712 0.000137
0 634.6259 149.2316 10.7482 69.4070 0.000135
0 73.8269 5.1959 29.0125 10.3918 0.000128
0 621.7150 204.1379 24.8821 45.9941 0.000103
0 582.2468 499.3709 28.0470 24.6442 0.000100
