0 278.2912 190.9319 28.2916 94.1768 0.855133
0 340.4954 161.0152 28.7805 86.2879 0.831677
0 19.7612 45.4711 39.5224 80.6048 0.121769
0 353.3390 107.1929 24.5790 50.4734 0.014066
0 580.7222 507.4315 28.7671 9.1369 0.006228
0 634.3185 193.4633 11.3629 63.5599 0.002780
0 276.9634 156.9890 23.3594 26.2050 0.001475
0 398.7371 172.1548 24.9006 56.2407 0.001349
0 566.8788 507.3518 43.4387 9.2964 0.000880
0 633.3608 167.9105 13.2783 114.8782 0.000820
0 3.9155 88.7389 7.8311 160.9104 0.000635
0 4.9382 308.8973 9.8765 29.0342 0.000567
0 574.5790 504.3453 38.5874 15.3093 0.000513
0 52.3637 7.3599 38.9746 14.7197 0.000505
0 64.3866 6.4732 38.8826 12.9463 0.000493
0 634.2286 226.8656 11.5427 128.7064 0.000421
0 5.2771 296.3983 10.5541 43.4443 0.000410
0 358.3420 144.1357 32.4263 45.3101 0.000401
0 593.8500 507.7021 42.3762 8.5957 0.000390
0 8.6740 40.2358 17.2691 79.8365 0.000361
0 619.8176 201.8176 18.3494 47.5895 0.000282
0 3.5581 166.9635 7.1162 106.3118 0.000277
0 354.9882 125.9999 27.1149 82.9744 0.000247
0 225.8492 8.7017 24.4341 17.3668 0.000243
0 152.4187 502.0972 33.3461 19.8057 0.000228
0 4.6376 323.8760 9.2595 47.5811 0.000217
0 636.9901 131.9061 6.0199 56.7395 0.000194
0 18.5427 84.9513 36.9904 155.4233 0.000187
0 586.7957 504.0250 35.4584 15.9500 0.000178
0 7.4622 75.4239 14.9245 135.8130 0.000176
0 3.3907 137.5502 6.7592 80.7888 0.000166
0 636.3360 103.0874 7.3280 75.7652 0.000136
0 632.8674 31.7665 14.2653 63.5329 0.000136
0 510.2247 505.1562 28.0710 13.6478 0.000131
0 275.8105 170.6867 24.0836 53.8748 0.000129
0 12.4150 291.4929 24.8300 55.9066 0.000110
