0 353.5417 158.5175 32.2332 95.5219 0.866519
0 280.8133 145.9507 39.1741 95.5986 0.863781
0 5.3270 56.7851 10.6539 74.7016 0.012984
0 14.5168 71.0046 25.9624 45.3749 0.004394
0 15.0625 92.3586 29.6694 84.2206 0.004296
0 567.9368 508.8162 26.4487 6.3676 0.003792
0 557.5570 507.9282 32.4036 8.1436 0.001553
0 48.7399 6.0017 39.5010 12.0035 0.000750
0 215.4389 11.8915 31.4835 23.7250 0.000516
0 8.4926 51.5508 16.9852 100.3215 0.000436
0 579.2673 507.5580 41.9106 8.8840 0.000398
0 631.9879 186.3159 16.0242 63.8196 0.000366
0 565.0922 504.1878 27.3890 15.6243 0.000357
0 35.5055 5.9811 39.7310 11.9622 0.000332
0 133.0568 503.5444 21.8795 16.9113 0.000299
0 3.3360 182.0096 6.6719 96.4848 0.000281
0 525.7002 507.6859 23.9008 8.6281 0.000271
0 274.6919 187.3253 32.3306 107.3876 0.000240
0 105.0965 508.1719 28.1165 7.6562 0.000223
0 541.0327 507.7767 37.0933 8.4466 0.000208
0 114.3249 507.5596 26.7254 8.7847 0.000161
0 16.7020 51.4553 31.7107 85.9826 0.000147
0 634.6254 223.0261 10.7493 149.7307 0.000141
0 3.5412 86.9141 6.9822 100.2245 0.000135
0 629.4749 507.5165 19.9176 8.9670 0.000125
0 633.4142 499.8197 13.0264 24.3606 0.000123
0 43.7322 500.6849 42.1901 22.6301 0.000110
0 97.2644 507.0242 31.7594 9.9515 0.000101
