0 276.0771 262.9225 34.2789 98.1440 0.881520
0 363.0533 271.2057 34.6718 109.4618 0.878556
0 6.0709 259.9343 12.1417 125.6270 0.167967
0 5.8255 235.6707 11.6202 63.4482 0.075397
0 630.3070 284.3332 19.3860 122.8459 0.002198
0 95.4988 2.9941 32.7007 5.9882 0.000646
0 6.2346 205.6656 12.4169 78.5728 0.000558
0 86.5270 2.7584 24.1321 5.5168 0.000481
0 11.6142 262.7766 22.1553 137.6754 0.000454
0 634.6342 271.4745 10.7317 124.6844 0.000320
0 299.8469 7.0177 20.9359 14.0287 0.000308
0 12.3181 363.0977 24.6363 166.9366 0.000272
0 15.3779 228.0244 21.5656 70.3468 0.000164
0 636.2235 312.7880 7.5530 134.0173 0.000139
0 635.3735 234.5615 9.2531 78.4826 0.000128
0 9.0168 123.4087 17.9415 63.3115 0.000112
