0 217.1098 226.6494 19.5555 48.7831 0.792603
0 3.1954 152.3069 6.3908 57.3261 0.000504
0 632.3495 496.2380 15.3009 31.5240 0.000369
0 619.9160 492.5773 40.1681 38.8454 0.000308
0 7.4948 248.4410 14.9896 58.3867 0.000263
0 13.3993 508.2621 24.5120 7.4759 0.000222
0 7.1340 267.2211 14.2147 30.0265 0.000220
0 8.5884 226.4551 17.1768 95.4736 0.000212
0 7.0772 506.4805 14.0241 10.9671 0.000212
0 635.0195 483.6281 9.9609 55.9643 0.000196
0 635.4560 414.7600 9.0880 89.2255 0.000193
0 636.1687 455.2979 7.6626 110.3453 0.000167
0 5.4353 179.4866 10.8707 115.2684 0.000143
0 214.0227 19.1905 22.5347 38.3810 0.000129
0 276.8904 508.6320 29.7650 6.7359 0.000128
0 635.9714 384.0508 8.0573 81.9851 0.000127
0 38.1443 508.0331 32.9398 7.9339 0.000122
0 11.1935 183.9663 22.3870 127.2010 0.000115
