0 418.7290 250.7013 18.8804 35.0641 0.848994
0 399.3982 245.7302 12.5814 43.5782 0.781616
0 282.6281 243.3561 13.4192 19.1275 0.098646
0 628.9875 261.1591 22.0250 124.6462 0.001587
0 283.1810 233.9671 15.0171 37.2665 0.001189
0 4.5358 274.5047 9.0716 81.6891 0.001152
0 6.8146 257.4961 13.6292 60.2215 0.000892
0 2.9794 195.0266 5.9587 85.6581 0.000374
0 259.0383 507.6615 36.4446 8.6771 0.000296
0 86.6647 260.2932 26.6324 92.2860 0.000280
0 3.6145 300.0587 7.2289 93.5593 0.000249
0 439.2342 238.9906 14.3064 41.9229 0.000232
0 4.5734 208.8458 9.1468 127.5416 0.000220
0 629.3361 237.0272 21.3226 60.1594 0.000212
0 7.4390 234.0747 14.8781 92.4674 0.000202
0 2.8613 476.3176 5.7226 57.6133 0.000199
0 619.8799 417.0035 40.2401 173.2379 0.000187
0 629.1293 162.4732 21.7413 49.7391 0.000181
0 238.2535 285.3984 19.9693 50.4993 0.000169
0 628.1449 195.8380 23.7101 123.4772 0.000147
0 3.8065 492.0169 7.6131 39.9662 0.000142
0 39.8258 264.7227 21.6142 75.0281 0.000127
0 4.5496 390.3130 9.0992 130.8767 0.000110
0 3.9807 335.6437 7.9614 80.9039 0.000102
