0 60.9848 271.7466 20.6388 64.8467 0.852564
0 3.3597 289.2820 6.7194 110.5665 0.075904
0 2.9009 328.4877 5.8018 107.9922 0.009601
0 7.9381 288.6750 15.8763 107.6383 0.008861
0 57.5595 261.5273 15.5499 46.8096 0.001521
0 268.4003 6.9053 36.2234 13.8106 0.001259
0 2.3526 260.0068 4.6795 44.4861 0.001096
0 2.3801 241.9418 4.6815 45.6291 0.000329
0 637.4766 270.4652 5.0468 80.4526 0.000206
0 636.7327 306.3078 6.5345 87.6953 0.000200
0 52.5566 245.1978 11.6431 23.8983 0.000163
0 11.3444 317.0538 22.6888 120.2451 0.000153
