0 537.1390 224.7133 44.5259 160.7736 0.823511
0 524.3925 167.4432 33.4435 43.9748 0.016542
0 73.9946 500.4759 38.2709 23.0483 0.001415
0 115.8417 505.0437 34.1454 13.9125 0.001001
0 7.0905 498.3368 14.1811 27.3265 0.000634
0 227.2260 495.0268 30.9808 33.9464 0.000615
0 636.7286 275.3030 6.5428 56.1707 0.000590
0 227.2159 505.0413 29.3536 13.8573 0.000514
0 91.7636 501.6922 65.9804 20.6157 0.000475
0 361.2371 4.0218 29.9911 8.0435 0.000267
0 534.0518 174.7327 39.1973 56.1342 0.000253
0 526.3696 190.7624 31.1244 87.4233 0.000216
0 635.8502 67.7753 8.2996 119.2121 0.000209
0 531.7379 159.5482 31.4611 31.0961 0.000171
0 16.8051 499.5390 33.1693 24.9219 0.000130
0 128.5946 502.3533 61.3500 19.1957 0.000113
0 170.2770 506.7813 33.0997 10.4374 0.000103
