0 444.0829 363.1093 22.9990 42.3643 0.863610
0 381.7762 294.5229 17.2308 39.1700 0.861073
0 19.8988 354.4358 28.4523 37.9454 0.860634
0 131.5872 182.6485 28.0922 43.4266 0.856644
0 91.8216 175.4821 24.1323 40.1138 0.844786
0 4.0286 337.0700 7.9098 33.0058 0.002394
0 200.0078 211.1172 15.0995 13.6993 0.001900
0 8.9938 352.7563 17.0483 37.4684 0.001357
0 3.1127 372.9941 6.2255 45.1497 0.001008
0 4.1814 321.8953 8.3628 48.4893 0.000985
0 152.7407 48.6708 20.8020 10.2710 0.000954
0 547.9159 5.6621 23.3850 11.3241 0.000834
0 488.0368 2.7019 26.6095 5.4038 0.000707
0 2.7894 384.1058 5.5788 25.5898 0.000578
0 532.3441 4.7191 26.3721 9.4383 0.000575
0 632.4958 97.8513 15.0084 46.8952 0.000566
0 636.5829 171.9618 6.8342 40.9438 0.000533
0 558.4709 508.0334 25.1575 7.9332 0.000532
0 266.3453 147.1246 18.1453 38.6895 0.000501
0 3.1376 497.2904 6.1596 26.3204 0.000490
0 44.7453 134.4065 19.3445 30.0660 0.000422
0 522.0897 3.7396 22.2750 7.3673 0.000364
0 555.6941 5.1562 27.8176 10.3123 0.000347
0 634.8043 336.0690 10.3915 31.2142 0.000341
0 633.6998 75.3392 12.6005 36.1284 0.000317
0 320.7332 16.0603 24.7192 29.1560 0.000310
0 3.6588 299.1188 7.3176 70.7861 0.000300
0 636.2842 154.9966 7.4315 40.9794 0.000284
0 112.4992 9.3051 21.0173 18.6102 0.000275
0 112.0236 4.6098 21.8019 9.2196 0.000254
0 83.6471 170.9960 20.3389 34.4490 0.000243
0 633.3099 122.5943 13.3802 44.6538 0.000200
0 635.4297 143.6673 9.1405 42.7518 0.000167
0 292.7178 251.4816 20.8065 49.9575 0.000162
0 628.1771 507.1676 23.4764 9.6649 0.000159
0 526.6072 8.2266 20.8577 16.4532 0.000157
0 3.1972 485.8208 6.3944 40.2101 0.000155
0 3.2307 63.2487 6.3180 35.1933 0.000142
0 633.2927 347.8255 13.4146 31.9869 0.000138
0 290.6739 3.4741 14.1711 6.9482 0.000135
0 59.7141 21.0373 21.8486 41.9788 0.000134
0 4.9243 38.8118 9.7063 25.7647 0.000134
0 205.0595 310.1931 16.9509 20.8292 0.000132
0 15.8915 337.1349 28.4449 67.6711 0.000132
0 636.5856 193.8977 6.8289 37.5115 0.000128
0 59.7127 8.1506 22.3475 16.3013 0.000128
0 157.7253 317.3869 16.7145 26.3607 0.000128
0 550.8158 507.2665 30.2827 9.4670 0.000126
0 630.8835 85.1917 15.1770 40.8650 0.000107
0 259.1213 241.2517 10.8323 28.9055 0.000106
0 297.3063 245.5234 13.7224 39.0495 0.000105
0 18.2560 500.9977 31.9913 22.0045 0.000100
0 284.8645 3.7068 18.3745 7.4135 0.000100
