0 381.6107 295.0456 16.6594 37.8457 0.852250
0 20.2279 354.1285 27.7079 37.9025 0.844240
0 132.0841 182.6059 27.3001 42.6603 0.843850
0 433.9120 336.4675 21.1520 38.0103 0.482781
0 435.5224 326.1248 16.9825 22.8896 0.002591
0 4.4495 342.5228 8.6386 40.9908 0.002040
0 199.8138 210.7753 15.3646 13.9429 0.001634
0 465.7385 286.0174 9.7911 11.4752 0.001436
0 443.4709 335.5055 28.0024 36.1203 0.001113
0 488.5918 2.6808 26.7457 5.3617 0.000976
0 633.0796 92.1019 13.8408 51.9099 0.000958
0 548.1772 5.9756 23.6292 11.9511 0.000850
0 2.8943 496.0312 5.7283 27.0007 0.000750
0 150.9319 48.8372 19.7396 10.4184 0.000723
0 11.9727 356.9990 23.5762 39.6582 0.000718
0 3.7917 323.3605 7.5834 53.2104 0.000655
0 632.8757 105.5507 14.2485 30.2123 0.000634
0 533.9170 4.4746 27.1526 8.9492 0.000586
0 321.0182 15.7583 25.3879 28.8773 0.000558
0 560.3087 508.2495 22.7639 7.5011 0.000543
0 634.0813 72.9557 11.8375 36.5286 0.000515
0 62.3965 22.0924 24.4953 44.1691 0.000430
0 636.3350 166.0191 7.3301 29.8390 0.000400
0 3.7003 299.2420 7.4006 70.6501 0.000399
0 635.1879 331.2428 9.6243 37.8018 0.000356
0 3.3278 371.8033 6.6556 48.6041 0.000339
0 205.6823 309.5393 17.9305 21.9910 0.000317
0 633.4060 123.3067 13.1486 44.0428 0.000314
0 2.9924 483.5820 5.9847 45.0210 0.000287
0 556.1710 7.8239 27.1973 15.6478 0.000282
0 636.1785 153.9628 7.6431 38.4792 0.000263
0 634.0142 341.9897 11.9717 29.2618 0.000258
0 45.6476 133.2184 20.5337 30.6779 0.000251
0 2.8097 382.2057 5.6195 31.2334 0.000203
0 16.9354 338.5883 30.5920 68.4554 0.000199
0 290.6305 3.3988 14.4464 6.7976 0.000191
0 521.4734 3.6121 20.8186 7.0620 0.000190
0 19.0436 503.1512 32.9631 17.6977 0.000163
0 3.0331 62.5816 5.9582 36.7466 0.000156
0 592.6359 508.6310 20.7317 6.7261 0.000147
0 2.9967 278.7177 5.9933 38.3342 0.000144
0 630.0295 507.6842 19.8923 8.6317 0.000143
0 551.7115 507.7374 30.7975 8.5252 0.000137
0 284.3466 3.6302 19.7104 7.2605 0.000127
0 58.6081 7.5564 21.1752 15.0792 0.000117
0 112.4118 4.4379 21.5047 8.8758 0.000113
0 527.6907 8.4750 20.0098 16.9051 0.000111
0 636.5335 179.7911 6.9330 41.4198 0.000110
0 112.7587 8.8716 20.6705 17.7431 0.000109
0 224.3503 377.4397 13.6849 23.1294 0.000101
0 4.3312 40.3273 8.5718 29.6769 0.000101
0 32.4907 507.9037 28.6374 8.1926 0.000101
0 26.9693 506.0645 29.2940 11.8710 0.000100
