0 293.0751 306.6949 44.5862 83.4210 0.902641
0 140.5170 221.0746 28.7021 80.6781 0.857288
0 266.8810 259.2060 15.0687 24.0557 0.002919
0 636.4242 174.5784 7.1516 81.7640 0.002195
0 261.6272 264.4177 25.8688 36.8870 0.001820
0 634.8564 326.7102 10.2872 63.0897 0.001325
0 495.2531 228.7939 28.7139 41.9305 0.001053
0 267.1891 269.6241 15.0176 40.2678 0.000965
0 242.7593 6.6458 27.2307 13.2915 0.000802
0 258.0945 255.8370 32.7606 27.4525 0.000780
0 231.1539 7.1575 45.2115 14.3150 0.000637
0 634.6360 355.1685 10.7280 88.2226 0.000472
0 12.8125 144.9308 25.6250 103.5962 0.000471
0 109.4542 10.8374 63.9729 21.6671 0.000323
0 128.6839 12.1804 39.9415 24.3608 0.000223
0 636.2759 148.2986 7.4482 79.1999 0.000213
0 635.4824 496.7288 9.0353 30.5424 0.000175
0 635.6723 305.9672 8.6554 86.7775 0.000175
0 314.3300 506.5287 25.0175 10.8480 0.000174
0 630.9667 319.7003 18.0667 72.8917 0.000174
0 636.3941 210.9523 7.2118 137.8181 0.000150
0 632.9740 180.2961 14.0521 83.6020 0.000142
0 238.4039 16.0680 32.4953 32.0927 0.000135
0 12.9465 106.1284 25.8930 112.1009 0.000130
0 4.8865 240.5419 9.7729 96.0893 0.000112
