0 291.0845 320.6724 51.6830 87.5927 0.900095
0 134.8176 223.4928 29.3998 85.1594 0.865838
0 492.6567 223.0475 31.5529 32.9883 0.009919
0 222.9278 7.7910 49.5236 15.5820 0.005387
0 237.6003 7.8633 27.3112 15.7265 0.003987
0 136.4084 194.8895 22.4965 32.6566 0.003531
0 637.1331 137.2860 5.7338 103.8730 0.001533
0 636.2109 188.3279 7.5781 73.3011 0.001422
0 635.5653 164.6245 8.8694 56.8896 0.001384
0 492.4931 239.6052 31.7347 65.5525 0.001115
0 12.3119 151.4581 24.6238 89.4938 0.000588
0 248.6918 9.5255 44.8418 19.0510 0.000459
0 127.4830 16.3196 47.0912 32.5626 0.000280
0 602.8093 493.7039 37.6454 36.5921 0.000234
0 457.6809 5.3616 27.6317 10.7210 0.000156
0 635.9489 336.2095 8.1023 50.7859 0.000154
0 106.8784 7.8265 43.7001 15.6529 0.000148
0 636.1942 223.8294 7.6116 119.7159 0.000136
0 204.0003 7.0601 47.4384 14.1201 0.000132
0 633.0378 181.4123 13.9244 59.0906 0.000131
0 632.2697 135.3421 15.2225 105.7944 0.000120
0 120.4467 9.2733 39.2263 18.5466 0.000113
0 338.8379 22.3069 27.6486 43.9878 0.000105
