0 197.3269 326.5366 60.0414 165.3150 0.897922
0 4.6045 291.1990 9.2091 146.8010 0.036758
0 3.6331 226.9715 7.2662 106.7364 0.000819
0 7.5244 267.1483 15.0143 123.0375 0.000761
0 637.1212 259.7982 5.7577 64.5334 0.000448
0 2.8579 188.0156 5.7159 148.6058 0.000433
0 3.0688 103.4194 6.1377 90.5937 0.000269
0 411.3191 508.5817 42.4883 6.8365 0.000256
0 286.0796 7.2914 32.5251 14.5684 0.000236
0 7.5461 229.7659 15.0472 99.3479 0.000223
0 514.5536 508.5680 32.1245 6.8640 0.000210
0 637.4996 470.8828 5.0007 58.5186 0.000186
0 3.9965 371.1904 7.9930 88.3588 0.000161
0 202.8996 416.5557 34.1795 131.3660 0.000149
0 563.0861 505.9006 20.7000 11.9015 0.000148
0 15.3610 282.1924 28.0735 146.6592 0.000143
0 635.5381 501.9429 8.9239 20.1142 0.000122
0 10.3147 314.7394 20.6294 167.2208 0.000120
0 304.4641 8.0243 33.4563 16.0485 0.000117
0 637.0296 239.4260 5.9408 45.0085 0.000114
0 637.2801 344.8888 5.4398 63.5463 0.000110
0 389.8873 6.1052 45.2947 12.2104 0.000109
0 314.4760 7.3873 22.7471 14.7597 0.000108
0 636.8993 485.1186 6.2015 53.7629 0.000101
