0 460.4250 388.0355 64.6116 144.0352 0.895951
0 154.4575 329.6631 62.2727 113.0533 0.854511
0 8.2841 439.6696 16.5683 62.1099 0.035731
0 2.9119 306.7191 5.8237 91.4965 0.004998
0 5.9568 232.8762 11.9136 73.1626 0.003741
0 6.7092 29.8324 13.4184 59.6648 0.001266
0 6.1401 210.0043 12.2802 58.3801 0.000637
0 3.7377 262.2840 7.4755 128.5839 0.000366
0 7.2348 216.3372 14.0942 31.1133 0.000337
0 9.2579 399.6760 18.5158 139.1013 0.000335
0 636.1299 363.9821 7.7401 88.5444 0.000319
0 8.2908 253.4432 16.4209 111.3423 0.000303
0 239.0330 389.0791 48.6829 66.7061 0.000288
0 13.1806 456.1593 26.3612 105.8342 0.000277
0 295.9947 357.7523 21.2260 47.7129 0.000271
0 295.2291 347.6017 17.5858 26.1320 0.000255
0 6.1822 452.6735 12.3643 104.9900 0.000242
0 130.1564 237.1648 19.3861 149.5369 0.000229
0 4.5064 325.6818 9.0127 87.7196 0.000207
0 7.4725 303.8062 14.8942 89.7454 0.000160
0 169.6338 499.6550 47.4203 24.6901 0.000157
0 637.2147 386.3733 5.5706 91.5056 0.000156
0 19.3331 253.8510 37.6149 104.6785 0.000151
