0 253.7322 331.0091 62.5110 187.7953 0.879694
0 369.9619 282.0519 79.5106 206.5698 0.866698
0 631.9775 297.4229 16.0450 86.0319 0.003521
0 635.6823 295.5463 8.6356 79.6096 0.001760
0 558.0781 491.8321 38.8083 40.3358 0.001199
0 635.8949 257.9863 8.2102 125.1774 0.000584
0 544.3246 494.4893 41.9253 35.0215 0.000383
0 4.1799 433.1373 8.3597 142.8953 0.000343
0 622.9760 301.2818 30.9946 76.3378 0.000169
0 636.0251 330.9785 7.9497 140.1857 0.000160
0 14.9371 4.2123 29.1735 8.4247 0.000157
0 4.7545 395.8983 9.5090 96.2679 0.000135
0 9.1834 6.1974 18.3668 12.3949 0.000131
0 3.1796 464.1781 6.3593 92.7695 0.000110
0 632.5493 493.8709 14.9014 36.2582 0.000103
