0 242.2857 231.6772 54.2198 157.8814 0.892914
0 538.9292 404.0499 56.2909 215.9002 0.868434
0 141.8972 192.8154 72.1125 98.6577 0.026398
0 624.1407 339.3827 20.6703 25.7559 0.007350
0 13.2923 496.6751 26.5846 30.6497 0.001727
0 4.1664 479.7047 8.3237 60.2720 0.001467
0 133.2128 26.0850 44.1596 52.0578 0.001395
0 12.8556 479.4882 25.7112 63.5355 0.000795
0 5.7676 495.4163 11.5353 32.1160 0.000762
0 540.8865 508.1853 39.2351 7.6295 0.000749
0 625.2124 410.6368 29.5752 175.4576 0.000427
0 541.9508 330.6684 51.9724 66.2186 0.000393
0 451.7045 301.7264 67.8051 347.8609 0.000315
0 4.6072 43.0916 9.2145 86.1832 0.000282
0 457.6693 353.8728 50.1205 231.9954 0.000281
0 8.7035 443.3074 17.3806 72.2772 0.000261
0 632.6298 494.3860 14.7404 35.2280 0.000256
0 629.4697 11.0718 21.0605 22.1437 0.000220
0 616.6586 504.9862 42.6821 14.0275 0.000173
0 15.3850 42.2361 30.3836 84.4722 0.000167
0 500.3190 503.6534 37.5371 16.6932 0.000160
0 229.6666 198.4997 30.9164 80.6913 0.000158
0 531.4726 505.5930 51.9292 12.8140 0.000152
0 626.5792 498.1544 26.0406 27.6911 0.000148
0 5.3808 459.7612 10.7617 56.7823 0.000128
0 428.7992 42.3459 62.2803 83.9975 0.000127
0 448.1116 193.2510 49.3300 141.5063 0.000126
0 632.0577 460.7863 15.8585 73.9009 0.000122
