0 218.0045 204.8416 58.1464 138.1058 0.902266
0 532.3618 330.1309 88.8397 192.1511 0.886933
0 193.1527 56.8640 36.8378 111.4292 0.041006
0 51.0473 26.0495 21.9850 51.9358 0.003172
0 54.4605 13.7552 29.8894 27.5105 0.000616
0 65.1622 25.1317 56.3614 50.2634 0.000355
0 635.6499 497.0386 8.7001 29.9228 0.000262
0 3.1522 89.3814 6.3043 149.3436 0.000226
0 636.3177 357.2574 7.3646 90.6475 0.000217
0 44.2119 11.2971 31.7585 22.5942 0.000214
0 37.4235 21.4038 45.3673 42.8076 0.000210
0 496.7787 335.3752 22.3525 138.8718 0.000206
0 502.9658 506.5599 36.0797 10.8584 0.000189
0 195.6286 31.0246 37.7086 62.0492 0.000183
0 363.4836 11.1664 30.1960 22.3066 0.000178
0 635.6205 305.2205 8.7590 97.4539 0.000170
0 634.6367 110.2894 10.7267 106.5653 0.000144
0 635.8737 49.9449 8.2526 96.3617 0.000127
0 636.3989 457.3683 7.2021 109.2633 0.000114
0 528.7966 499.3487 49.2869 25.3026 0.000113
0 629.7260 287.1915 20.5481 74.0414 0.000108
0 354.6218 6.1910 34.8533 12.3820 0.000106
0 634.1655 131.7081 11.6689 53.6041 0.000105
0 634.7722 162.5864 10.4555 100.2733 0.000104
0 499.8363 278.1580 29.7743 72.9175 0.000100
