0 213.9096 234.6369 61.3746 88.7108 0.896017
0 554.8836 383.0763 100.4614 179.5731 0.859933
0 311.1520 207.3775 18.8490 60.9379 0.791220
0 169.9793 118.1871 33.5882 97.4419 0.028111
0 174.9213 63.1027 39.0920 126.2054 0.017294
0 232.6129 202.3754 23.4938 34.8420 0.005621
0 9.4066 318.2888 18.8131 44.9713 0.004471
0 171.8135 89.6277 34.1402 64.2870 0.003332
0 41.8693 44.7502 37.7576 87.3547 0.001525
0 584.8423 355.2417 43.8599 121.4244 0.001224
0 8.9553 339.7646 17.9106 79.2770 0.001174
0 8.9646 293.4879 17.9292 88.7287 0.000929
0 635.4103 390.8844 9.1794 106.3235 0.000670
0 628.5848 361.9656 22.8304 119.0968 0.000301
0 36.7706 22.0855 46.0569 43.6812 0.000272
0 3.9328 62.5133 7.8655 121.8241 0.000235
0 623.7001 319.4153 23.5557 37.9251 0.000217
0 109.7204 7.3957 25.2573 14.7849 0.000176
0 4.5131 33.2935 9.0262 66.5870 0.000161
0 402.2110 13.9288 27.0991 25.7405 0.000147
0 258.9226 128.2358 40.1909 163.2083 0.000135
