0 413.1949 306.3598 19.3058 37.8733 0.859070
0 381.7480 293.7611 16.2064 39.1625 0.853865
0 137.0090 189.5438 21.6932 31.8267 0.852255
0 200.0379 209.8353 15.4369 12.0512 0.009088
0 321.8022 15.6469 26.3174 30.2906 0.004962
0 551.7826 5.8215 22.6393 11.6430 0.002478
0 633.5212 91.7517 12.9575 52.5925 0.000848
0 535.2079 4.7902 30.5775 9.5804 0.000786
0 633.2583 106.0706 13.4834 29.1671 0.000782
0 488.3884 2.7151 26.7388 5.4302 0.000646
0 465.9409 286.5381 9.7871 12.2578 0.000601
0 527.6022 4.1544 20.6926 8.2368 0.000492
0 562.0342 5.8873 32.5109 11.7745 0.000404
0 291.1698 3.2781 13.7156 6.5562 0.000337
0 5.6567 501.2872 11.3135 21.4256 0.000320
0 3.5407 497.7411 6.9910 24.2429 0.000311
0 633.4072 119.8790 13.1614 43.1354 0.000305
0 3.2366 63.0568 6.3620 31.3988 0.000296
0 634.3035 73.8538 11.3931 42.8228 0.000293
0 636.8961 167.8122 6.2078 33.0200 0.000282
0 152.4086 48.6864 18.2602 10.4239 0.000265
0 521.4263 3.4344 21.7233 6.7554 0.000241
0 7.7899 360.0496 15.5799 34.8602 0.000235
0 100.1021 238.6767 12.6597 19.5109 0.000218
0 2.9513 277.8647 5.9026 34.9386 0.000201
0 43.9672 132.3510 20.5880 32.8278 0.000199
0 60.7376 20.1576 21.5878 40.0444 0.000163
0 131.8881 172.4632 25.7026 32.5987 0.000158
0 4.0929 53.5406 8.0952 39.4419 0.000153
0 205.4831 309.7516 17.5478 21.6859 0.000153
0 635.1519 335.0961 9.6962 31.5915 0.000150
0 107.4856 4.6506 18.7823 9.3012 0.000150
0 636.3588 152.2882 7.2825 38.6567 0.000148
0 6.5433 39.9836 12.9204 26.1951 0.000137
0 562.8942 508.6259 21.8315 6.7481 0.000134
0 292.9828 251.5214 18.9634 50.2354 0.000129
0 284.5227 3.3697 20.6760 6.7394 0.000128
0 575.3450 5.4876 25.1427 10.9751 0.000127
0 3.1294 484.3885 6.2587 43.5214 0.000124
0 60.7572 9.8742 22.1344 19.7484 0.000120
0 528.4355 8.2234 21.7520 16.4151 0.000113
0 260.4245 232.3557 9.9011 15.0197 0.000112
0 456.9536 126.7505 11.4777 16.9041 0.000108
0 69.9468 509.0226 21.0634 5.9547 0.000108
0 297.4104 242.9386 13.2366 33.8036 0.000101
