0 35.2235 302.5625 70.4469 189.5309 0.887529
0 622.9791 460.1418 31.9250 103.7163 0.003960
0 633.7922 463.0605 12.4156 97.8789 0.003385
0 616.3005 81.8898 44.9142 163.2227 0.002215
0 614.5403 32.6860 47.3228 64.7499 0.002109
0 633.6196 488.6331 12.7609 46.7339 0.001397
0 553.6173 495.1455 45.6870 33.7089 0.001261
0 533.5162 496.2152 47.6067 31.5695 0.000724
0 8.3759 292.3266 16.7519 163.9741 0.000717
0 582.3920 503.6904 33.0872 16.6068 0.000650
0 333.2937 9.1790 30.8854 18.3226 0.000619
0 633.9215 44.2301 12.1570 88.4602 0.000578
0 635.5328 312.6420 8.9344 215.7490 0.000466
0 4.5138 303.6826 9.0276 154.8257 0.000459
0 635.5723 84.0128 8.8555 162.5435 0.000433
0 95.9806 10.6778 54.4861 21.3556 0.000384
0 631.1240 313.6535 16.9807 229.3239 0.000380
0 633.2589 21.4101 13.1309 42.6825 0.000343
0 624.6569 488.4919 27.7626 47.0162 0.000329
0 634.2398 178.3594 11.5204 205.5163 0.000325
0 599.9156 496.5587 46.8523 30.7549 0.000286
0 635.4440 242.2688 9.1119 165.9586 0.000260
0 601.4381 477.5143 57.4419 68.7220 0.000252
0 77.9313 8.7428 21.7852 17.4856 0.000239
0 477.1447 11.3457 25.3273 22.6915 0.000215
0 629.6608 30.3540 18.4624 60.6540 0.000214
0 3.0439 172.9704 6.0878 108.6812 0.000192
0 347.5587 8.0522 43.7106 16.1044 0.000183
0 629.8568 438.7396 20.1692 133.1555 0.000180
0 634.1198 378.0417 11.7604 184.7301 0.000177
0 315.4578 508.4675 37.8140 7.0650 0.000174
0 465.8105 6.8626 31.1614 13.7251 0.000156
0 71.6344 308.4778 68.8506 156.3171 0.000143
0 604.9910 25.4195 32.7834 50.2935 0.000141
0 20.2179 290.3257 40.4359 166.0047 0.000125
0 4.2668 14.2233 8.5335 28.4466 0.000110
0 516.9242 496.2566 46.8567 31.4868 0.000104
