0 60.6911 183.7146 28.0010 82.1122 0.824386
0 195.6133 243.9190 35.3768 90.3097 0.806732
0 410.5568 255.7121 39.8109 54.4276 0.124922
0 441.7848 271.4707 74.1127 85.9960 0.028236
0 418.2932 277.2715 47.2612 94.5565 0.003679
0 412.9673 243.3365 37.8744 31.5954 0.002914
0 4.8864 21.5832 9.7727 38.6716 0.001861
0 6.6785 45.6461 13.3571 81.1010 0.001156
0 6.5292 318.3408 13.0550 53.3164 0.001078
0 421.7524 258.8683 30.8452 61.0917 0.000975
0 48.5083 195.0927 51.0235 106.1635 0.000500
0 402.2945 245.5750 60.3472 71.0591 0.000396
0 184.0093 232.8309 46.4830 68.6738 0.000255
0 635.2917 274.9133 9.4165 91.1899 0.000153
0 636.2280 294.4320 7.5441 68.6571 0.000139
0 196.4108 217.3136 36.4825 39.2815 0.000134
0 380.0825 7.1302 37.2206 14.2027 0.000128
0 5.6823 334.1219 11.3645 107.8320 0.000121
0 4.8212 64.8155 9.6424 88.7263 0.000119
0 342.7047 497.1498 35.1182 29.7004 0.000113
0 613.1187 264.8473 52.4099 92.1949 0.000104
0 7.9828 15.4210 15.9656 30.4242 0.000101
