0 268.1312 250.2001 25.4145 118.8661 0.842288
0 605.2539 505.3223 43.7295 13.3555 0.000849
0 617.3002 504.0428 34.9452 15.9145 0.000608
0 635.4484 493.3967 9.1033 37.2065 0.000488
0 8.1826 497.5368 16.1766 28.9264 0.000416
0 428.9450 200.3719 17.8308 52.8403 0.000365
0 620.3656 493.2109 38.4773 37.5782 0.000285
0 15.1379 502.9836 28.7510 18.0327 0.000272
0 637.2333 479.5688 5.5335 62.5605 0.000261
0 5.1174 485.2875 10.1564 53.4250 0.000233
0 3.2154 41.6678 6.4308 82.5556 0.000161
0 600.1017 494.8844 55.1990 34.2311 0.000146
0 3.2368 469.2781 6.4737 85.4437 0.000133
0 630.9292 486.2087 18.0583 50.5964 0.000111
0 421.3483 201.3574 33.2750 58.0884 0.000110
