0 74.3235 256.7641 36.6575 138.3127 0.872962
0 266.2975 218.0005 44.6414 86.8112 0.868910
0 636.2679 444.7540 7.4641 85.5081 0.002428
0 631.4130 256.8616 17.1740 108.4004 0.000217
0 530.0615 477.4920 27.0155 33.7258 0.000192
0 632.7467 363.4545 14.5066 121.4681 0.000171
0 449.5252 497.1740 20.1875 29.5399 0.000171
0 607.3641 5.2186 37.7965 10.4371 0.000153
0 632.0851 319.4850 15.8299 68.9316 0.000147
0 629.3991 456.8331 21.1974 106.7150 0.000138
0 445.1394 10.7942 62.7234 21.5884 0.000127
0 5.0719 366.7115 10.0522 162.4822 0.000127
0 628.1095 215.9663 23.7809 132.5705 0.000115
0 3.6591 225.4822 7.3182 121.6462 0.000111
0 9.4762 25.1666 18.9523 50.3331 0.000107
0 623.2809 30.7973 33.4382 61.5946 0.000101
