0 287.8535 202.5908 19.2872 33.3678 0.841069
0 365.0206 185.6369 14.8352 35.2772 0.831244
0 5.6382 8.9556 11.2763 17.9113 0.114449
0 11.8995 8.2861 23.7990 16.5465 0.017825
0 154.9832 508.7151 25.3048 6.5698 0.010847
0 5.2076 25.4629 10.4152 50.9258 0.002756
0 184.0240 508.3663 22.3222 7.2675 0.001884
0 167.4247 508.7004 42.0554 6.5992 0.001559
0 634.8323 7.3609 10.3355 14.6351 0.000901
0 6.8617 224.4081 13.7234 40.1512 0.000797
0 635.2402 17.8036 9.5195 34.6628 0.000636
0 397.2189 7.8643 21.4209 15.7198 0.000614
0 355.9212 4.9274 20.8771 9.8548 0.000613
0 347.7646 508.0169 19.8430 7.9626 0.000507
0 344.4051 4.2182 25.2089 8.4364 0.000327
0 242.8599 180.4059 18.6926 28.4286 0.000301
0 8.8039 80.7922 17.6078 39.0822 0.000292
0 232.9819 410.8998 20.5472 22.1765 0.000267
0 8.2144 43.0266 16.4289 86.0531 0.000265
0 629.8966 5.4455 19.3855 10.8910 0.000255
0 334.8203 3.5778 24.1755 7.1556 0.000255
0 634.3317 309.1515 11.3367 22.5731 0.000232
0 442.0424 14.7746 23.4664 29.5492 0.000223
0 325.9841 3.1969 22.7891 6.3938 0.000202
0 3.5270 479.9423 7.0540 64.1154 0.000197
0 135.7371 508.1790 31.0331 7.6421 0.000191
0 624.4602 3.7843 22.5869 7.5685 0.000188
0 630.7155 12.8399 18.4248 25.5791 0.000170
0 514.9020 3.3329 15.4556 6.6659 0.000168
0 522.5637 3.4057 18.6956 6.8113 0.000163
0 370.2032 4.8358 19.9735 9.5716 0.000158
0 361.5733 507.9026 26.0041 8.1947 0.000158
0 198.7369 508.1713 29.1887 7.5920 0.000155
0 5.8045 240.7193 11.6091 73.8125 0.000147
0 54.2598 507.2559 30.7295 9.4882 0.000147
0 410.8878 4.4118 31.5291 8.7782 0.000140
0 6.1640 209.6267 12.3280 57.2207 0.000136
0 351.7090 7.0621 23.5835 14.1241 0.000135
0 388.8211 5.8700 27.5500 11.6893 0.000127
0 449.7307 6.5539 19.3920 13.1078 0.000127
0 635.7357 39.9003 8.5287 40.2701 0.000127
0 247.8248 190.3164 16.9886 40.8666 0.000123
0 317.7245 3.2099 21.7512 6.4198 0.000112
0 3.2996 447.2827 6.5462 72.6515 0.000109
