0 315.3621 254.7039 16.8222 37.4656 0.831432
0 240.0440 150.4452 17.0548 31.5720 0.812247
0 44.4942 16.0142 24.1999 31.9741 0.017026
0 337.6247 292.3184 15.0526 13.4161 0.003610
0 333.1551 292.8174 11.9044 12.9480 0.003414
0 337.4920 297.0020 15.7714 15.7307 0.002797
0 635.9365 295.3730 8.1271 35.3909 0.002045
0 52.6681 13.9738 29.5560 27.9477 0.001906
0 35.8232 6.4901 33.5236 12.9803 0.001858
0 125.9927 4.1946 23.8319 8.3892 0.001445
0 55.3198 5.1912 24.7033 10.3151 0.001288
0 125.9969 8.7581 24.9380 17.5162 0.001049
0 635.9008 228.1926 8.1985 55.2960 0.000843
0 25.3043 5.2106 27.7367 10.4212 0.000736
0 635.5119 279.9650 8.9762 54.8192 0.000732
0 345.8326 290.5247 16.8340 17.6573 0.000713
0 4.3479 243.7157 8.6959 76.9716 0.000682
0 636.1065 312.7200 7.7870 60.9448 0.000678
0 596.8054 452.4012 15.5712 24.0677 0.000621
0 117.8758 4.7211 30.2404 9.4421 0.000583
0 634.9265 243.1690 10.1471 40.3164 0.000533
0 299.7590 294.0298 10.5468 21.1133 0.000513
0 6.8124 489.5041 13.6248 44.9918 0.000512
0 65.1539 4.1378 17.8335 8.2133 0.000497
0 637.1245 341.6581 5.7511 41.4821 0.000490
0 4.1902 275.6389 8.3804 52.8975 0.000391
0 28.4540 9.5127 36.4742 19.0253 0.000387
0 558.5467 365.9177 23.6420 32.0958 0.000380
0 633.5598 505.7640 12.8805 12.4402 0.000375
0 522.7150 375.5939 15.6594 22.2349 0.000364
0 293.2932 293.4633 11.7316 22.9640 0.000354
0 344.7376 296.7762 17.4570 18.8763 0.000340
0 338.2578 306.0775 16.9818 26.4250 0.000329
0 325.6594 292.7906 12.7441 13.9405 0.000299
0 635.9501 8.4705 8.0997 16.9411 0.000297
0 3.0320 222.5477 6.0641 64.1484 0.000294
0 120.2378 12.1606 24.0652 24.1770 0.000293
0 586.6005 4.0613 30.8428 8.1226 0.000245
0 567.9230 506.8717 21.8933 9.9009 0.000240
0 135.0886 507.0559 26.3292 9.8881 0.000229
0 55.5671 508.6798 34.4271 6.6403 0.000216
0 344.8160 221.9282 11.8337 16.9398 0.000209
0 9.7128 7.5088 19.4256 15.0176 0.000198
0 339.0460 285.0614 15.1870 23.4217 0.000189
0 346.6931 283.4075 16.3859 23.9017 0.000180
0 355.4136 290.2516 16.1539 20.4482 0.000172
0 64.6974 11.4727 15.6777 22.8661 0.000160
0 363.5837 290.9593 16.1741 21.4574 0.000154
0 636.8074 14.9481 6.3852 29.8961 0.000150
0 636.5609 466.6116 6.8783 37.9618 0.000139
0 636.3295 435.7421 7.3411 40.1760 0.000136
0 629.8036 4.7596 19.5862 9.5191 0.000134
0 4.2719 344.6259 8.5253 52.5951 0.000129
0 635.4507 489.0223 9.0986 41.2140 0.000128
0 29.2811 19.8798 27.7684 39.0777 0.000124
0 123.2008 506.6657 45.0499 10.6685 0.000118
0 631.9694 293.4988 15.6152 31.3400 0.000112
0 6.7304 27.5166 13.3970 54.9424 0.000110
0 636.5912 453.7688 6.8175 34.5337 0.000109
0 5.2540 358.4290 10.4098 43.6162 0.000109
0 532.5287 506.6061 19.8630 10.4149 0.000108
0 4.0112 294.1602 8.0223 59.5601 0.000107
0 577.1445 506.9290 26.6168 9.8693 0.000102
