0 344.9048 245.1009 18.4838 33.8017 0.822603
0 287.4619 118.6014 13.6841 27.1416 0.731911
0 636.8509 326.6057 6.2982 52.2637 0.007065
0 122.9395 3.7771 23.1583 7.5481 0.006963
0 636.5096 343.5156 6.9808 47.4627 0.002136
0 122.6490 13.4799 23.0707 26.8854 0.001971
0 130.8771 4.1387 27.8710 8.2773 0.001475
0 183.7681 3.6919 23.8714 7.3839 0.001024
0 4.0979 346.1235 8.1957 76.3021 0.000702
0 364.2601 293.2690 11.4398 15.7076 0.000596
0 375.4054 299.7779 17.8660 19.0264 0.000571
0 636.2051 362.2786 7.5899 38.9310 0.000518
0 548.1570 507.1802 22.8274 9.5372 0.000395
0 367.1032 298.1033 12.6933 15.7649 0.000340
0 630.6859 141.1184 18.6282 61.0310 0.000325
0 491.2643 507.8592 20.8453 8.2816 0.000294
0 4.1204 40.8429 8.2408 43.8527 0.000285
0 263.1412 209.7101 20.1722 31.4697 0.000279
0 636.2753 305.0649 7.4493 80.1742 0.000265
0 635.7247 12.4236 8.5505 24.8471 0.000261
0 3.3943 325.0880 6.7886 78.4745 0.000261
0 369.6389 307.9089 16.2130 27.7771 0.000256
0 630.3244 160.7194 19.3512 34.1094 0.000245
0 371.9302 293.8246 17.0046 18.5731 0.000238
0 2.4407 112.3416 4.8815 50.3049 0.000232
0 634.1832 501.3987 11.3676 20.8983 0.000203
0 377.3487 291.3301 17.6404 23.0350 0.000196
0 173.8705 3.9307 34.0004 7.8142 0.000193
0 102.2955 3.8109 26.2314 7.6144 0.000188
0 553.0817 398.2854 16.9016 22.5048 0.000183
0 374.9070 311.6619 17.2418 30.7368 0.000180
0 621.3693 11.3954 25.0967 22.7909 0.000178
0 500.0941 507.7613 27.8320 8.4774 0.000178
0 532.9866 506.2424 25.1653 10.5806 0.000176
0 511.9344 506.1680 21.4750 11.5208 0.000170
0 373.4845 507.2664 15.9815 9.0342 0.000163
0 356.9028 291.1702 12.5717 17.5392 0.000153
0 2.9634 98.6554 5.9079 49.7147 0.000148
0 518.1302 504.7599 20.6268 13.9187 0.000146
0 636.7285 381.1772 6.5430 38.3752 0.000131
0 633.1053 482.3220 13.6658 37.9844 0.000130
0 637.0311 20.0210 5.9379 40.0420 0.000130
0 4.3022 373.1631 8.6044 95.1122 0.000124
0 482.6401 506.7078 25.7659 10.5845 0.000123
0 130.2917 8.0321 31.4454 16.0641 0.000123
0 194.2974 3.6385 36.2867 7.2769 0.000116
0 367.8149 507.3087 18.9900 9.3826 0.000111
0 634.0059 226.1425 11.9883 51.9060 0.000103
