0 287.4924 208.7743 17.4773 24.8577 0.807299
0 330.0468 238.9695 11.4530 21.1791 0.802325
0 129.4472 7.5235 31.5825 15.0470 0.036134
0 123.7377 12.2978 30.3195 24.4546 0.003136
0 635.2400 109.2449 9.5200 64.1361 0.002938
0 113.7694 6.9762 42.7151 13.9523 0.002034
0 636.1791 502.8081 7.6418 18.3837 0.001076
0 636.7197 120.7386 6.5606 50.0909 0.000949
0 403.6608 506.2433 15.3776 9.4203 0.000837
0 404.4523 495.6194 16.4254 25.9890 0.000691
0 398.5728 506.2694 15.8336 10.0696 0.000419
0 409.8725 482.0768 24.1325 32.8823 0.000374
0 285.2203 217.1428 14.8536 33.6137 0.000351
0 637.1652 142.3139 5.6696 63.2007 0.000331
0 541.4199 508.4767 19.3447 7.0466 0.000306
0 529.6498 3.5610 37.0638 7.1221 0.000231
0 632.5277 119.5600 14.9014 46.9343 0.000221
0 299.5004 356.9888 22.5729 38.5419 0.000220
0 4.3516 423.8545 8.7031 79.7642 0.000213
0 399.9917 498.1155 15.4124 22.8488 0.000208
0 572.7910 442.3319 29.3638 59.9752 0.000206
0 140.2635 10.6335 52.5741 21.2670 0.000201
0 405.5783 487.9101 19.8741 27.9778 0.000191
0 635.7108 390.1971 8.5784 55.7778 0.000181
0 408.8802 506.8380 19.5623 8.6371 0.000159
0 637.1848 437.9264 5.6304 54.2875 0.000151
0 367.9142 72.8511 26.7260 58.5311 0.000144
0 79.2326 505.8041 35.8177 12.3917 0.000142
0 516.6504 4.1995 45.2820 8.3990 0.000139
0 3.0935 370.1814 6.1869 51.7751 0.000134
0 4.3088 449.6512 8.6099 61.3378 0.000131
0 631.3472 504.1386 17.3055 15.7227 0.000131
0 635.9529 370.9608 8.0942 62.3043 0.000128
