0 330.0204 238.7067 12.2316 21.6517 0.801885
0 287.9193 206.1925 18.7990 23.2854 0.780129
0 124.8253 6.0526 26.9506 12.1052 0.006518
0 112.4253 6.1146 40.2651 12.2293 0.003142
0 634.2852 107.6307 11.4297 59.0643 0.002060
0 636.2424 502.5848 7.5153 18.8304 0.001433
0 130.4961 9.1825 34.6990 18.3650 0.001427
0 404.3323 493.7393 17.2725 28.8513 0.001067
0 121.6500 13.1127 26.7784 26.0373 0.000975
0 403.5805 505.7678 16.0261 10.1045 0.000871
0 407.6793 480.1319 22.8148 34.9198 0.000713
0 367.0475 70.8998 28.2469 58.9482 0.000583
0 636.3066 115.9595 7.3867 49.0284 0.000413
0 529.4402 3.5749 37.3365 7.1499 0.000328
0 2.6709 369.3690 5.3419 48.1380 0.000271
0 635.8348 390.6568 8.3303 57.7839 0.000221
0 631.5394 503.7753 16.9213 16.4493 0.000204
0 333.1582 287.4323 15.9420 17.7078 0.000190
0 516.1045 3.9804 44.6757 7.9608 0.000153
0 637.1366 437.1815 5.7268 56.4989 0.000151
0 635.9832 369.8146 8.0336 61.0151 0.000145
0 80.1352 504.9666 35.8718 14.0669 0.000131
0 4.1976 424.6028 8.3953 80.6786 0.000127
0 637.0217 139.9759 5.9565 65.5005 0.000124
0 540.8842 508.3052 21.4387 7.3896 0.000118
0 4.4425 447.9003 8.8626 59.1124 0.000116
0 531.3835 8.7239 42.2744 17.4477 0.000105
