0 393.1266 262.5915 27.9540 61.9999 0.859749
0 419.9299 271.5614 27.8328 51.5763 0.855094
0 9.4944 184.7408 18.9889 30.4064 0.003065
0 447.7537 238.5746 29.8340 52.4677 0.000951
0 637.1525 134.0090 5.6950 70.0737 0.000658
0 2.4120 124.6335 4.8240 62.0301 0.000311
0 394.5331 5.2354 19.4053 10.1889 0.000262
0 385.0384 367.8499 33.2390 30.6709 0.000231
0 192.6572 5.2418 16.6052 10.4807 0.000213
0 385.3523 256.5372 16.6376 50.0298 0.000193
0 2.4289 96.6948 4.8578 53.6522 0.000147
0 4.8760 165.4056 9.6360 49.3572 0.000141
0 636.5959 183.2912 6.8081 68.4227 0.000124
0 3.6378 137.1872 7.2370 78.2600 0.000115
0 635.8539 8.6151 8.2921 17.2302 0.000111
0 446.4315 381.7230 12.9215 14.9323 0.000110
0 9.4550 168.6442 18.4932 50.2415 0.000108
0 376.7197 4.1909 25.7435 8.3817 0.000108
0 214.0222 4.9723 19.8756 9.9446 0.000102
