0 235.8319 232.3575 17.0592 43.3054 0.837321
0 360.6696 262.3630 15.1804 39.2016 0.820992
0 279.6844 236.0026 14.9237 44.9940 0.798552
0 312.9797 6.3735 21.2267 12.7300 0.000921
0 636.7246 347.5031 6.5507 52.8934 0.000520
0 272.7485 4.9292 27.2510 9.8585 0.000390
0 227.2595 232.1170 24.8344 43.6176 0.000303
0 601.0252 460.6658 39.3567 24.3170 0.000192
0 3.9087 462.3497 7.8174 43.1860 0.000127
0 280.4257 5.0665 17.8204 10.1330 0.000110
0 255.7158 5.3877 27.0245 10.5001 0.000108
0 5.5849 73.6714 10.6024 25.2587 0.000104
0 320.8821 7.5707 33.7293 15.1328 0.000101
