0 385.3824 323.9373 26.9990 52.4022 0.842594
0 527.8878 187.3125 16.8967 49.2750 0.839533
0 230.6436 227.6515 16.4199 47.5617 0.782215
0 164.4687 495.9155 51.4051 32.1689 0.088984
0 240.9026 229.7143 12.1284 44.0396 0.044456
0 8.4178 249.3894 16.8356 58.1885 0.014093
0 384.2987 357.6742 24.8811 21.9625 0.000613
0 24.3135 248.5749 47.5688 55.2416 0.000586
0 284.6046 4.1609 20.5751 8.3217 0.000455
0 635.1159 241.2486 9.7682 54.0970 0.000377
0 5.0545 264.5642 10.1089 80.3416 0.000265
0 142.7153 496.8533 61.7647 30.2933 0.000251
0 273.6646 3.6893 27.5422 7.3785 0.000233
0 399.8267 10.0501 20.3964 20.1002 0.000232
0 391.6196 7.0474 20.6271 14.0948 0.000191
0 405.8711 11.4422 17.4897 22.8844 0.000190
0 636.5477 43.6154 6.9045 67.5040 0.000188
0 292.1706 4.3635 21.3199 8.7271 0.000177
0 435.5780 3.1855 26.1469 6.3376 0.000177
0 427.0051 3.2389 22.7430 6.4240 0.000168
0 420.2253 3.6180 23.7725 7.2215 0.000155
0 636.8258 260.8361 6.3484 46.8074 0.000143
0 246.7695 231.4835 22.4533 45.9512 0.000141
0 380.6964 6.4709 18.6190 12.9418 0.000139
0 636.4825 178.0076 7.0350 50.4128 0.000135
0 7.3565 462.6840 14.7130 52.2551 0.000119
0 636.0792 357.4659 7.8417 47.7974 0.000116
0 262.1062 3.4871 26.0157 6.9743 0.000114
0 443.1169 3.4667 22.7983 6.9334 0.000110
0 636.2227 378.8454 7.5546 43.4579 0.000110
0 636.5742 20.9269 6.8517 41.8539 0.000109
0 630.1869 496.8048 19.6262 30.3904 0.000108
