0 140.5217 347.0344 26.3166 79.0280 0.872637
0 355.8220 218.6824 21.0869 60.3490 0.845209
0 79.4639 352.2739 22.7885 82.3883 0.824644
0 277.4673 5.2423 19.0363 10.4797 0.133890
0 477.4654 15.7498 15.3243 31.4558 0.009647
0 283.0926 7.4780 28.1257 14.9560 0.005392
0 481.1564 9.5865 20.0381 19.1599 0.005270
0 289.3634 3.9112 31.2569 7.8223 0.004587
0 277.2190 12.6230 22.4536 25.2059 0.001667
0 488.6494 14.8593 35.0685 29.7185 0.001470
0 468.3321 16.1200 29.1763 32.2400 0.001292
0 333.7355 3.8035 30.5978 7.6071 0.000943
0 636.7924 166.9246 6.4152 69.1053 0.000854
0 4.1648 281.0954 8.3297 50.1700 0.000848
0 5.2349 304.1051 10.4698 57.4101 0.000397
0 263.5635 5.0810 38.6333 10.1620 0.000380
0 300.0557 3.5987 29.6479 7.1975 0.000336
0 68.5168 353.8753 28.9919 84.6118 0.000324
0 342.7820 5.1238 23.2857 10.2055 0.000310
0 636.0536 211.1522 7.8928 93.3605 0.000297
0 161.5892 14.8630 20.1195 29.7259 0.000175
0 11.1187 452.6465 22.2373 69.2625 0.000163
0 501.7905 17.8809 32.1195 35.7617 0.000149
0 636.7649 249.4441 6.4702 82.4511 0.000140
0 322.3242 3.6441 25.6760 7.2883 0.000140
0 506.1396 10.5706 23.6394 21.1062 0.000115
0 636.8389 280.1165 6.3221 52.7606 0.000109
0 268.1861 13.2503 33.9442 26.3753 0.000103
