0 23.0732 321.1458 33.4080 35.8499 0.740556
0 430.8629 365.7419 34.2956 45.2463 0.300534
0 7.4460 291.3818 14.8919 65.8331 0.067315
0 26.2872 312.3159 34.5850 24.3773 0.029279
0 207.2537 506.1971 26.6719 11.6058 0.019090
0 360.0793 24.2045 24.8104 19.0735 0.006359
0 171.4332 501.3788 29.2888 21.2424 0.006114
0 422.4007 369.3346 18.9702 40.8727 0.005436
0 116.4839 8.3151 16.1787 16.5103 0.004446
0 8.3210 272.4846 16.1749 38.2074 0.003476
0 8.0801 310.6428 16.1602 51.0967 0.003014
0 352.4233 41.5076 16.9205 26.1227 0.002619
0 190.2731 505.1728 23.5401 13.5229 0.001399
0 371.3123 24.2352 45.9664 20.2172 0.000684
0 128.2984 505.1768 22.7759 13.6464 0.000649
0 36.1603 298.6072 23.8579 41.6117 0.000603
0 113.9292 229.8249 21.6710 14.2120 0.000602
0 631.1003 379.6890 17.7994 58.8533 0.000573
0 8.4002 175.0794 16.8004 55.5637 0.000557
0 571.9630 325.0869 31.8818 41.7260 0.000415
0 323.2034 3.4073 29.9298 6.8146 0.000386
0 5.2344 206.0505 10.3357 40.6385 0.000360
0 2.7740 65.2924 5.5480 27.5266 0.000327
0 351.6025 34.5530 16.4871 17.6977 0.000324
0 9.8015 117.5651 19.6030 45.3463 0.000314
0 127.8891 6.9710 36.2597 13.9420 0.000310
0 314.0182 3.4674 25.8439 6.8545 0.000259
0 184.7540 500.0600 19.9802 23.0870 0.000248
0 103.2854 7.8782 35.0777 15.0770 0.000228
0 634.1211 371.2341 11.7124 47.5197 0.000224
0 227.7973 217.5123 16.3052 22.0746 0.000200
0 3.6923 215.4626 7.3846 41.0551 0.000193
0 393.5951 238.7570 16.8657 12.2563 0.000188
0 336.3150 3.5111 24.3099 7.0139 0.000185
0 67.3582 5.2879 15.6517 10.2854 0.000173
0 417.8535 374.2369 15.3268 33.9226 0.000168
0 399.5736 19.4571 19.1913 11.6530 0.000160
0 82.1514 22.8914 16.4804 30.7460 0.000158
0 7.9875 326.5687 15.9749 38.9924 0.000158
0 458.1869 83.0999 27.9017 33.7598 0.000156
0 127.6875 230.7369 47.8267 17.7760 0.000154
0 531.7179 298.0804 42.7353 58.4667 0.000147
0 353.1930 223.2549 15.0803 18.4741 0.000138
0 122.7223 496.5135 26.3109 30.3643 0.000137
0 636.9193 47.1501 6.1615 27.4164 0.000134
0 200.3574 498.4836 27.0923 26.0231 0.000120
0 246.5871 224.1965 22.0661 15.4334 0.000118
0 533.4099 4.0646 20.8516 8.1293 0.000116
0 629.3538 401.4839 21.0974 50.5111 0.000115
0 147.1737 505.1177 33.7031 13.6660 0.000115
0 635.5280 12.8126 8.9440 25.6251 0.000114
0 110.7578 223.3061 19.3200 14.8840 0.000113
0 612.7341 508.4084 21.7661 7.1831 0.000113
0 527.3774 507.3533 34.5107 9.2935 0.000112
0 444.8831 12.6904 28.9615 24.6242 0.000109
0 105.6548 220.4908 17.0081 13.7343 0.000109
0 595.8453 6.6802 36.7893 13.3604 0.000105
0 15.4486 289.0952 22.3249 43.2883 0.000103
0 636.7067 347.0799 6.5867 35.5529 0.000101
