0 429.3471 355.1705 28.4653 71.8561 0.876537
0 358.3233 219.8344 33.1898 33.3030 0.865708
0 24.6706 321.8679 33.2048 38.9087 0.766596
0 7.9262 295.0432 15.8524 65.5537 0.080161
0 116.8517 9.2096 15.7030 18.2471 0.014212
0 7.0687 278.0036 14.0833 46.1330 0.004675
0 175.1414 502.4366 31.5792 19.1268 0.004665
0 537.0895 4.7366 27.1763 9.4716 0.004453
0 354.6811 44.5987 18.3038 24.6238 0.002337
0 358.6863 25.8859 20.2763 19.4690 0.001920
0 549.4366 4.8880 32.0291 9.7639 0.001323
0 109.4562 10.0925 29.3942 19.0132 0.001190
0 130.1471 504.2787 21.8588 15.4427 0.001174
0 94.3064 151.1238 17.8462 20.2910 0.001158
0 246.0768 188.4648 26.4488 36.6762 0.000939
0 182.7803 505.3760 22.8417 13.2480 0.000882
0 6.8679 323.7060 13.7357 45.2978 0.000844
0 36.4763 307.1814 23.0654 28.9597 0.000750
0 9.4809 174.5792 18.9618 51.9855 0.000719
0 5.7242 205.5848 11.4155 42.2727 0.000713
0 124.3890 506.5881 26.7032 10.7570 0.000519
0 367.5408 27.5123 33.9819 18.9771 0.000511
0 3.5876 67.7954 7.1753 25.9969 0.000490
0 503.2662 305.3020 44.1726 66.3523 0.000450
0 531.7068 300.3359 42.8075 56.3423 0.000421
0 322.4902 4.9243 25.9081 9.8486 0.000417
0 402.3154 22.0854 20.2885 15.0691 0.000400
0 11.9293 120.6213 23.8587 45.9395 0.000372
0 128.3774 8.5339 35.5768 17.0678 0.000358
0 208.4552 507.7445 26.4144 8.5109 0.000356
0 624.5811 7.6855 29.4655 15.3709 0.000352
0 123.4363 498.7560 25.8161 25.0295 0.000316
0 634.3024 10.1063 11.1903 20.2125 0.000302
0 636.8226 45.4532 6.3549 30.1661 0.000294
0 199.7148 507.8692 23.5023 8.2616 0.000278
0 84.0564 26.5367 16.6342 33.9438 0.000255
0 532.9869 7.3225 25.7200 14.6449 0.000254
0 269.2914 318.4050 13.2229 9.8812 0.000247
0 631.2335 385.4870 17.4535 64.2432 0.000241
0 468.9444 362.7699 33.4232 26.6957 0.000229
0 249.5820 226.4300 16.2629 15.1040 0.000218
0 526.7146 4.3531 31.3385 8.4442 0.000201
0 550.9390 508.1969 27.1006 7.6063 0.000184
0 13.9403 286.7482 23.0933 37.7081 0.000180
0 352.5843 32.1356 16.0468 14.1383 0.000175
0 5.3555 264.6709 10.5514 35.0906 0.000169
0 559.4595 9.7203 35.0913 19.4405 0.000156
0 312.6051 4.7478 20.6563 9.4005 0.000156
0 630.7772 403.5001 18.2664 46.0968 0.000155
0 276.8090 3.5376 25.1717 7.0752 0.000154
0 636.3956 20.5372 7.2087 40.0578 0.000153
0 15.5813 304.3149 26.4041 54.0321 0.000151
0 453.4589 6.6848 27.7560 13.3696 0.000149
0 394.2224 243.3922 19.4725 12.8514 0.000146
0 213.3011 359.1403 31.3906 54.1008 0.000144
0 141.7248 504.4147 35.7120 14.9968 0.000143
0 359.7635 32.8237 20.9357 16.9680 0.000132
0 4.4239 222.0746 8.8047 46.9072 0.000127
0 122.1800 229.7090 36.2981 12.0058 0.000121
0 284.2956 3.6032 21.1150 7.0717 0.000118
0 285.8434 44.0571 37.9158 43.3319 0.000114
0 170.8892 4.5815 31.7472 8.9056 0.000110
0 561.2638 508.1257 32.0828 7.7487 0.000106
0 422.1421 367.8767 15.9596 46.9446 0.000105
0 541.0438 508.1264 27.9702 7.7471 0.000104
0 444.9163 7.7422 30.1600 14.7838 0.000101
