0 492.9359 338.6436 25.6942 65.2490 0.875444
0 354.0026 212.9909 22.3846 45.2032 0.853076
0 26.3639 321.9182 34.5911 40.2455 0.763066
0 470.8914 364.5734 36.8088 24.3422 0.238858
0 8.4630 293.9065 16.9260 64.8887 0.228427
0 118.4044 9.5066 16.7566 18.8413 0.010277
0 8.0745 314.0988 16.1490 57.2618 0.005723
0 353.6622 43.8618 18.3446 26.1476 0.005200
0 359.5972 26.1627 18.6007 19.4664 0.002949
0 537.0114 4.8036 26.9949 9.6072 0.002551
0 177.6264 503.6460 31.5242 16.7079 0.002430
0 209.1821 507.5859 25.2803 8.8282 0.002253
0 110.3571 8.6461 30.3867 16.4924 0.002117
0 629.8379 386.2472 20.2690 65.4695 0.001870
0 9.0260 275.4686 17.2007 38.7482 0.001754
0 34.9219 307.1733 27.6207 28.0977 0.001562
0 186.3932 505.3380 19.1841 13.3240 0.001542
0 133.5034 504.0584 23.6695 15.8832 0.001004
0 3.6369 66.4534 7.2739 28.8685 0.000945
0 550.1796 4.9700 30.6519 9.9234 0.000931
0 246.8088 188.7984 26.0032 37.4257 0.000712
0 198.8472 507.7231 26.0638 8.5538 0.000595
0 9.8870 179.5950 19.7739 61.1125 0.000594
0 5.8576 209.7643 11.7153 31.6745 0.000566
0 371.4474 27.7270 38.3365 20.6604 0.000560
0 323.4664 4.7906 28.7435 9.5812 0.000537
0 13.5715 288.9694 23.7749 49.6130 0.000507
0 484.1932 362.1818 16.9811 25.8473 0.000457
0 161.8972 503.1892 24.8406 17.6216 0.000417
0 570.8480 327.5123 35.3131 45.3915 0.000371
0 124.0587 506.7600 26.8474 10.4800 0.000352
0 128.7772 8.5909 34.5049 17.1819 0.000332
0 625.5806 6.8908 27.6663 13.7815 0.000297
0 633.6180 9.4002 12.5437 18.8004 0.000282
0 337.3867 4.7992 25.1108 9.5984 0.000219
0 123.9568 498.4678 26.5606 26.9677 0.000212
0 636.9189 46.4059 6.1622 33.7302 0.000208
0 249.5475 226.4676 18.1547 15.4483 0.000204
0 183.8011 5.9889 35.1049 11.9376 0.000194
0 351.7689 35.7820 16.0240 18.3370 0.000190
0 277.2169 3.4762 25.3633 6.9524 0.000189
0 525.0741 4.0918 30.1200 7.9868 0.000182
0 92.9477 150.8154 20.9192 20.4184 0.000171
0 312.9539 4.4727 22.3264 8.8249 0.000170
0 532.6526 7.5096 26.4453 15.0192 0.000170
0 5.7193 265.5845 11.2235 37.4538 0.000166
0 635.9300 14.0358 8.1400 28.0715 0.000165
0 215.6559 504.9305 34.6414 14.1389 0.000158
0 270.2072 318.2809 13.0234 9.8690 0.000157
0 195.0272 504.3919 25.2885 15.2162 0.000153
0 6.7983 192.7715 13.5966 64.1333 0.000149
0 633.6237 500.0078 12.7526 23.9844 0.000145
0 634.1727 368.0776 11.6547 55.8398 0.000141
0 285.2144 45.3558 36.8148 46.0690 0.000138
0 454.3199 7.1066 27.6381 14.2131 0.000133
0 11.2524 119.9663 22.5049 46.1648 0.000126
0 614.7355 507.8652 26.0505 8.2101 0.000111
0 559.8881 10.0713 33.5620 20.1425 0.000110
0 636.8237 33.5807 6.3527 45.8809 0.000108
0 140.2424 501.4934 38.2527 21.0132 0.000108
0 629.1849 410.7878 21.6302 50.4260 0.000108
0 120.4626 229.9609 27.7341 14.0919 0.000106
0 4.0537 54.3749 8.1073 54.1316 0.000103
