0 331.5802 228.0564 36.9647 55.1729 0.889212
0 629.3866 288.8703 21.2268 39.5420 0.002082
0 576.5620 312.7346 23.6211 46.6343 0.001603
0 636.3326 6.6313 7.3347 13.2626 0.001172
0 636.6661 12.6999 6.6677 25.3999 0.000499
0 7.1017 412.9620 14.2034 64.1006 0.000495
0 533.8888 5.4870 20.1318 10.9739 0.000324
0 633.3615 272.7930 13.2771 53.6872 0.000318
0 630.9293 5.3381 18.1414 10.6762 0.000251
0 634.0082 300.5941 11.9836 60.9294 0.000250
0 342.3092 223.3109 18.1152 45.9592 0.000195
0 105.9090 506.7003 31.5891 10.5780 0.000171
0 105.6681 497.6592 31.4221 28.6011 0.000112
