0 343.5125 239.0820 33.2012 39.8821 0.857906
0 221.6277 13.4557 33.9326 26.9114 0.045101
0 95.6177 108.8127 33.2549 53.1616 0.007067
0 6.4415 466.5134 12.8830 79.7648 0.004268
0 634.0732 219.7405 11.8536 73.6899 0.003744
0 635.9716 390.0966 8.0568 73.8170 0.002316
0 288.7285 56.0529 24.6146 47.7554 0.001846
0 4.1948 347.1396 8.3897 75.9197 0.001487
0 637.0771 73.3035 5.8457 58.3728 0.001447
0 266.3871 4.5745 25.1691 9.1258 0.000863
0 279.4462 5.6686 23.1302 11.2749 0.000860
0 577.1619 108.4660 32.8127 76.1386 0.000807
0 249.4330 4.1456 28.0720 8.2446 0.000803
0 572.0193 95.0116 21.6162 48.0783 0.000705
0 636.2727 347.3177 7.4546 96.9955 0.000663
0 636.6987 8.8545 6.6025 17.7089 0.000595
0 3.9213 379.3987 7.8427 69.4091 0.000590
0 289.7347 6.3287 33.5944 12.5489 0.000581
0 636.8311 92.9544 6.3378 107.2294 0.000575
0 321.5596 12.0117 25.1431 23.9440 0.000522
0 5.0382 447.5056 10.0764 54.1794 0.000518
0 7.6300 334.0706 15.2600 97.1723 0.000473
0 229.9023 10.8291 24.7226 21.6422 0.000333
0 13.2735 230.0136 26.5471 99.8708 0.000324
0 7.3610 169.0948 14.7221 33.7655 0.000303
0 76.2535 110.5752 10.9971 21.6156 0.000276
0 340.0590 121.3454 13.1869 37.0956 0.000273
0 637.1164 19.9858 5.7672 39.9716 0.000265
0 637.3748 467.6118 5.2504 48.5656 0.000227
0 91.4753 182.5099 21.7775 21.3915 0.000207
0 11.8675 485.0076 23.7349 53.5766 0.000202
0 568.7701 88.2572 16.4073 33.0327 0.000188
0 271.5172 388.6536 12.1471 27.4830 0.000180
0 590.6368 10.2456 24.6049 18.5282 0.000179
0 635.5018 237.5253 8.9963 79.2480 0.000178
0 7.3370 495.1049 14.5873 33.7902 0.000173
0 145.0153 494.1508 60.7770 35.6984 0.000169
0 630.1512 7.6910 19.6975 15.3821 0.000153
0 304.9351 5.4461 21.3778 10.7461 0.000143
0 637.2355 329.7704 5.5291 73.1696 0.000142
0 369.7313 25.8053 27.0525 44.5375 0.000139
0 83.1479 114.8076 12.9670 35.4426 0.000137
0 261.8503 7.1594 31.3638 14.3188 0.000132
0 435.1683 13.1047 41.7246 24.8546 0.000130
0 457.0002 13.8360 52.4475 27.1461 0.000128
0 4.6186 429.8920 9.1905 60.2173 0.000124
0 246.0539 10.4725 31.0972 20.9449 0.000123
0 632.2555 196.9996 15.4475 85.1368 0.000122
0 472.2444 183.1030 29.1929 17.1069 0.000121
0 421.7732 8.3534 43.0545 16.6073 0.000118
0 280.9072 56.2440 15.7185 47.4476 0.000118
0 334.7109 10.9458 35.4161 21.8554 0.000110
0 24.1633 494.9799 35.9998 34.0402 0.000104
0 632.2277 69.2296 15.1906 66.8996 0.000101
