0 252.8054 236.0971 42.8819 73.5024 0.908934
0 364.9861 274.4956 31.3846 37.5764 0.882773
0 116.9601 508.1376 27.9426 7.7248 0.016061
0 125.2679 507.1905 38.4902 9.6191 0.002052
0 118.5332 504.8209 33.5042 14.3582 0.000628
0 632.6167 429.5988 14.7666 73.1241 0.000492
0 479.6175 498.0711 33.1304 27.8578 0.000460
0 101.0513 507.7631 37.9113 8.2556 0.000242
0 3.2376 282.9429 6.4753 93.9501 0.000203
0 623.8840 245.5240 32.2321 154.9759 0.000162
0 137.4286 507.6666 30.3798 8.6669 0.000143
0 629.3398 290.0197 21.3203 50.7489 0.000142
0 179.5114 196.1555 24.1451 22.7841 0.000133
0 634.0396 407.3853 11.9208 92.3120 0.000123
0 492.4856 504.6229 46.5378 14.7543 0.000108
0 125.6927 498.6029 40.5302 26.3171 0.000105
0 363.5804 496.9128 52.1462 30.1744 0.000103
