0 442.4475 257.5068 23.9014 87.1989 0.905412
0 315.5300 268.1349 43.3762 106.9158 0.880423
0 298.2511 296.6951 48.6264 156.4276 0.867374
0 118.7153 15.3832 20.4499 30.5880 0.000710
0 81.6918 273.5997 18.1967 57.0977 0.000261
0 93.1710 3.6575 12.9957 7.3150 0.000252
0 221.9562 502.7057 24.6334 18.2020 0.000170
0 79.8603 53.9944 12.3600 16.8051 0.000166
0 4.3777 333.3030 8.7554 47.9541 0.000156
0 97.6198 4.4048 16.5076 8.8095 0.000150
0 79.0057 502.4539 31.8849 19.0921 0.000147
0 12.2973 509.5347 15.9929 4.9306 0.000110
0 6.9041 508.6865 13.7865 6.6271 0.000107
0 282.0710 250.8091 14.7207 56.9610 0.000101
