0 388.5644 207.3037 51.1627 46.8138 0.858351
0 154.3915 366.5556 46.2144 42.1871 0.047864
0 628.6755 502.5982 22.6490 18.8036 0.019138
0 131.9096 390.1986 24.1814 22.2674 0.010371
0 457.8536 34.7676 33.3187 18.9373 0.008894
0 456.0283 43.0658 36.5413 34.5562 0.007386
0 540.9769 492.9208 40.7129 37.7917 0.007239
0 472.1170 6.1518 29.8106 12.2638 0.003726
0 84.4298 193.8993 56.8873 87.4394 0.002547
0 622.4160 43.1158 34.6542 52.4809 0.002170
0 545.8165 15.2229 39.1565 28.4198 0.002073
0 55.2255 3.9619 27.0953 7.9238 0.001817
0 483.6425 6.6314 36.7952 12.9949 0.001635
0 439.1918 70.7183 55.3550 50.3915 0.001416
0 287.5342 11.2586 24.3922 22.0066 0.001268
0 44.9601 3.7945 19.1308 7.5889 0.001199
0 449.5169 55.1912 47.5941 55.3569 0.001123
0 465.3002 9.5386 32.3643 19.0772 0.000918
0 64.9276 4.0598 22.9603 8.1196 0.000901
0 532.2368 14.3342 45.0679 26.7616 0.000748
0 37.8138 3.6433 20.4800 7.2866 0.000730
0 301.5269 10.6231 37.9418 20.0473 0.000647
0 222.7672 5.0865 36.6090 10.1707 0.000635
0 49.6272 8.8883 23.2357 17.7766 0.000543
0 636.3224 17.7927 7.3552 35.5855 0.000540
0 77.2713 154.6572 18.7276 16.1720 0.000532
0 221.8207 11.5888 37.9456 22.9231 0.000517
0 2.9870 387.7220 5.9740 56.1611 0.000461
0 632.7221 50.3725 14.5520 67.0343 0.000436
0 293.5864 439.6855 35.1448 20.1235 0.000429
0 382.2654 506.7530 24.4113 10.4941 0.000345
0 279.4120 6.7235 32.5316 13.3373 0.000342
0 615.2068 501.7924 49.5864 20.4152 0.000320
0 636.2679 54.3582 7.4277 65.4167 0.000309
0 312.7015 507.3865 21.0583 9.2271 0.000293
0 562.5076 11.3449 37.2544 22.5664 0.000278
0 525.8507 8.5695 44.3630 15.8339 0.000273
0 131.3362 410.2740 25.6836 63.6803 0.000250
0 417.9474 507.6289 32.4225 8.7422 0.000231
0 133.7169 377.2125 24.5016 47.3850 0.000223
0 635.3430 38.2029 9.3141 48.6881 0.000219
0 398.8521 499.8103 29.9843 22.4182 0.000211
0 469.8607 61.2029 25.7178 57.4671 0.000210
0 564.8716 498.5526 31.6517 26.8627 0.000205
0 426.2483 73.0929 29.6232 49.3297 0.000204
0 636.9957 392.8344 6.0087 47.6559 0.000184
0 274.4330 11.2132 33.0052 21.9453 0.000181
0 392.2323 503.2244 30.3293 17.5512 0.000181
0 507.5786 5.4698 37.0554 10.5371 0.000160
0 75.4125 4.3582 21.7047 8.7164 0.000154
0 244.2739 4.6481 60.3017 9.2207 0.000146
0 2.5716 408.2887 5.1431 53.0194 0.000140
0 3.3408 367.0399 6.6817 102.5521 0.000138
0 371.4613 4.7580 47.0505 9.3766 0.000130
0 630.0914 489.7875 19.8173 44.4250 0.000129
0 283.3091 434.0596 27.8191 31.2032 0.000122
0 636.8658 217.4816 6.2684 41.3311 0.000121
0 282.1328 259.0296 26.3080 21.2642 0.000117
0 579.8774 12.8844 42.8184 25.7688 0.000110
0 67.4471 8.2202 22.3594 16.4404 0.000108
0 370.3372 507.6262 29.6531 8.7476 0.000107
0 636.3950 197.7527 7.2101 39.8103 0.000103
0 264.9512 4.8787 41.1173 9.7110 0.000103
0 456.6636 431.2466 17.4807 26.7039 0.000102
0 38.5704 9.2600 18.9733 18.5200 0.000100
