0 237.6711 177.5664 33.2406 75.7744 0.880146
0 256.7739 251.1282 31.8883 74.9738 0.879322
0 634.5156 349.8649 10.9688 49.1636 0.069406
0 636.6184 335.4279 6.7632 50.1325 0.009098
0 26.5680 7.6705 27.8097 15.2607 0.007546
0 16.1827 8.2141 28.5370 16.4282 0.005001
0 632.3534 490.7430 15.2932 42.5140 0.003984
0 630.8683 149.3452 18.2633 118.1983 0.002425
0 421.7845 146.3537 20.0952 32.1353 0.002258
0 161.1577 5.3931 18.9608 10.7861 0.002198
0 34.9750 19.3406 21.3691 30.6400 0.001697
0 631.6500 357.7130 16.7000 59.6573 0.001671
0 3.9536 225.7734 7.9072 114.0440 0.001606
0 635.4111 435.4890 9.1779 53.4916 0.001383
0 3.1902 183.1612 6.3805 48.3975 0.001101
0 633.7756 466.5950 12.4487 78.9258 0.000942
0 622.9222 134.0615 34.1555 150.6378 0.000838
0 157.3662 8.5952 20.8981 17.1904 0.000681
0 12.1194 15.0202 24.0124 29.8772 0.000632
0 40.1960 5.5266 30.1943 10.6555 0.000607
0 2.7228 115.3227 5.4455 50.0730 0.000546
0 631.6688 337.3732 16.2903 54.0637 0.000541
0 93.5651 4.4712 33.8825 8.9184 0.000518
0 632.4311 305.1953 15.1378 68.6628 0.000505
0 93.4732 8.7673 39.4383 17.5346 0.000355
0 5.6008 303.1678 11.2015 94.0356 0.000282
0 481.3964 10.3921 32.5306 20.7841 0.000269
0 165.8067 8.5629 27.3446 17.1258 0.000268
0 634.9267 124.0920 10.1466 160.5148 0.000246
0 493.3239 7.0483 36.5718 14.0219 0.000245
0 619.8972 168.5287 40.2057 85.7871 0.000222
0 244.8527 21.9311 29.9575 43.8622 0.000214
0 8.4759 457.4344 16.7240 75.9113 0.000208
0 328.1337 503.9477 36.0753 16.0620 0.000205
0 149.7593 10.5113 31.8672 20.9900 0.000200
0 238.4147 9.4843 44.9164 18.9687 0.000198
0 109.3781 4.3614 48.4272 8.7020 0.000198
0 3.6435 22.4109 7.2869 43.9726 0.000186
0 4.3737 255.4409 8.7473 66.8298 0.000185
0 5.7166 475.1939 11.3353 70.1103 0.000170
0 51.6981 4.9087 37.8139 9.7287 0.000148
0 14.6762 244.0240 29.3524 77.4291 0.000146
0 102.1757 14.8415 55.2899 29.5379 0.000141
0 350.4038 148.9361 35.1106 46.9848 0.000129
0 9.6031 225.0830 19.2062 118.0856 0.000119
0 345.9261 276.3376 17.9810 37.4410 0.000108
0 80.5630 4.1003 32.9366 8.1803 0.000105
0 296.4391 238.7379 16.0583 24.6023 0.000105
0 32.9934 495.1873 41.2984 33.6254 0.000103
