0 216.4523 95.1972 26.5474 31.5278 0.832950
0 316.7064 142.4583 29.1852 22.6678 0.825846
0 105.9251 38.5433 40.2059 50.1655 0.769026
0 51.7368 50.5456 57.8065 41.9187 0.738270
0 448.9980 497.0544 45.7659 28.9907 0.026091
0 464.6172 242.7773 35.6024 89.2988 0.018111
0 278.1370 234.4095 21.8323 39.7995 0.014356
0 66.2546 52.2920 43.5353 35.3240 0.011291
0 565.2463 506.2754 33.8511 11.4492 0.011176
0 104.1952 20.2746 32.3622 28.6494 0.010605
0 353.4521 479.9582 32.3361 62.8022 0.009167
0 628.1138 280.1246 23.4017 31.8821 0.008858
0 208.5629 12.4824 37.7161 24.9647 0.008658
0 98.5750 6.1579 29.1386 12.3158 0.008014
0 89.2639 5.1654 33.9388 10.3309 0.006973
0 20.2927 4.1629 33.5588 8.2132 0.004956
0 103.3206 10.7543 31.1839 21.2974 0.002686
0 76.2096 5.3918 32.7793 10.7835 0.002327
0 29.6473 9.1392 38.9083 18.2783 0.002251
0 36.2549 49.2966 28.0370 39.7876 0.002163
0 289.6077 232.9274 24.2455 39.3588 0.002136
0 6.5727 14.7225 13.1453 29.4027 0.002113
0 36.5431 4.9540 38.9027 9.9080 0.002055
0 626.4504 452.2350 26.7688 41.9487 0.001932
0 265.9587 237.3663 26.8171 32.3945 0.001860
0 576.9141 505.1564 42.7106 13.6873 0.001804
0 16.3065 14.5599 32.6129 28.8316 0.001685
0 436.6922 3.3594 29.5411 6.7115 0.001619
0 54.6688 4.7372 35.2235 9.4744 0.001294
0 4.2919 44.9119 8.5710 40.6023 0.001282
0 66.5125 4.8661 29.0008 9.7321 0.001266
0 556.5195 504.6181 38.0583 14.1161 0.001260
0 225.7327 111.5306 15.2454 17.7804 0.001229
0 522.6012 507.4318 27.0292 9.1364 0.001141
0 7.1814 173.3970 14.2653 35.1788 0.001077
0 386.2042 285.5529 17.7095 35.5622 0.000978
0 632.7253 299.8023 14.5494 53.2222 0.000923
0 42.4275 8.7296 40.8843 17.4591 0.000922
0 7.6822 148.1527 15.3644 72.8456 0.000790
0 585.4644 507.4556 44.8943 9.0889 0.000734
0 536.1854 8.6402 29.8069 17.2804 0.000691
0 425.6302 10.3695 45.7560 20.7390 0.000587
0 421.4226 5.5592 44.2684 11.1184 0.000525
0 449.0684 4.0825 47.4491 8.1651 0.000522
0 231.0058 111.0420 19.4468 13.6860 0.000483
0 4.0563 28.1377 8.1060 39.9958 0.000427
0 539.0549 507.0901 47.1295 9.8198 0.000425
0 302.2520 316.9757 22.1510 22.7328 0.000403
0 4.6093 63.3660 9.2186 46.7094 0.000401
0 635.2246 308.1279 9.5507 40.6881 0.000319
0 438.1651 8.7938 41.6554 17.5875 0.000306
0 3.2710 444.2443 6.5420 67.3740 0.000280
0 355.2292 463.6691 21.9495 29.5565 0.000277
0 226.5489 7.2337 21.8892 14.3526 0.000271
0 17.9564 42.7805 35.7506 34.0479 0.000255
0 636.1370 270.7218 7.7261 42.6429 0.000251
0 637.3954 407.9772 5.2092 50.4390 0.000247
0 2.7380 459.7291 5.4760 51.0623 0.000233
0 224.3917 12.6937 25.9223 25.3873 0.000215
0 279.3187 259.3818 19.7141 45.5739 0.000215
0 296.1805 232.4128 17.0418 35.4992 0.000205
0 356.7003 214.8688 12.4611 20.1875 0.000197
0 380.1093 27.3581 27.3834 45.5324 0.000192
0 401.0990 231.5121 35.4708 49.6673 0.000187
0 317.7134 4.2914 47.1434 8.5829 0.000186
0 5.0256 195.4453 10.0513 76.9438 0.000178
0 463.8961 5.4004 37.5326 10.7540 0.000170
0 636.9403 18.2979 6.1194 30.6353 0.000157
0 104.4072 295.8910 32.7442 68.8771 0.000152
0 427.8073 460.9166 32.6136 58.7871 0.000152
0 636.9871 388.8232 6.0258 55.9406 0.000152
0 258.5955 18.4589 32.3950 36.9178 0.000146
0 185.2626 499.5630 54.3777 24.2288 0.000143
0 364.6654 263.6165 23.1129 42.6676 0.000139
0 527.3115 6.0388 36.6560 12.0776 0.000133
0 78.0288 59.8954 47.0762 22.9811 0.000126
0 323.1308 277.9848 33.0291 65.0436 0.000126
0 438.2775 14.6995 58.9779 29.3706 0.000118
0 118.1169 16.8630 48.7737 33.7259 0.000117
0 536.3984 225.0781 47.3425 63.1623 0.000116
0 332.2802 3.0038 34.2202 6.0076 0.000114
0 568.7070 499.5987 34.0942 24.1023 0.000110
0 469.0901 59.3362 32.6522 52.0716 0.000110
0 7.9656 496.7498 15.9311 30.5003 0.000107
0 85.8936 46.7064 66.0552 43.0168 0.000105
0 637.1428 253.7453 5.7145 43.2945 0.000103
0 358.6428 490.4444 49.7933 43.1111 0.000103
0 633.7506 503.8184 12.4988 16.3632 0.000102
0 261.7946 144.0427 17.2272 53.2650 0.000102
0 558.8973 498.4452 30.7094 22.2328 0.000101
0 283.8476 4.5248 38.2233 9.0408 0.000101
