0 190.6259 275.0831 44.3249 109.8300 0.913506
0 297.4119 268.0762 29.3668 84.5352 0.906470
0 451.3333 258.9845 24.3093 87.4099 0.892283
0 4.3030 9.8668 8.6059 19.7336 0.001476
0 4.1640 20.9052 8.3280 41.8103 0.000657
0 231.7211 503.7001 25.6269 16.4766 0.000527
0 3.6346 504.9127 7.2693 14.1746 0.000293
0 9.4214 11.4677 18.8429 22.9210 0.000252
0 130.4568 13.8742 19.7381 27.3571 0.000245
0 5.5838 204.3284 11.1676 69.7897 0.000236
0 636.9346 237.1265 6.1309 101.5518 0.000167
0 86.7191 502.9020 34.1886 18.1960 0.000165
0 209.1803 502.1735 26.3778 17.8201 0.000134
0 3.8967 226.8355 7.7806 89.2580 0.000117
0 89.7002 275.0271 26.3434 58.1308 0.000116
0 9.9604 24.7992 19.9207 49.3855 0.000115
0 19.7955 509.2646 16.3094 5.4709 0.000101
