0 427.5690 168.1316 14.9941 30.8942 0.889026
0 404.8474 127.5372 18.1732 40.0166 0.861917
0 454.0315 244.2828 12.5131 16.3177 0.168732
0 8.2227 90.0877 16.4454 61.4811 0.007902
0 59.4782 17.4725 46.4519 34.8121 0.003484
0 459.1882 244.7531 24.5422 16.8790 0.000621
0 70.1639 5.7489 29.0208 11.4884 0.000395
0 5.3354 110.7527 10.6129 97.1056 0.000386
0 44.8943 10.3024 29.6347 20.4752 0.000295
0 4.8582 169.2104 9.7164 81.3546 0.000287
0 446.0550 243.9154 28.0631 17.4937 0.000285
0 6.5816 71.5223 13.1140 58.3353 0.000135
