0 269.6222 201.4470 20.6220 38.8589 0.903425
0 227.4713 211.3931 23.9497 37.4393 0.900398
0 224.2527 372.4495 21.9104 35.5913 0.900171
0 38.3988 5.3070 38.3855 10.6139 0.043325
0 10.6900 46.6622 21.3799 65.3588 0.007719
0 37.1217 16.4534 41.5104 32.6606 0.002954
0 48.1825 7.3026 41.0761 14.6052 0.002744
0 416.0046 500.5948 50.9807 22.7025 0.002021
0 19.7797 6.9954 35.1879 13.9908 0.001142
0 26.5876 12.1178 39.1043 24.2356 0.000795
0 398.3427 499.8619 45.6718 24.2712 0.000597
0 10.6862 11.4117 21.3724 22.8234 0.000357
0 15.6625 20.4594 29.6684 40.4553 0.000269
