0 365.6538 173.1848 18.0417 40.6205 0.894404
0 319.0194 185.3623 13.9657 38.1892 0.877777
0 317.1523 139.4327 12.1201 37.6583 0.871300
0 209.2394 238.1280 12.9753 22.8893 0.800564
0 636.7919 502.6508 6.4162 18.6984 0.132878
0 632.5609 504.2510 14.7654 15.4979 0.010863
0 636.8558 492.5384 6.2883 38.9232 0.008606
0 637.3738 111.5992 5.2524 66.8319 0.001988
0 348.2745 509.3941 20.8666 5.2119 0.000678
0 208.7034 247.9230 14.7061 42.6810 0.000476
0 126.8178 509.2286 25.4669 5.5427 0.000250
0 583.1782 509.0493 32.4197 5.9014 0.000202
0 64.8406 15.0861 21.8774 30.1721 0.000179
0 344.0172 502.6960 26.9227 18.6080 0.000136
0 355.2897 508.8485 29.6541 6.3030 0.000126
0 2.4570 70.8904 4.8376 42.4804 0.000104
0 339.7394 508.1447 33.9371 7.7106 0.000103
