0 395.9376 260.3900 18.7622 41.1193 0.898537
0 435.6538 227.9473 11.8195 32.2366 0.879844
0 395.8034 218.6889 12.5807 37.6196 0.875197
0 424.5878 210.5549 11.2028 32.0760 0.716793
0 433.6899 219.4402 13.3784 47.0818 0.000430
0 4.5552 104.0787 8.3587 35.2270 0.000301
0 4.9614 116.9720 9.9009 67.1338 0.000201
0 418.3380 211.3437 22.4081 32.2952 0.000191
0 10.3084 497.3090 20.6167 29.3820 0.000191
0 171.6151 507.9458 24.6439 8.1085 0.000148
0 4.1378 86.1527 8.2715 74.0125 0.000127
0 164.0772 508.4458 26.7028 7.1083 0.000104
