0 189.3813 117.8911 18.9416 33.3846 0.895710
0 145.7520 141.9641 14.0443 27.4187 0.867289
0 253.2583 133.2635 13.8680 30.7403 0.841541
0 3.8175 494.1075 7.6351 35.3873 0.013925
0 3.6683 482.5388 7.3367 31.5768 0.007729
0 8.1824 494.7129 16.3647 34.5742 0.002519
0 256.5065 509.5218 21.1536 4.9564 0.000722
0 3.9022 469.7520 7.8045 49.4111 0.000680
0 8.2911 481.7956 16.4316 40.7171 0.000387
0 3.7064 381.3368 7.4129 40.1298 0.000272
0 10.4744 17.7287 20.9488 35.4574 0.000216
0 13.3476 490.1606 25.7532 41.5058 0.000214
0 3.2086 396.0289 6.4172 45.3364 0.000181
0 237.0123 12.5850 21.2794 25.1699 0.000181
0 611.2920 432.5943 23.2476 27.0366 0.000110
