0 275.3358 181.4902 12.7233 32.1845 0.884099
0 305.9499 118.6444 16.8190 40.7173 0.861840
0 635.4883 494.1945 9.0234 34.6240 0.060706
0 5.3888 12.5377 10.7776 25.0754 0.021201
0 100.0972 2.8156 16.7378 5.5918 0.002232
0 145.9946 5.4862 18.0878 10.9724 0.002222
0 4.9331 23.9587 9.8662 47.9175 0.001772
0 635.5900 475.6501 8.8201 72.6998 0.001172
0 627.8904 494.4862 23.9656 34.4430 0.000584
0 12.1899 12.2383 23.7313 24.4766 0.000555
0 581.9850 10.8995 17.4093 21.7990 0.000525
0 473.4682 3.4274 21.4816 6.8190 0.000215
0 128.9354 4.4909 49.8770 8.9065 0.000213
0 151.1876 6.8947 24.9661 13.7895 0.000191
0 109.5126 3.2565 32.7221 6.4623 0.000186
0 528.0794 12.7477 23.3674 25.3803 0.000117
0 138.8734 6.6953 30.5202 13.3906 0.000108
0 91.5694 3.2520 30.3377 6.4768 0.000100
