0 25.2055 247.6598 32.4424 98.3170 0.898759
0 357.7010 292.9084 34.2015 56.6718 0.850321
0 216.6772 272.4017 32.0165 34.7442 0.809849
0 3.2005 252.8887 6.4009 77.7604 0.097240
0 629.6322 19.9642 20.7356 39.9283 0.023680
0 224.6099 249.0427 49.6964 87.4991 0.013139
0 530.5435 244.0143 18.0958 37.2990 0.009080
0 585.0856 4.4349 29.2842 8.8697 0.005612
0 594.3264 5.4539 45.7080 10.8210 0.001134
0 526.5321 262.1272 27.4026 70.2084 0.001112
0 612.6049 11.2854 52.6731 22.5654 0.000764
0 53.9688 507.6726 43.9439 8.6548 0.000548
0 636.5009 285.1437 6.9983 102.9694 0.000513
0 612.8531 21.6834 54.2937 43.2430 0.000452
0 631.5635 36.8635 16.8730 73.7269 0.000401
0 390.4167 287.0203 31.6093 16.4789 0.000364
0 2.7324 284.6340 5.4647 129.7929 0.000355
0 172.8882 4.9904 30.1154 9.9808 0.000351
0 138.6173 8.8966 40.4722 17.7932 0.000329
0 622.8578 31.1907 34.0667 62.3814 0.000312
0 580.8075 7.1839 38.4717 14.3679 0.000202
0 134.4381 17.0337 37.3664 34.0674 0.000152
0 161.8716 6.2382 50.5500 12.4764 0.000144
0 15.9161 251.1053 19.3174 90.7750 0.000125
