0 410.8997 359.3030 28.4985 44.4219 0.905810
0 477.8420 375.1384 19.7764 54.9240 0.905242
0 492.9500 146.7679 19.9626 48.0534 0.900885
0 415.9778 119.0372 17.0950 54.9169 0.093451
0 20.8453 20.3315 41.6905 40.6630 0.006053
0 12.1113 11.3523 24.1134 22.4461 0.000755
0 4.3507 43.2892 8.7014 70.0702 0.000670
0 10.1778 41.1693 20.3458 80.2366 0.000237
0 6.3624 23.9274 12.7249 47.2340 0.000182
0 569.3060 6.9169 22.7603 13.8338 0.000159
0 19.6941 40.1380 38.7347 80.2760 0.000158
0 23.9980 7.1347 39.1763 14.2382 0.000110
