0 181.2911 298.6372 32.4434 31.8661 0.906100
0 183.3211 213.1256 20.9534 32.2237 0.813803
0 538.6791 8.5062 20.7246 17.0124 0.645565
0 633.8124 174.3579 12.3752 28.1170 0.044590
0 548.6848 8.3076 41.0505 16.6153 0.012786
0 633.5597 159.1254 12.8806 59.0958 0.004076
0 633.1769 184.2614 13.6463 40.3272 0.001246
0 526.3943 410.7559 34.0481 31.7925 0.000350
0 594.8922 181.0857 18.4255 17.7574 0.000308
0 332.3839 269.9589 25.4794 26.0807 0.000207
0 621.3726 176.0222 37.2548 26.2353 0.000196
0 7.3661 394.5656 14.7321 56.9791 0.000152
