0 210.3848 240.1792 35.0350 91.5966 0.883529
0 56.0752 244.6120 24.7881 86.6621 0.879139
0 457.8123 235.7359 31.8226 72.2069 0.877455
0 349.7197 288.6615 48.8553 65.5986 0.874736
0 627.8776 20.5029 24.2449 40.9374 0.004017
0 2.5608 227.1825 5.1217 75.4158 0.000983
0 212.0453 269.2876 30.0624 33.7628 0.000750
0 581.7154 5.6300 31.9456 11.2599 0.000714
0 634.9680 287.5355 10.0640 85.2360 0.000438
0 629.3292 38.5863 21.3416 77.1725 0.000323
0 169.8062 4.7496 27.0299 9.4991 0.000280
0 141.1278 6.7142 37.8183 13.4283 0.000176
0 157.3031 5.1758 47.0546 10.3517 0.000154
0 619.6244 9.1141 36.6394 18.2282 0.000140
0 45.3087 507.9027 39.1380 8.1946 0.000137
0 205.9906 258.9334 31.3683 56.4394 0.000134
0 56.0361 506.7823 52.1681 10.4354 0.000111
0 597.0026 7.0145 55.9438 13.9841 0.000105
