0 362.5449 279.9258 37.5375 109.1047 0.913438
0 537.6073 359.1342 60.8121 191.1962 0.908447
0 547.5525 4.5996 26.1448 9.1895 0.000952
0 635.6071 250.9836 8.7859 75.4880 0.000942
0 635.7970 45.2734 8.4060 55.4843 0.000939
0 452.7392 500.6675 40.1853 22.6650 0.000528
0 464.0611 501.4095 30.0005 21.1810 0.000496
0 635.2601 62.4135 9.4797 112.0464 0.000439
0 630.1262 176.8449 19.6847 81.1788 0.000418
0 309.6877 10.4350 26.9498 20.8312 0.000362
0 560.9628 5.5084 44.7136 11.0169 0.000219
0 629.4611 474.3522 21.0779 75.2956 0.000217
0 165.4045 500.9203 25.2723 22.1370 0.000200
0 464.7081 4.0749 21.4346 8.1234 0.000157
0 3.6325 409.9729 7.2649 69.2891 0.000143
0 631.7535 45.4375 16.4930 81.3737 0.000129
0 149.3022 280.9253 33.4437 111.1445 0.000127
0 633.0908 25.0896 13.7632 49.7375 0.000123
0 634.3715 459.0676 11.2570 52.0650 0.000111
0 630.6949 13.8036 18.2769 27.4657 0.000108
