0 208.0800 235.1914 32.9349 67.6502 0.873031
0 3.1778 285.4227 6.3556 50.3678 0.032796
0 630.8439 115.0582 18.2146 69.2509 0.009473
0 618.1756 98.7016 38.6316 33.9519 0.002792
0 3.5249 263.5684 7.0498 82.7211 0.001513
0 503.0109 7.9761 20.5054 15.9329 0.001490
0 83.0753 507.8814 27.6220 8.2372 0.001254
0 629.3071 461.3884 20.6948 34.3248 0.001105
0 31.9343 501.7463 49.5228 20.5073 0.000890
0 95.5313 507.8474 35.2705 8.3053 0.000522
0 37.8213 493.0900 46.8046 37.8200 0.000490
0 620.2905 462.0225 35.4963 37.0100 0.000395
0 147.5610 4.4607 36.1855 8.9213 0.000379
0 636.9258 218.1606 6.1483 44.8124 0.000360
0 3.0398 52.7581 6.0797 54.4458 0.000318
0 636.3306 289.8557 7.3389 51.2224 0.000300
0 635.2587 434.9604 9.4602 29.1831 0.000268
0 423.7372 197.4020 30.9828 20.4919 0.000252
0 7.0223 286.4150 14.0446 53.5330 0.000251
0 67.7941 507.5924 42.5425 8.8152 0.000228
0 617.3078 116.4991 37.1290 61.3636 0.000227
0 637.2341 327.2833 5.5317 46.2323 0.000200
0 137.6789 5.4422 40.3694 10.8844 0.000199
0 610.4293 402.5951 19.4707 26.9537 0.000189
0 636.2534 232.4352 7.4933 31.7725 0.000187
0 637.0231 306.7258 5.9539 60.9486 0.000177
0 32.9025 478.6141 53.0338 66.7718 0.000171
0 635.1472 243.0148 9.7056 32.9341 0.000167
0 18.8706 502.3538 33.8028 19.2924 0.000164
0 164.0402 4.3420 31.8188 8.6841 0.000140
0 566.3802 49.5643 29.6880 54.9875 0.000116
