0 272.7236 207.6994 20.8196 48.3203 0.844051
0 176.6251 504.4112 26.3512 15.1777 0.047805
0 408.7481 290.8660 23.2029 17.2572 0.009423
0 637.3647 343.1525 5.2706 57.0199 0.004940
0 163.7308 505.3063 42.6125 13.3873 0.001839
0 622.6404 23.2746 34.7192 46.3332 0.001733
0 636.8787 356.4525 6.2426 102.5833 0.001455
0 636.2576 322.7219 7.4847 71.9766 0.001366
0 385.4455 128.2887 36.9012 62.6982 0.001118
0 13.1995 426.3002 26.3990 87.6317 0.000670
0 12.1014 403.8607 24.2027 43.1305 0.000483
0 191.2990 505.4438 41.4504 13.1123 0.000441
0 144.0412 505.7219 26.3798 12.5562 0.000417
0 171.3915 500.0432 34.9778 23.3953 0.000345
0 129.8517 506.5096 28.8917 10.9807 0.000238
0 625.2105 44.3588 29.5072 83.2503 0.000235
0 627.0981 131.7248 25.6213 66.9145 0.000228
0 636.3345 235.0310 7.3309 61.6442 0.000222
0 97.2708 506.2579 22.2086 11.4843 0.000201
0 636.4038 413.6010 7.1924 53.0239 0.000187
0 632.8471 314.1189 14.3058 73.7042 0.000183
0 397.7874 114.5078 58.8821 86.9720 0.000180
0 636.8611 399.8632 6.2777 43.1223 0.000175
0 614.5813 36.4176 21.6791 24.3465 0.000152
0 632.7883 506.3858 14.4235 11.2285 0.000150
0 635.6675 197.6201 8.6649 108.1840 0.000149
0 12.5822 249.1764 25.1644 36.6029 0.000136
