0 190.6113 228.8184 27.8669 118.9699 0.889979
0 316.6501 506.2202 36.1320 11.5595 0.005351
0 496.4489 9.3156 33.3986 18.5274 0.002791
0 627.8253 350.8463 24.3494 176.0625 0.000989
0 635.7750 166.2820 8.4500 89.1565 0.000834
0 633.0048 139.9298 13.9904 76.7998 0.000768
0 422.3195 341.8990 27.5444 18.4704 0.000497
0 631.7518 112.6761 16.4963 89.7752 0.000476
0 517.7834 126.3832 33.1079 25.1076 0.000431
0 518.0143 96.9061 39.2378 85.1878 0.000391
0 305.2827 504.9436 51.7152 14.1128 0.000291
0 631.6727 201.7993 16.5040 142.0671 0.000266
0 632.5295 322.5534 14.9409 89.9858 0.000246
0 140.7699 507.0004 35.8292 9.9992 0.000206
0 479.9081 11.0742 60.8361 21.6980 0.000188
0 631.4734 28.0971 17.0533 56.1943 0.000134
0 515.9435 145.8641 33.1027 69.8261 0.000121
0 467.2128 192.8206 38.1168 45.9721 0.000112
0 213.9181 15.7662 41.2420 31.4171 0.000105
0 344.0456 507.1346 44.3855 9.7309 0.000104
