0 282.3761 217.8592 49.7882 126.0738 0.906011
0 443.7646 214.0818 46.6090 157.5472 0.904402
0 6.4468 93.2010 12.8935 121.0763 0.424975
0 5.8591 60.0700 11.7182 84.8142 0.017343
0 7.1570 315.5074 14.3141 58.6718 0.014818
0 7.6131 340.3750 15.2262 86.4165 0.008317
0 5.3823 128.6265 10.7646 88.6089 0.006714
0 3.8193 36.5462 7.6386 72.9162 0.000434
0 100.7546 505.4331 29.9645 13.1337 0.000417
0 4.2582 155.8657 8.5164 86.5171 0.000219
0 237.9937 222.8652 29.3477 76.3114 0.000150
0 236.0357 201.6801 25.4016 34.7014 0.000135
0 23.2530 507.5658 35.3456 8.8684 0.000133
0 7.0674 503.8209 14.1349 16.3582 0.000120
0 83.8006 505.6663 49.0218 12.6675 0.000119
0 391.1270 509.0368 23.1974 5.9188 0.000107
