0 185.8265 311.8090 53.3920 162.8558 0.912223
0 257.8339 262.6293 17.8854 67.9420 0.866143
0 318.7374 295.8011 17.6449 37.0037 0.836970
0 367.4070 411.4247 18.3130 55.7131 0.145499
0 24.0531 248.3641 23.7699 47.6324 0.031943
0 367.3511 394.8314 17.8484 22.4001 0.029911
0 233.1905 260.1350 16.9834 31.5562 0.028071
0 298.2972 258.9290 16.0811 69.3632 0.005741
0 635.7345 345.2333 8.5310 60.1725 0.005393
0 298.9631 284.2571 15.4459 30.9617 0.002453
0 633.3951 217.7266 13.2098 76.0315 0.001406
0 636.8970 419.0987 6.2061 60.5405 0.000901
0 15.9133 241.4645 31.6906 66.2158 0.000889
0 294.3540 200.2322 12.5937 50.1862 0.000641
0 346.7862 287.3318 16.5690 31.5591 0.000498
0 594.5605 436.1367 31.1208 74.3250 0.000330
0 343.0585 293.8161 9.0718 29.6334 0.000290
0 3.7968 230.7210 7.5937 81.3499 0.000273
0 636.4011 385.8610 7.1977 107.3195 0.000206
0 12.3082 268.3533 24.6164 95.7172 0.000172
0 372.5057 399.9205 26.8902 33.5948 0.000133
0 13.6493 4.8310 24.7035 9.6621 0.000110
0 592.0359 410.2653 19.2686 22.4502 0.000105
