0 295.4194 254.4437 47.8193 107.4485 0.897595
0 283.4703 203.0087 29.9218 42.2710 0.867904
0 524.9050 314.4466 24.3209 23.9501 0.003794
0 283.3434 230.5843 29.2684 92.8707 0.003641
0 11.7690 85.3262 23.5380 55.0041 0.001998
0 629.8575 362.7247 19.9139 54.2814 0.001754
0 628.7310 382.4660 20.0898 62.9457 0.000606
0 4.7748 217.6527 9.5496 72.3615 0.000526
0 519.7082 508.7904 26.3054 6.4192 0.000317
0 519.2948 309.8027 20.3641 16.9846 0.000289
0 309.0648 123.1861 11.4978 19.8999 0.000180
0 4.8145 249.6963 9.6212 118.0959 0.000157
0 19.1997 503.6757 34.6554 16.6487 0.000145
0 636.4173 342.6985 7.1654 76.6033 0.000139
0 522.4515 353.4383 40.2893 105.8047 0.000127
0 9.2495 300.2133 18.4766 55.2821 0.000115
0 132.6485 213.9379 27.9361 72.3368 0.000105
0 630.5679 399.8505 18.8643 112.9923 0.000104
