0 234.0268 222.3468 39.9393 84.1495 0.906663
0 164.3481 222.0559 35.1458 73.2064 0.902357
0 550.8898 332.9817 16.5214 17.6842 0.225316
0 558.7670 336.7607 29.5312 23.3536 0.002641
0 565.5575 339.1527 19.8455 24.4362 0.001922
0 286.5923 94.9209 10.3588 14.3338 0.000630
0 464.4064 3.0946 27.6501 6.1893 0.000580
0 631.7958 4.2768 16.4083 8.5536 0.000553
0 474.4003 2.9974 19.2791 5.9947 0.000500
0 480.3560 3.1582 18.4066 6.3165 0.000319
0 3.7844 436.5654 7.5689 79.7349 0.000293
0 490.0047 506.1671 27.8913 11.6658 0.000288
0 453.9078 3.3460 24.9595 6.6920 0.000284
0 632.6714 10.0569 14.6571 20.1137 0.000186
0 4.3414 466.4021 8.6829 70.7267 0.000159
0 636.9309 386.1134 6.1382 59.2540 0.000140
0 502.4423 4.4032 20.6855 8.8064 0.000133
0 8.3305 498.8151 16.6610 26.3698 0.000115
0 289.4596 105.3563 18.3087 36.1875 0.000101
