0 412.0735 264.0952 32.6605 97.6560 0.899229
0 162.7140 239.2169 56.4494 127.2795 0.886944
0 219.8654 155.9186 23.3975 45.0347 0.835291
0 632.2512 353.1929 15.4976 85.4062 0.012952
0 191.0813 506.3942 45.7891 11.2117 0.000737
0 206.0289 504.1144 50.9637 15.7712 0.000462
0 4.0334 351.3849 8.0668 158.6658 0.000395
0 633.8821 377.1680 12.2358 84.8270 0.000337
0 4.2163 299.6720 8.4325 143.1224 0.000327
0 630.5264 8.2130 18.5732 16.4261 0.000248
0 320.1461 508.8131 37.9492 6.3738 0.000213
0 282.4302 497.3059 50.6693 29.3882 0.000202
0 212.4775 498.7626 64.2081 26.4112 0.000199
0 182.6398 502.6084 62.6312 18.7832 0.000137
0 631.5144 323.5106 16.9712 76.0933 0.000114
0 7.8904 292.5123 15.7808 159.7753 0.000109
0 555.3302 5.9514 25.7583 11.9028 0.000108
0 307.8186 508.2017 49.9659 7.5967 0.000101
