0 461.8289 298.2767 46.8350 57.9893 0.891162
0 196.2233 235.9385 42.3306 139.7336 0.877985
0 6.7693 309.0042 13.5387 149.6088 0.044596
0 5.2425 379.5591 10.4850 191.8308 0.003358
0 13.9861 295.4058 27.6835 175.9670 0.000809
0 6.5501 490.4003 13.1002 43.1812 0.000438
0 14.1983 492.8965 28.0465 38.0175 0.000367
0 251.5072 163.8802 32.2985 26.5049 0.000234
0 204.7138 193.7952 22.2281 55.0598 0.000226
0 3.8968 478.9998 7.7936 66.0004 0.000197
0 572.6760 216.6633 20.3979 52.8544 0.000174
0 66.2824 13.7553 31.0317 27.5105 0.000171
0 636.5010 67.5152 6.9980 47.5759 0.000148
0 210.2017 182.8541 21.0083 30.6582 0.000136
0 635.6473 231.3118 8.7054 54.0764 0.000132
0 21.8779 480.4885 43.6550 62.7972 0.000131
0 291.2357 506.6764 45.0699 10.6472 0.000129
0 4.7777 269.8439 9.5554 181.3379 0.000122
0 561.5798 214.4572 37.8906 57.9117 0.000121
0 295.2485 500.3468 44.2653 23.3063 0.000119
0 22.0508 401.0604 43.6303 183.6100 0.000103
