0 545.0139 256.0972 69.9430 126.1040 0.882544
0 336.9783 248.5352 40.7334 104.5925 0.881889
0 38.5249 241.1796 28.0051 76.8705 0.862682
0 635.3008 309.8572 9.3984 103.2908 0.005533
0 631.6925 321.0583 16.6150 80.7245 0.000894
0 3.0564 273.2897 6.1128 62.1185 0.000568
0 3.3591 143.2135 6.7182 65.9965 0.000529
0 400.6114 228.5493 12.5331 59.1268 0.000471
0 636.2691 354.1937 7.4618 128.3052 0.000443
0 629.2311 299.9067 21.5377 130.2299 0.000339
0 2.9749 242.0335 5.9499 77.2630 0.000313
0 23.7559 239.7620 18.9180 77.9805 0.000231
0 8.4351 38.9657 16.8703 56.6988 0.000108
0 31.5621 235.2164 13.8633 67.1601 0.000105
