0 474.9952 243.5627 46.4760 126.2649 0.905764
0 402.1864 250.6562 55.6826 179.3455 0.886214
0 492.3351 202.5670 28.1050 76.5121 0.039895
0 493.4393 174.4247 26.5734 21.2700 0.039868
0 61.1543 6.5905 27.9376 13.1809 0.006507
0 68.5810 9.5591 35.6703 19.1182 0.002050
0 532.6250 8.1755 57.4606 16.3511 0.001497
0 59.2115 12.4488 35.5628 24.7392 0.001278
0 511.1593 7.5891 39.8955 15.1782 0.001178
0 474.0873 194.7772 21.8799 29.0261 0.000829
0 486.9269 218.8365 27.8478 82.0032 0.000403
0 464.5101 196.0883 26.1960 33.8342 0.000395
0 471.7449 175.4471 14.4106 22.3683 0.000291
0 5.5592 12.4687 11.1185 24.9373 0.000201
0 46.1344 8.1723 52.2446 16.3446 0.000151
0 314.4877 6.1265 29.0660 12.2530 0.000140
0 466.1987 212.5155 28.5887 64.0304 0.000135
0 3.3703 341.4973 6.7407 122.2699 0.000131
0 551.2759 8.5458 37.2141 17.0917 0.000127
0 305.7903 5.5890 24.2295 11.1451 0.000121
