0 281.6112 218.4378 80.8066 175.6068 0.905101
0 454.3580 252.9815 68.9400 211.5970 0.882278
0 304.7545 187.1494 35.3738 108.5161 0.044425
0 437.0429 6.8168 25.2011 13.6336 0.042322
0 248.3618 195.1650 17.7424 70.2827 0.011872
0 427.1705 7.5952 35.3135 15.1731 0.009574
0 600.2493 384.0201 25.8234 21.9381 0.003038
0 58.1233 505.4194 35.8960 13.1494 0.001224
0 9.1281 418.1765 18.2563 65.1559 0.001012
0 150.0583 160.8463 30.7197 23.9875 0.000831
0 633.8138 206.0014 12.3723 67.2230 0.000632
0 378.3904 17.2274 32.0695 32.5177 0.000472
0 448.2853 9.6224 48.3713 19.2448 0.000458
0 408.6015 13.1079 70.7427 26.2158 0.000448
0 254.5123 189.3678 27.3305 80.5768 0.000444
0 7.7652 504.8384 15.5305 14.3232 0.000349
0 433.7620 13.2624 23.7177 26.4962 0.000344
0 556.8832 3.2473 30.2039 6.4946 0.000344
0 14.0206 450.1400 28.0413 91.4490 0.000319
0 611.6846 368.8734 50.6084 55.0222 0.000256
0 7.0907 497.0787 14.1425 29.8425 0.000238
0 38.2762 505.5274 36.4288 12.9453 0.000228
0 14.3444 507.4382 28.4179 9.1235 0.000212
0 556.6938 18.5761 30.2979 37.1522 0.000184
0 636.1601 222.8941 7.6798 99.9201 0.000172
0 2.9722 310.0922 5.9444 71.6165 0.000167
0 74.3169 504.4818 37.3084 15.0363 0.000162
0 23.7349 505.6667 42.3375 12.6666 0.000161
0 587.6170 376.2550 52.7766 36.2858 0.000155
0 626.3011 359.3663 27.3976 91.9033 0.000146
0 632.5862 355.2978 14.8277 81.5832 0.000143
0 585.5061 347.8277 55.5537 91.4184 0.000143
0 211.9081 5.4628 38.0101 10.9257 0.000141
0 6.5710 475.8029 13.0361 72.3943 0.000131
0 3.1090 131.0496 6.2180 53.6514 0.000129
0 147.7402 176.1495 33.9891 55.0569 0.000125
0 121.5380 501.4282 48.2436 21.1436 0.000114
0 15.2285 497.0414 30.3498 29.9171 0.000104
0 3.6327 283.2734 7.2655 78.2587 0.000102
