0 460.5233 225.0159 62.7176 182.3928 0.876007
0 565.1225 5.7864 26.0437 11.5727 0.037401
0 400.0496 190.5429 43.8428 127.0739 0.019941
0 107.1448 47.8727 45.6119 88.8576 0.008700
0 575.3871 6.5483 47.7524 13.0966 0.002436
0 553.2136 7.7950 43.9497 15.5899 0.001594
0 104.3946 20.9295 45.1566 41.8591 0.000686
0 89.8148 505.6858 34.5730 12.6284 0.000650
0 139.8487 7.2724 51.4209 14.5449 0.000470
0 3.9598 36.8463 7.9197 73.6927 0.000440
0 82.7213 491.8114 47.7590 40.3771 0.000322
0 155.9242 7.0438 40.4308 14.0876 0.000302
0 122.3261 13.8654 55.3094 27.7309 0.000271
0 111.5515 9.8198 32.9115 19.6396 0.000258
0 562.4468 13.2391 30.6183 26.3412 0.000225
0 540.6630 10.5121 68.7480 21.0242 0.000223
0 17.1221 391.0820 34.2248 53.4656 0.000219
0 372.3039 506.2300 41.2632 11.5399 0.000196
0 514.9685 11.0013 30.9341 21.7698 0.000175
0 627.3348 12.9814 25.3303 25.9627 0.000154
0 119.1639 25.9706 54.8725 50.3590 0.000120
0 14.4835 264.5071 28.8814 65.7124 0.000118
0 100.1449 32.9640 33.1602 55.3818 0.000115
0 3.3815 62.3561 6.7630 104.5149 0.000109
0 617.8976 13.0830 31.2883 26.1661 0.000101
0 355.0159 502.1577 27.9100 19.6846 0.000101
