0 414.5805 232.6681 69.6802 182.5636 0.903373
0 395.6580 202.3122 35.1962 118.3891 0.134050
0 482.0814 400.7526 24.1700 49.2668 0.101823
0 557.0750 10.6087 31.8403 21.2174 0.039435
0 434.2546 190.9648 30.8324 106.6819 0.008779
0 17.0201 449.2452 33.8046 124.9640 0.004912
0 535.6003 258.4496 49.4004 51.5574 0.002778
0 539.2229 10.1659 61.5258 20.3318 0.002040
0 218.6951 7.1780 31.2620 14.3560 0.001188
0 362.7486 4.7864 31.1795 9.5729 0.001173
0 82.3465 503.5137 24.6599 16.8832 0.001091
0 17.0263 416.8969 34.0527 64.8883 0.000965
0 193.2654 492.7056 33.6484 38.4956 0.000860
0 95.2453 65.9381 45.0004 80.6947 0.000449
0 12.8109 16.4186 25.6218 32.8372 0.000324
0 570.7849 14.9564 58.3430 29.9128 0.000272
0 636.7725 32.4697 6.4551 64.9394 0.000269
0 346.8109 8.3956 57.3607 16.7911 0.000261
0 239.4062 495.8329 27.0117 30.8959 0.000253
0 299.3107 497.1122 49.0179 29.7756 0.000241
0 68.8646 502.3319 43.7802 19.3362 0.000238
0 6.4074 503.8118 12.7696 16.2882 0.000219
0 233.5511 15.2817 60.5481 30.5634 0.000196
0 427.9012 174.0518 25.9078 69.6707 0.000181
0 54.0716 500.4463 36.7938 23.1074 0.000175
0 10.3134 29.9121 20.6268 59.8242 0.000173
0 404.9970 187.7087 29.4800 90.6021 0.000151
0 634.4841 116.9769 10.9824 86.8344 0.000143
0 635.7755 97.1302 8.4491 55.1607 0.000142
0 516.4963 9.1297 43.8917 18.2594 0.000122
0 367.2391 7.7235 37.7739 15.4470 0.000105
0 206.9289 492.9905 47.5236 37.8217 0.000103
0 536.8475 282.7570 45.2795 99.8871 0.000103
