0 268.6160 242.3106 56.9651 166.5419 0.888173
0 303.8851 191.2090 30.7856 99.9489 0.852774
0 4.0568 491.8402 8.0823 40.0120 0.015492
0 16.4599 502.8846 29.4560 18.2308 0.005939
0 13.9573 26.4344 27.9111 52.4491 0.004724
0 13.7978 495.6120 26.4679 32.7759 0.002557
0 5.8894 15.2388 11.7788 30.4775 0.001581
0 7.8883 31.6923 15.7767 58.4476 0.001391
0 236.8807 4.4324 27.0656 8.8647 0.001384
0 25.0612 499.4293 43.6441 25.1414 0.001350
0 89.7522 506.3602 31.0482 11.2797 0.001137
0 528.6467 4.1772 31.7712 8.3544 0.000702
0 631.0281 390.5789 17.9438 64.5245 0.000585
0 248.6899 5.0169 37.9468 10.0338 0.000418
0 97.9745 505.1109 25.9627 13.7781 0.000354
0 415.9207 15.9329 35.5658 31.8657 0.000343
0 234.9015 8.1944 32.4906 16.3888 0.000339
0 626.8226 409.5012 26.3547 114.8911 0.000288
0 21.9361 17.1662 43.8722 34.1146 0.000231
0 541.8201 8.5721 40.9404 17.1441 0.000226
0 74.0116 507.5696 33.7363 8.8608 0.000206
0 33.8000 494.2229 54.0064 35.5126 0.000200
0 3.9045 473.1469 7.8090 77.7063 0.000179
0 403.0087 6.3380 43.0658 12.6020 0.000170
0 130.1635 26.8932 24.7977 53.7864 0.000163
0 472.0136 505.4337 26.2684 13.0364 0.000156
0 306.3672 6.1281 34.9695 12.2562 0.000155
0 118.3540 14.1285 47.2442 28.2570 0.000144
0 150.0244 503.5575 50.8823 16.8851 0.000116
0 8.5289 489.4203 16.8435 45.1594 0.000115
0 383.1847 285.7999 55.0839 99.6350 0.000114
