0 407.0701 212.7584 71.7347 190.0785 0.839632
0 395.3328 18.6456 40.8503 37.2911 0.033878
0 522.9076 125.2232 28.4751 25.4235 0.030259
0 559.4038 12.3049 30.2042 24.6098 0.015841
0 590.3885 4.4850 33.0145 8.9701 0.012490
0 524.1722 140.7081 32.1538 56.3495 0.011723
0 578.6567 5.2687 55.7347 10.5373 0.010264
0 129.2222 35.7833 41.1234 70.9890 0.007236
0 574.5350 10.9245 58.8041 21.8491 0.005647
0 604.4640 4.6721 53.9653 9.3442 0.005041
0 131.5542 9.4794 30.1195 18.9589 0.003957
0 113.3532 120.3411 28.3495 34.9848 0.001519
0 410.0798 17.9333 46.8165 35.8666 0.001499
0 109.8439 113.2425 21.2219 22.3976 0.001172
0 633.4752 6.4652 13.0497 12.9303 0.000900
0 545.3761 13.8116 53.4292 26.7820 0.000569
0 613.9543 504.4566 39.9014 15.0868 0.000537
0 577.7932 23.1992 61.3618 46.3983 0.000519
0 118.5231 7.5027 47.0345 15.0054 0.000385
0 384.1719 137.0362 18.1633 22.3089 0.000329
0 150.9008 11.7834 66.4567 23.5669 0.000297
0 565.8602 17.3347 41.0732 34.5483 0.000257
0 382.3647 172.1733 21.5215 90.9914 0.000245
0 103.7493 126.0196 35.4718 46.7147 0.000245
0 124.9179 61.8761 45.3045 123.7523 0.000236
0 383.3251 150.0292 19.7441 47.3545 0.000225
0 609.7827 9.5996 60.0955 19.1909 0.000200
0 634.0394 22.0997 11.8318 43.6738 0.000194
0 118.4298 146.1443 38.3323 85.3699 0.000186
0 3.7332 263.4767 7.4663 40.6653 0.000146
0 528.4852 19.9654 28.8621 35.3487 0.000119
0 101.1938 149.8423 67.9792 93.8032 0.000118
0 416.3555 28.7867 68.2468 57.5734 0.000118
0 630.9299 10.7915 18.1401 21.5139 0.000117
