0 344.8906 237.0171 46.2995 78.3585 0.909387
0 4.4494 415.0574 8.8987 124.5438 0.075890
0 5.4297 374.1445 10.8593 151.1525 0.024815
0 631.3839 468.4099 17.2323 42.8151 0.004988
0 7.4650 430.7696 14.9299 124.7981 0.003439
0 2.9953 50.8427 5.9907 34.1283 0.003404
0 3.1734 33.8760 6.3468 62.8507 0.001146
0 7.6947 340.9666 15.3895 213.6890 0.000940
0 6.7535 180.1600 13.5070 69.1037 0.000836
0 4.9514 206.0401 9.9029 127.5667 0.000335
0 3.5956 83.0731 7.1913 55.2029 0.000296
0 116.1179 7.1051 23.6276 14.2102 0.000236
0 17.2671 406.9148 34.1489 107.6008 0.000181
0 3.1268 250.2089 6.2537 87.4402 0.000159
0 455.9567 19.7563 36.1091 39.5121 0.000149
0 20.0130 56.0975 32.1080 35.1924 0.000143
0 637.3085 283.6516 5.3829 83.6649 0.000116
