0 94.6172 267.2120 114.6985 306.8120 0.923303
0 509.9470 227.2677 44.9551 113.3693 0.907069
0 20.4486 235.7593 40.8973 145.1691 0.020431
0 8.2656 43.9223 16.5312 56.4187 0.007789
0 9.4923 239.7830 18.9847 152.1235 0.002826
0 634.8921 168.2804 10.2158 73.6735 0.002456
0 620.0507 483.2685 39.8987 55.2653 0.000806
0 631.0984 176.6497 17.8032 60.7001 0.000365
0 61.3898 201.8327 50.5831 174.0240 0.000260
0 4.3642 221.7917 8.7284 116.8327 0.000260
0 9.7677 23.2634 18.9029 46.5267 0.000201
0 13.6731 288.7066 27.2264 213.6595 0.000168
0 2.8434 205.0271 5.6869 107.3212 0.000156
0 635.0700 123.3380 9.8600 102.3226 0.000134
0 105.6482 19.9552 26.5465 39.9104 0.000102
