0 422.7526 344.2178 83.8497 146.4915 0.897640
0 311.0935 313.3056 63.7269 169.7560 0.872889
0 336.7172 230.7653 22.6550 59.6109 0.861962
0 291.3207 246.8171 25.8788 35.7943 0.005365
0 636.8490 365.6514 6.3021 55.1588 0.004859
0 636.7577 393.3026 6.4847 94.8661 0.002686
0 636.1819 347.6060 7.6362 86.9407 0.002197
0 2.5858 179.0109 5.1716 77.3843 0.001344
0 636.6744 318.0880 6.6511 75.7123 0.001208
0 293.1739 261.7246 29.2740 65.5312 0.000676
0 634.6154 404.1917 10.7693 117.9717 0.000639
0 596.3160 266.3207 28.1083 61.4844 0.000315
0 633.5837 436.2175 12.8325 84.9886 0.000313
0 336.0212 260.1417 25.1320 118.8112 0.000309
0 292.2273 301.0990 28.6094 144.0620 0.000292
0 602.9592 286.3751 15.0072 22.2352 0.000272
0 636.2701 278.0508 7.4597 79.5618 0.000244
0 301.6672 244.4909 22.2341 32.0736 0.000230
0 3.8609 136.7504 7.7217 85.7344 0.000166
0 636.3950 236.8275 7.2100 61.8603 0.000138
0 630.9296 344.8428 18.1407 88.7075 0.000101
