0 372.2357 255.7646 33.4889 128.0564 0.897405
0 284.5717 254.9294 31.2659 81.2501 0.887313
0 111.2111 243.9477 37.2414 135.0776 0.859549
0 248.1782 229.5509 18.4660 49.0646 0.853961
0 105.3319 188.8355 18.8853 29.3260 0.007115
0 23.5749 204.0055 32.4420 62.2793 0.003479
0 3.2462 197.8842 6.4111 91.3262 0.001075
0 636.5708 284.4534 6.8584 86.1132 0.000976
0 274.5027 236.6763 15.0578 44.9525 0.000520
0 3.9502 51.8218 7.9005 51.0661 0.000305
0 3.0103 232.1575 5.9959 53.9381 0.000292
0 6.8137 170.4707 13.4841 42.8832 0.000256
0 630.7395 147.0414 18.4578 76.7327 0.000255
0 2.9178 255.9819 5.8105 37.2628 0.000143
0 636.3193 256.4618 7.3613 84.8624 0.000136
