0 420.1973 223.6250 15.6082 34.7037 0.823103
0 223.0326 253.5862 19.5908 35.9258 0.823027
0 166.9169 298.4488 27.7782 22.5367 0.782535
0 15.9742 113.9528 31.8061 28.1396 0.008957
0 241.4373 309.4690 20.3538 19.7556 0.004178
0 3.9187 95.2023 7.8373 20.9330 0.004164
0 4.3879 103.1497 8.7757 31.3750 0.004120
0 501.4738 358.4605 20.6951 24.7000 0.003200
0 407.0317 280.5182 21.4609 17.8217 0.002454
0 8.3355 93.9070 15.8333 13.7854 0.001844
0 141.7372 3.9778 25.5624 7.6247 0.001692
0 594.3934 277.6248 14.4520 16.8401 0.001333
0 636.7018 313.1823 6.5963 55.4268 0.000787
0 636.4166 16.6693 7.1669 33.3386 0.000534
0 621.1880 17.4555 37.6240 34.9110 0.000490
0 3.0486 83.4926 6.0972 37.5892 0.000479
0 590.7510 281.0892 17.9734 21.6472 0.000454
0 377.2252 225.8852 17.4296 35.7873 0.000414
0 152.9875 3.8972 40.5516 7.5489 0.000392
0 544.6897 261.8770 17.6287 39.7403 0.000389
0 9.7563 118.5510 19.5125 34.9147 0.000349
0 174.1688 5.0726 20.1859 9.7453 0.000333
0 636.9395 292.5814 6.1210 44.7363 0.000326
0 268.9830 182.2606 14.4399 32.6857 0.000309
0 626.8589 507.0168 20.7195 9.9664 0.000289
0 450.3932 6.3380 23.8695 12.6759 0.000260
0 227.5920 175.0222 15.8646 18.1661 0.000248
0 605.4351 183.5686 39.7788 30.0543 0.000241
0 633.7786 505.9835 12.4427 12.0330 0.000205
0 562.8284 508.8237 25.8829 6.3526 0.000202
0 130.3436 3.8923 25.0799 7.7847 0.000189
0 635.4368 448.8416 8.7976 24.1860 0.000188
0 422.5903 190.5380 15.3708 33.4075 0.000151
0 267.2386 191.0562 12.7799 17.8241 0.000147
0 555.1299 5.7711 22.8926 11.5423 0.000122
0 5.2687 8.4383 10.5375 16.8765 0.000117
0 3.4954 371.8519 6.9907 65.8525 0.000116
0 488.2406 237.5633 13.3693 24.6398 0.000114
0 3.9859 207.3814 7.8664 22.9864 0.000110
