0 408.8635 479.3377 41.2673 34.7252 0.851945
0 233.6340 283.3759 25.1661 27.2616 0.814134
0 312.9810 244.8047 17.0950 40.3510 0.787524
0 271.5579 252.2913 17.0081 31.3813 0.763988
0 263.5901 230.9131 14.9898 35.5991 0.030975
0 266.4955 250.8846 15.2870 29.6919 0.008319
0 631.0490 501.9808 17.9020 20.0384 0.004412
0 4.5010 381.2824 8.9134 31.6106 0.002747
0 633.4838 200.9807 13.0325 51.1528 0.001449
0 217.7861 8.3947 30.6921 16.7894 0.001135
0 4.0589 368.7877 8.1071 46.4719 0.000860
0 270.0704 239.2731 18.5620 43.3346 0.000850
0 491.1857 499.9769 22.2914 24.0463 0.000821
0 636.7823 188.7149 6.4353 43.2075 0.000760
0 258.7817 228.4464 18.4374 34.6857 0.000722
0 3.3434 400.7322 6.6869 52.4949 0.000709
0 6.1168 504.2254 11.7169 15.5492 0.000540
0 637.4465 408.5204 5.1071 44.8094 0.000522
0 626.7345 193.1445 25.4812 46.1473 0.000449
0 3.0349 269.3650 6.0698 34.4183 0.000408
0 14.2910 505.9619 19.5127 12.0762 0.000400
0 3.3106 424.2099 6.6212 36.2249 0.000355
0 490.9720 304.9808 9.8634 17.8031 0.000335
0 7.3974 373.6876 14.6729 44.6656 0.000303
0 3.0477 492.7868 6.0955 35.8109 0.000282
0 503.0665 507.3644 26.5343 9.2711 0.000267
0 220.0085 300.3665 10.9187 23.4545 0.000252
0 635.5657 220.0075 8.8687 68.5127 0.000243
0 89.6963 5.4097 21.1972 10.6620 0.000231
0 213.3830 292.4257 11.8076 13.2939 0.000230
0 632.8395 481.0128 14.3210 43.6702 0.000218
0 624.5612 505.4731 19.8556 13.0539 0.000200
0 637.0882 424.3816 5.8236 44.2686 0.000199
0 630.3549 212.2054 19.2902 65.8973 0.000197
0 270.2322 223.6468 19.9850 39.8834 0.000191
0 21.9419 505.8747 24.4496 12.2388 0.000188
0 24.7776 116.8195 25.2860 22.3322 0.000175
0 617.5856 198.2835 43.9392 47.8736 0.000174
0 221.9646 13.6856 31.4317 27.0076 0.000170
0 513.6567 508.0037 23.8357 7.9240 0.000162
0 259.2309 396.2683 19.2241 19.3126 0.000159
0 391.7437 507.8053 25.2994 8.3894 0.000154
0 3.4668 440.2707 6.9337 57.4354 0.000147
0 320.0609 230.8958 14.4028 30.4802 0.000143
0 2.6328 218.6083 5.2657 41.5293 0.000133
0 2.7342 189.3030 5.4683 48.4086 0.000130
0 637.1333 379.5929 5.7335 61.3550 0.000128
0 3.3859 285.3454 6.7717 58.5569 0.000118
0 507.5471 271.4704 16.4349 37.5914 0.000112
0 499.7405 500.8549 31.2123 22.2903 0.000112
0 263.8802 213.0943 17.6797 40.5327 0.000112
0 634.9904 11.1421 10.0193 22.2842 0.000111
0 68.3866 504.2068 23.1808 14.6141 0.000106
0 2.8575 248.8983 5.7151 53.5342 0.000101
0 2.7971 171.6821 5.5942 46.5144 0.000101
