0 178.2437 175.9572 35.0088 43.1235 0.863105
0 417.2428 377.5942 22.7981 35.4682 0.837099
0 307.3123 135.9352 18.3215 44.3354 0.826239
0 255.4998 118.8886 22.4124 30.8404 0.661157
0 629.6644 94.3401 20.6084 50.4849 0.034637
0 636.1969 88.9210 7.6062 52.1631 0.011421
0 4.2715 301.8331 8.5429 48.1862 0.004979
0 153.0777 506.4084 21.1946 11.1832 0.003423
0 3.9860 275.1396 7.9720 41.3541 0.002655
0 637.1812 72.0601 5.6377 42.5588 0.002558
0 4.6015 318.0054 9.2030 52.8513 0.002040
0 264.3895 129.6046 11.0639 38.2069 0.002015
0 260.1679 130.5072 14.8953 42.2165 0.002002
0 227.9091 174.6837 13.9933 19.3275 0.001580
0 320.4609 507.8063 20.7968 8.3874 0.001362
0 542.7806 6.3624 21.4539 12.7131 0.000940
0 4.2339 253.9014 8.4678 54.4401 0.000741
0 8.6226 414.8147 17.2074 38.0290 0.000685
0 321.6749 504.1052 21.3562 15.4708 0.000604
0 621.5016 117.3796 23.0581 19.5229 0.000508
0 266.3179 140.8047 9.3735 22.7153 0.000481
0 569.7499 8.3622 28.3337 16.7009 0.000384
0 4.7795 505.7402 9.4154 12.2360 0.000358
0 557.6553 6.3390 32.6492 12.6695 0.000321
0 262.1134 112.9923 15.8753 34.6706 0.000306
0 630.6206 401.4288 18.4624 39.3564 0.000302
0 621.2267 96.4417 32.1685 51.0704 0.000288
0 635.9175 286.2831 8.1650 40.7859 0.000286
0 629.9176 459.9346 20.1648 37.5282 0.000271
0 6.4924 15.5288 12.9848 31.0577 0.000246
0 548.5518 7.6838 20.9932 15.1619 0.000230
0 614.8954 401.7763 17.8612 37.4365 0.000224
0 309.4021 508.1852 32.2310 7.6296 0.000218
0 575.3634 4.6831 24.5608 9.3471 0.000217
0 615.6469 118.9001 17.1895 18.6369 0.000205
0 634.8757 111.0735 10.2487 77.1254 0.000195
0 143.3913 506.6765 36.2365 10.6470 0.000186
0 3.7307 20.9789 7.4614 37.3180 0.000183
0 3.6350 490.9950 7.2701 39.0211 0.000183
0 497.8211 403.4730 16.4092 23.2520 0.000161
0 255.7040 103.8026 22.4298 45.1498 0.000155
0 617.9434 110.5326 23.0488 29.0424 0.000150
0 231.9518 170.8414 12.5683 23.1319 0.000148
0 2.9056 166.0181 5.8112 40.1152 0.000146
0 10.1285 507.6349 17.2264 8.7301 0.000146
0 634.5630 432.4022 10.8740 37.2062 0.000138
0 3.4631 227.9115 6.9261 53.6498 0.000137
0 615.0966 496.9969 19.7483 30.0061 0.000136
0 3.3865 473.3998 6.7730 46.6233 0.000132
0 107.6792 508.5448 17.3224 6.9104 0.000128
0 626.1215 117.4969 27.4417 56.5429 0.000126
0 7.6883 257.5888 14.7867 42.9677 0.000125
0 636.9532 50.1987 6.0934 87.5208 0.000124
0 163.2575 506.8279 32.8558 10.3442 0.000117
0 69.7242 4.0444 19.6490 8.0889 0.000113
0 10.0196 8.7456 19.1993 17.4912 0.000108
0 631.7887 77.9729 16.1248 50.2085 0.000106
0 508.9749 508.4358 24.6221 6.9807 0.000105
0 3.1379 186.0699 6.2757 41.5908 0.000105
0 231.4281 181.0186 18.4446 20.5811 0.000104
