0 568.0822 390.5015 30.2146 41.0553 0.845660
0 194.1127 173.2271 24.7923 53.6354 0.837656
0 329.2156 135.5423 15.4333 40.7755 0.766941
0 632.9484 411.8805 14.0693 39.3331 0.194431
0 277.9755 115.0788 16.5579 29.0815 0.003663
0 634.7173 400.2539 10.5654 42.2175 0.002476
0 633.7349 470.8510 12.5302 31.2708 0.001373
0 323.1135 507.1769 26.5933 9.6462 0.001313
0 328.8755 504.4294 23.3627 14.8694 0.001127
0 615.8350 4.6162 26.7382 9.2323 0.001051
0 634.2905 135.8039 11.4189 41.7272 0.001046
0 5.3305 475.0013 10.6287 41.5893 0.000981
0 249.7836 170.3599 12.1233 22.0098 0.000877
0 194.9884 74.5901 13.1154 25.3673 0.000808
0 632.5846 426.8240 14.7277 49.7816 0.000670
0 606.2830 7.4982 32.5908 14.9965 0.000642
0 281.1571 108.7878 12.1987 25.8527 0.000594
0 635.3750 116.6410 9.2501 49.9684 0.000456
0 273.8188 121.7476 19.6238 39.6679 0.000422
0 2.8887 448.7765 5.7775 44.7637 0.000416
0 600.3649 5.1237 28.4387 10.2474 0.000411
0 564.8104 3.6148 21.1062 7.2295 0.000399
0 333.6361 128.5586 17.2296 32.8953 0.000392
0 5.0074 505.1596 9.7901 12.9888 0.000346
0 317.4424 504.3061 37.3500 15.1522 0.000314
0 636.0361 99.5024 7.9277 41.5199 0.000299
0 273.5331 108.6513 19.6401 28.0590 0.000271
0 635.7043 382.7792 8.5913 38.8910 0.000261
0 634.0760 447.5309 11.8480 44.3999 0.000252
0 372.5711 370.5947 21.3235 15.5549 0.000243
0 508.4260 205.0101 10.6735 21.6484 0.000231
0 11.3709 3.7283 19.7891 7.4566 0.000213
0 246.4850 174.1589 13.8504 18.5070 0.000206
0 626.9423 5.7207 25.6653 11.4413 0.000203
0 636.8019 80.6013 6.3962 53.0236 0.000196
0 575.1230 4.2564 27.3959 8.5129 0.000195
0 6.1639 5.6981 12.3277 11.3963 0.000170
0 592.2189 8.7562 26.3325 17.5124 0.000163
0 291.1697 148.2995 9.0405 14.6035 0.000163
0 86.2734 508.8964 24.5748 6.2072 0.000153
0 576.6603 8.5481 28.3950 17.0961 0.000152
0 338.4631 503.9586 34.7571 16.0178 0.000149
0 10.1554 508.4665 17.0718 7.0671 0.000121
0 287.3308 148.7318 12.0463 16.0352 0.000120
0 565.8232 8.5319 21.5549 17.0638 0.000108
0 288.9899 113.6449 12.9608 31.6129 0.000106
0 539.2775 508.6552 33.3196 6.6895 0.000106
0 516.7153 205.2156 15.6281 18.1073 0.000106
0 3.1933 131.9592 6.3296 37.5300 0.000104
0 120.5547 4.4953 22.4672 8.9906 0.000101
0 187.9908 74.7915 19.9591 27.8522 0.000100
