0 502.5253 286.8529 25.5980 45.0105 0.858726
0 139.4817 298.2800 28.6114 53.9156 0.852120
0 267.5792 250.7947 23.5519 42.1862 0.787289
0 10.0819 237.9928 20.0549 36.5418 0.004842
0 3.3265 320.6210 6.6530 35.6029 0.002039
0 618.0574 499.0063 37.2922 25.9874 0.001880
0 636.0774 149.6097 7.8452 58.4992 0.001831
0 473.7816 299.8388 22.9744 18.9763 0.001200
0 173.4916 15.9421 25.8553 29.6388 0.001095
0 562.6113 225.4520 19.0166 38.2376 0.001075
0 480.0323 508.5137 21.2828 6.9725 0.000729
0 326.8401 497.9737 33.0758 28.0527 0.000544
0 521.7728 508.6461 23.9748 6.7078 0.000489
0 410.2498 3.5436 21.7812 7.0873 0.000426
0 3.1600 162.8096 6.3201 39.0775 0.000425
0 463.0212 507.6130 30.6368 8.7739 0.000415
0 8.8780 505.0573 17.6737 13.8855 0.000394
0 247.3550 505.6239 24.2418 12.0940 0.000329
0 636.2621 127.1080 7.4757 57.5847 0.000315
0 455.0555 505.7915 20.0543 12.1967 0.000309
0 628.0098 498.9554 22.8997 23.9972 0.000284
0 15.8780 507.4515 24.4679 9.0970 0.000251
0 333.2043 489.5800 23.6259 13.9863 0.000245
0 7.7429 221.5898 15.2873 49.0940 0.000240
0 3.2553 148.8808 6.5106 34.3738 0.000240
0 41.2583 506.3253 21.0503 11.3494 0.000238
0 511.9173 508.7319 25.0675 6.5361 0.000237
0 8.5015 253.7339 16.8603 61.5242 0.000233
0 196.9960 290.7578 13.6243 18.2156 0.000204
0 227.3166 407.8867 17.6313 19.9751 0.000202
0 222.0833 231.9629 16.5466 25.9919 0.000190
0 636.4828 200.3973 7.0344 50.5308 0.000186
0 601.3948 499.7692 16.6411 24.4539 0.000163
0 457.6894 501.9247 23.8906 20.0491 0.000161
0 221.5191 222.8629 14.7771 23.5480 0.000160
0 636.4445 255.9675 7.1110 60.4469 0.000152
0 500.0735 508.6384 32.8833 6.7231 0.000143
0 200.1441 286.5310 12.3342 16.5050 0.000134
0 133.3759 291.7563 22.2508 43.7782 0.000129
0 236.9831 262.7307 10.3591 15.2793 0.000117
0 636.7147 325.4495 6.5706 35.3275 0.000112
0 5.5858 496.8461 11.1716 30.3078 0.000109
0 467.6024 3.9552 18.5187 7.9105 0.000109
0 2.9780 342.2287 5.9502 58.9775 0.000108
0 30.6853 507.1381 27.9837 9.7238 0.000108
0 3.7799 289.9037 7.2416 49.1599 0.000106
0 14.7040 227.5210 24.8333 21.9958 0.000105
