0 548.2010 384.1262 23.1875 36.6775 0.823221
0 278.2572 383.1748 31.4202 46.8956 0.809680
0 625.9285 333.5897 20.2930 33.5291 0.073994
0 4.6422 354.5731 9.2844 52.9706 0.054611
0 66.4043 139.9261 25.9084 45.4976 0.033493
0 508.9342 406.5898 22.2595 30.8110 0.026909
0 634.8670 275.3447 10.2660 63.2933 0.017245
0 3.6945 424.8515 7.3805 42.5536 0.008823
0 201.9653 4.6981 19.7596 9.3963 0.006830
0 429.2217 4.3422 20.5326 8.6826 0.006091
0 627.9044 346.2772 22.8708 59.2727 0.006022
0 192.1026 9.3251 16.6080 17.9227 0.004959
0 505.7869 193.8248 15.7472 42.2154 0.004572
0 428.4504 10.6030 22.2858 21.1851 0.002932
0 518.7267 11.3171 20.2651 22.6341 0.001838
0 635.5751 305.2781 8.8497 49.4316 0.001836
0 7.7543 506.4712 15.4678 11.0576 0.001699
0 204.7592 8.0774 24.8796 16.1548 0.001679
0 3.7479 93.2394 7.4959 41.0547 0.001621
0 437.1071 3.9024 24.5475 7.8047 0.001563
0 188.0750 12.4443 19.4081 22.6444 0.001552
0 3.6076 392.7004 7.2151 65.5407 0.001530
0 14.3068 507.6787 25.7096 8.6426 0.001046
0 4.1793 334.7649 8.3586 66.6165 0.001043
0 7.1986 363.8887 14.3382 54.6423 0.000836
0 3.1413 443.8350 6.1948 44.4670 0.000761
0 211.9339 3.8024 25.3778 7.6049 0.000745
0 628.3657 281.4875 21.1619 50.6172 0.000731
0 172.3627 117.5161 14.1101 22.8446 0.000700
0 524.9854 5.5471 25.5217 11.0608 0.000571
0 297.1955 316.8790 14.2047 18.4856 0.000565
0 242.3673 5.1841 15.2943 10.3576 0.000543
0 131.6592 508.1361 28.6587 7.7278 0.000456
0 285.8894 380.3755 20.2667 45.8899 0.000432
0 6.9503 423.7677 13.6877 38.4464 0.000404
0 413.6049 5.7486 39.9822 11.4972 0.000403
0 283.6749 6.0730 19.8792 12.0680 0.000401
0 420.1442 14.4957 35.7606 28.9093 0.000385
0 3.2582 249.1718 6.5164 38.8506 0.000364
0 4.4165 493.8864 8.8331 33.7592 0.000353
0 81.9494 508.3089 22.9261 7.3823 0.000316
0 436.1811 8.6245 26.0186 17.2490 0.000316
0 511.1846 8.1340 32.4883 16.2680 0.000295
0 336.8167 5.4782 21.9298 10.9565 0.000284
0 59.0593 143.5291 19.1384 37.4198 0.000253
0 9.8207 141.2257 17.5263 27.9040 0.000201
0 636.5015 258.9172 6.9970 75.0566 0.000200
0 573.4318 169.2277 14.0677 23.3727 0.000196
0 577.7756 168.1901 14.7551 19.8428 0.000190
0 199.8653 12.2285 22.6594 24.2208 0.000183
0 176.2738 114.1294 14.5967 17.8719 0.000179
0 23.9679 507.8086 30.5335 8.3828 0.000174
0 398.1994 4.6461 20.6722 9.2922 0.000156
0 231.7839 508.2421 24.2019 7.5158 0.000150
0 274.9122 508.0583 25.9508 7.8833 0.000146
0 5.4543 146.7338 10.5400 36.9592 0.000138
0 65.9443 123.5138 32.5847 80.7293 0.000119
0 231.4363 4.0253 27.6335 8.0507 0.000118
0 170.8659 107.3124 15.4954 19.7905 0.000114
0 578.2642 160.8210 14.2749 21.6996 0.000113
0 12.5790 356.1788 24.6502 50.9604 0.000110
0 550.3995 41.3458 22.0527 17.7459 0.000101
0 428.9011 23.1801 24.1677 46.3602 0.000101
