0 366.2644 254.5609 35.1221 136.0850 0.889826
0 333.6918 247.4790 32.7107 90.1343 0.876835
0 239.5927 233.6708 24.3925 47.5244 0.864020
0 13.9265 205.0013 27.8530 82.5652 0.050440
0 6.2881 203.6377 12.5762 85.8274 0.048071
0 2.7614 186.2865 5.5229 60.5917 0.024645
0 3.4621 215.4980 6.9242 77.8723 0.005998
0 3.1173 160.8222 6.2346 108.8229 0.002894
0 4.4051 120.4397 8.8102 55.4023 0.001190
0 2.9123 239.1798 5.8246 77.5694 0.000873
0 623.6514 144.0303 32.3962 95.6649 0.000695
0 635.7706 235.7513 8.4588 51.7575 0.000553
0 636.2889 266.6010 7.4222 118.0758 0.000541
0 630.0411 206.5207 19.9178 71.4660 0.000415
0 38.0969 111.7006 34.2663 27.2809 0.000167
0 9.5772 173.9622 19.1543 118.5361 0.000161
0 633.4257 225.3979 13.0731 31.1469 0.000149
0 604.2252 6.0219 32.6240 12.0438 0.000137
0 327.2656 236.9436 20.7974 69.6937 0.000129
0 52.4560 230.5771 15.6741 42.8856 0.000123
0 631.9000 169.6730 16.2001 141.7892 0.000117
