0 299.5385 143.3094 15.5354 17.5847 0.003810
0 297.9498 161.1887 17.6129 44.1567 0.002753
0 306.2544 141.8786 11.2772 17.8393 0.000906
0 295.5767 144.3375 20.1941 33.1865 0.000593
0 300.1075 134.1352 17.0764 26.1621 0.000565
0 294.0676 235.1255 17.1703 22.2042 0.000461
0 3.5564 414.9522 7.1129 47.3024 0.000428
0 634.5073 343.3577 10.9855 55.2209 0.000347
0 7.1541 249.8627 14.2770 40.9952 0.000342
0 296.3510 177.2049 16.7932 20.2182 0.000338
0 493.5059 108.3790 16.2947 23.4520 0.000331
0 306.2045 152.4381 10.4582 29.0775 0.000253
0 220.8107 508.7484 22.8569 6.5032 0.000238
0 198.0003 209.2318 26.2703 59.0122 0.000221
0 634.4707 326.4894 11.0586 39.6066 0.000215
0 532.1732 507.3265 29.0332 9.3430 0.000203
0 636.1081 293.8318 7.7838 44.5492 0.000201
0 5.0290 271.2397 10.0580 71.4745 0.000197
0 421.9181 325.1390 22.2881 23.5046 0.000173
0 291.7492 171.1056 22.5189 32.4977 0.000170
0 23.3167 499.3928 15.5062 17.7419 0.000157
0 294.2635 130.4590 24.8811 29.8456 0.000154
0 306.3022 133.2558 13.9257 26.1767 0.000137
0 419.0259 3.6281 20.7590 7.2563 0.000136
0 456.6137 508.5557 23.5913 6.1210 0.000127
0 4.2908 433.5751 8.5816 60.5869 0.000122
0 635.1569 306.9296 9.6863 64.0889 0.000120
0 636.8073 244.2594 6.3854 67.2118 0.000118
0 28.1066 506.6401 16.0514 8.9126 0.000114
0 446.9404 505.2830 20.1252 9.7544 0.000109
0 637.3379 208.5577 5.3243 71.9664 0.000104
0 543.2967 506.9723 27.5082 10.0555 0.000103
0 436.2526 507.5728 28.1419 8.0447 0.000101
0 549.9066 3.7539 26.8605 7.5077 0.000100
