0 265.0799 431.4908 39.1867 98.6917 0.899281
0 603.0543 338.4922 29.7053 76.6907 0.859941
0 627.0548 279.1539 23.8934 45.9717 0.842791
0 212.6054 162.1858 26.7155 66.8040 0.839709
0 328.5161 506.0124 25.3000 11.4219 0.001150
0 3.8181 167.8100 7.6363 66.4813 0.001097
0 267.9509 6.7027 26.8012 13.4053 0.000421
0 3.0660 96.4341 6.1215 51.3716 0.000347
0 260.9148 9.7887 33.2849 19.5773 0.000298
0 3.7983 190.5419 7.5966 38.0545 0.000296
0 4.7787 144.4008 9.5574 95.1078 0.000291
0 2.8911 82.5999 5.7511 29.3430 0.000282
0 319.4044 21.2278 27.1431 42.4555 0.000265
0 431.7997 7.6376 36.7643 15.2752 0.000249
0 634.1888 269.7524 11.6224 54.7399 0.000227
0 636.8551 351.0192 6.2898 48.9362 0.000222
0 3.6688 114.2995 7.3376 59.2404 0.000192
0 4.8721 502.5652 9.7443 18.4144 0.000183
0 637.2181 392.7192 5.5638 37.5768 0.000182
0 314.5577 11.5814 28.8643 23.1628 0.000165
0 634.3486 505.5168 11.3027 12.9664 0.000153
0 2.8414 69.8091 5.5908 29.6156 0.000142
0 301.2622 277.9495 19.6095 37.5160 0.000136
0 541.8074 507.8246 16.3813 8.0736 0.000136
0 249.7449 12.8920 38.1669 25.7839 0.000131
0 589.7432 508.5086 24.6526 6.9828 0.000122
0 444.9756 7.4344 25.9720 14.8394 0.000113
0 438.9240 13.4764 28.4155 26.9528 0.000110
0 636.7520 327.5865 6.4961 61.7264 0.000109
0 276.2070 9.2566 32.5933 18.5133 0.000103
