0 374.9597 202.8184 23.6139 75.5836 0.895874
0 455.0312 218.5790 32.2863 66.9356 0.887739
0 3.1521 259.3956 6.3041 85.7978 0.009543
0 203.4113 5.3314 28.6124 10.6628 0.003845
0 635.2899 359.5779 9.4202 71.8459 0.002016
0 208.2083 8.3252 34.9949 16.6503 0.001687
0 3.2159 222.3492 6.4318 74.7567 0.001631
0 630.8956 364.1329 18.2088 63.7756 0.001224
0 194.5682 6.4906 41.7745 12.9812 0.000878
0 263.3636 5.6574 45.3291 11.3129 0.000725
0 277.4952 5.3640 31.2055 10.7280 0.000537
0 7.0414 255.1015 14.0827 101.7707 0.000425
0 232.4173 5.6961 61.3392 11.3408 0.000418
0 272.5428 8.0790 41.5350 16.1580 0.000296
0 13.2896 9.3429 24.7361 18.6403 0.000291
0 634.6790 326.2164 10.6422 132.8313 0.000291
0 632.7277 79.5106 14.5447 79.3007 0.000209
0 249.5646 9.4459 60.7132 18.8619 0.000206
0 224.6771 10.3037 64.9766 20.6075 0.000146
0 636.7218 372.7392 6.5564 125.8835 0.000133
0 637.0521 242.9448 5.8959 93.4193 0.000117
0 635.2970 62.5861 9.4060 107.7543 0.000112
0 49.5807 143.1381 30.4106 52.0990 0.000108
0 48.3751 4.9571 24.8496 9.9142 0.000105
0 185.9698 9.6869 58.8770 19.3738 0.000104
