0 446.9599 314.6578 28.8934 70.5148 0.801812
0 379.1021 193.9216 31.8590 52.3741 0.749109
0 528.1726 389.1071 49.5603 36.9490 0.650169
0 8.8297 4.0953 17.6593 8.1905 0.007285
0 369.5164 194.0790 15.9326 50.4424 0.006773
0 561.7054 347.2820 23.1498 34.6448 0.002174
0 108.4422 231.0559 46.1397 72.0288 0.001619
0 10.3315 7.4324 20.5104 14.8648 0.001092
0 2.8989 402.2709 5.7978 58.8535 0.000762
0 338.4926 3.9288 17.9323 7.8577 0.000687
0 204.4369 3.9597 23.3321 7.9194 0.000499
0 410.9391 3.2149 22.1902 6.4299 0.000497
0 2.6587 433.2328 5.3174 57.8878 0.000486
0 3.1584 383.0457 6.3167 41.9144 0.000483
0 289.7397 7.1999 24.8700 14.3998 0.000466
0 3.1021 221.2786 6.2042 43.0504 0.000405
0 3.0147 237.2676 6.0294 46.3994 0.000352
0 430.2014 240.0856 17.9077 34.9765 0.000342
0 2.5310 454.6817 5.0351 47.4650 0.000308
0 328.1467 3.6637 23.2830 7.3096 0.000285
0 558.2091 339.3530 25.6179 22.9421 0.000278
0 306.7737 4.5487 15.9272 9.0973 0.000239
0 633.1384 504.8616 13.7231 14.2769 0.000238
0 402.5981 3.3064 28.5709 6.6127 0.000210
0 92.8899 477.4843 27.3589 50.8492 0.000207
0 11.7217 280.7089 23.4435 90.4166 0.000191
0 19.7735 3.5151 27.7540 7.0302 0.000170
0 6.2321 288.5265 12.4642 82.2997 0.000156
0 7.6258 16.6666 15.1258 33.3327 0.000150
0 419.5096 3.7923 32.6964 7.5846 0.000138
0 316.3163 3.7789 14.8431 7.5319 0.000137
0 636.1741 205.7971 7.6518 41.8229 0.000131
0 281.7661 6.5007 24.9532 12.9635 0.000128
0 4.5386 493.5769 9.0773 36.8462 0.000126
0 2.4880 473.6843 4.9450 51.5664 0.000125
