0 233.1478 242.7800 58.2374 58.9415 0.881485
0 342.4847 182.6172 33.3726 58.6153 0.839602
0 23.3657 501.6633 32.1208 20.1105 0.003589
0 92.4818 24.7152 26.9345 49.4300 0.002198
0 355.0508 3.9487 30.9808 7.8975 0.001591
0 556.2830 6.8326 27.1735 13.6651 0.001206
0 40.0671 505.0615 44.1400 13.8771 0.000692
0 345.0315 8.1862 42.6138 16.3380 0.000597
0 333.0930 11.2202 22.7440 22.4403 0.000541
0 5.2398 277.4597 10.4760 54.5242 0.000530
0 367.0008 4.1954 35.1724 8.3908 0.000464
0 53.6360 504.3528 43.4209 15.2944 0.000369
0 564.4988 8.6693 29.5173 17.3386 0.000285
0 60.3181 499.9591 48.3080 24.0818 0.000255
0 22.8177 30.6029 45.4233 60.6578 0.000249
0 633.5174 504.2342 12.9652 15.5317 0.000248
0 571.4781 5.6504 36.4653 11.3009 0.000223
0 636.4486 25.7150 7.1027 51.4300 0.000201
0 10.8944 30.9604 21.7888 61.8417 0.000195
0 546.6499 276.2085 24.6687 27.2313 0.000172
0 2.9756 191.5882 5.9512 63.7961 0.000161
0 637.1024 42.3056 5.7953 45.4534 0.000150
0 8.5226 286.5006 17.0451 71.7512 0.000134
0 99.3139 6.6948 35.9427 13.3167 0.000133
0 359.2596 9.6385 34.1881 19.2770 0.000125
0 5.2686 251.8729 10.5373 73.1131 0.000123
0 636.8222 276.1751 6.3556 41.6210 0.000109
0 375.1044 5.5111 46.0067 11.0221 0.000106
0 549.9337 9.1621 36.0662 18.3243 0.000105
0 636.7079 66.5170 6.5842 63.8002 0.000104
