0 494.5465 215.1610 24.1079 36.6036 0.844574
0 273.5922 260.4143 20.9404 53.9127 0.840033
0 355.2762 233.5635 37.1310 51.4720 0.823777
0 54.0234 505.4280 19.7399 12.9221 0.010039
0 4.2408 377.0847 8.4817 52.7632 0.009971
0 4.5668 410.9194 9.1335 68.8818 0.008973
0 67.3641 505.2523 20.1054 13.1107 0.008284
0 4.6006 352.3959 9.2012 91.2994 0.007346
0 82.3181 499.5204 24.9715 24.7838 0.003243
0 3.0408 299.5024 6.0709 51.1171 0.002159
0 44.6141 506.5417 27.6926 10.6266 0.001929
0 4.2508 191.9895 8.5017 76.0742 0.001343
0 634.8732 492.1251 10.2537 39.6061 0.001248
0 2.7774 317.5329 5.5547 62.7499 0.000951
0 357.3717 267.9445 37.6744 70.1991 0.000847
0 8.6146 363.0852 17.1398 71.6576 0.000623
0 9.8993 405.4927 19.5590 61.9979 0.000414
0 7.3700 305.0732 14.6065 44.6339 0.000333
0 463.7226 499.6515 28.3156 24.6970 0.000245
0 363.7986 230.0597 22.3449 45.5820 0.000237
0 540.6650 507.7398 30.3490 8.5204 0.000195
0 4.3640 438.2995 8.7281 94.2038 0.000190
0 9.0191 388.1080 17.7720 51.1343 0.000190
0 419.6702 5.7205 21.4855 11.4410 0.000185
0 3.2101 205.9068 6.4202 54.2720 0.000177
0 62.2911 498.8963 32.6559 25.6111 0.000156
0 483.5613 216.2404 26.6694 37.1827 0.000142
0 7.2097 338.9339 14.3120 86.0592 0.000126
0 4.0801 284.8423 8.1601 75.4736 0.000126
0 586.8294 5.4079 20.9592 10.3943 0.000118
0 4.0445 153.0295 8.0890 100.9553 0.000110
