0 613.7032 212.3123 25.0288 22.1046 0.011875
0 509.4425 392.6780 22.2543 33.3342 0.007912
0 561.5345 445.2571 28.1444 57.3301 0.002020
0 581.9882 279.7652 51.5095 64.7338 0.001186
0 94.4504 6.1366 30.6792 12.2732 0.000772
0 105.5985 6.4561 37.3419 12.9122 0.000465
0 85.0240 7.8240 42.5633 15.5616 0.000410
0 357.6468 503.2941 34.9306 17.1805 0.000404
0 8.7994 314.4254 17.5726 49.1088 0.000311
0 326.8389 160.9779 27.7300 55.3561 0.000308
0 360.2434 362.4381 19.9988 39.1171 0.000308
0 432.8122 203.1347 19.7454 34.6600 0.000280
0 321.9176 261.2833 38.0338 55.6120 0.000275
0 633.9084 5.4337 12.0642 10.8674 0.000247
0 634.4454 503.4180 10.9541 17.1640 0.000241
0 375.1425 233.1206 15.5809 22.0222 0.000238
0 550.7031 394.6718 22.8667 41.5336 0.000228
0 510.3347 507.8418 32.2229 8.3165 0.000200
0 4.6653 184.2623 9.2986 76.9207 0.000186
0 343.7543 503.5252 30.9941 16.9496 0.000184
0 345.8583 359.3116 36.8492 55.4828 0.000172
0 3.0421 196.3276 6.0841 78.1466 0.000170
0 189.2564 115.2052 24.0795 36.3992 0.000159
0 500.2404 395.4826 22.9233 28.2565 0.000155
0 564.8123 507.6551 25.2712 8.6898 0.000154
0 12.8789 157.1180 25.5410 28.9424 0.000154
0 344.6043 314.3295 57.6398 58.8174 0.000148
0 290.9756 167.8620 44.6401 94.3107 0.000146
0 10.7047 173.1273 21.4094 62.9879 0.000139
0 626.8225 230.8293 26.3549 58.0758 0.000133
0 622.0443 217.6733 35.1704 34.6911 0.000133
0 3.1029 223.6129 6.2058 61.0296 0.000132
0 37.6135 506.6115 38.3790 10.7769 0.000132
0 267.8392 73.4584 29.5099 41.4077 0.000129
0 628.7515 370.7520 22.4971 44.6421 0.000125
0 634.4896 17.5579 11.0208 35.1157 0.000120
0 635.7893 473.8666 8.4213 42.7020 0.000119
0 330.6212 229.1740 12.8088 20.8073 0.000119
0 633.1531 233.6373 13.6937 58.9554 0.000118
0 179.6260 111.3303 34.3382 26.7864 0.000116
0 429.7839 211.9878 18.5294 46.5952 0.000114
0 17.6168 505.7240 35.2335 12.5521 0.000113
0 533.7855 392.3015 26.4910 40.8684 0.000109
0 9.4456 26.4836 18.8912 42.4502 0.000104
0 414.2865 509.0428 30.3187 5.9145 0.000104
0 7.1518 334.9229 14.3037 60.4070 0.000103
