0 608.6788 275.3700 36.4382 59.3028 0.890540
0 258.7924 405.0740 41.0491 91.6606 0.875861
0 631.9746 231.6776 16.0508 39.4361 0.004667
0 8.5143 476.4193 17.0285 52.2470 0.001577
0 235.6815 498.0545 29.8912 27.8910 0.001478
0 291.0621 403.5715 27.2148 44.8345 0.001471
0 486.4569 279.7150 20.1330 18.0721 0.001250
0 405.3453 386.2701 28.5959 53.1222 0.000734
0 245.1861 405.0786 16.8840 88.9662 0.000534
0 421.9163 461.5543 12.7645 14.0389 0.000451
0 634.1949 257.5872 11.5808 40.7147 0.000400
0 4.8043 458.6104 9.5954 50.6093 0.000357
0 634.1632 274.9058 11.5408 52.0546 0.000155
0 224.2686 497.5483 13.8796 28.6287 0.000140
0 79.7784 505.6238 33.3437 12.7523 0.000132
0 69.4753 504.6186 36.5099 14.7629 0.000129
0 386.0970 282.8460 14.5542 14.0765 0.000120
0 98.0744 501.9227 31.3224 20.1547 0.000116
0 636.3793 70.0784 7.2413 37.3242 0.000113
0 108.6923 498.8620 29.1600 26.1339 0.000111
0 117.2441 499.3040 21.7033 25.1035 0.000109
0 90.6660 505.2868 34.2681 13.4265 0.000104
0 444.3967 148.6346 29.7369 47.2767 0.000104
