0 611.4548 276.8279 35.0396 55.4828 0.892616
0 225.2911 412.4692 33.0115 72.5699 0.882595
0 632.0612 228.0867 15.8776 36.3581 0.037583
0 473.2188 137.6333 19.7234 21.4432 0.007946
0 489.7445 279.6477 18.4955 18.3191 0.005422
0 199.4745 415.1002 22.0801 47.3566 0.005317
0 407.5424 386.0385 27.7495 54.8387 0.004002
0 293.6030 405.2703 25.6996 44.6016 0.001158
0 216.5749 400.5880 17.8208 49.3451 0.000752
0 213.5765 385.9741 14.0782 22.8872 0.000612
0 3.9597 475.1509 7.9194 54.6504 0.000549
0 4.4961 505.3150 8.9922 13.3699 0.000464
0 2.4112 177.9083 4.8223 43.8448 0.000415
0 164.8791 468.3712 16.1576 39.6606 0.000411
0 470.8019 148.3912 24.7444 40.8491 0.000363
0 492.5287 242.4700 23.3225 18.0245 0.000360
0 633.3681 506.8377 13.2638 10.3246 0.000280
0 205.7703 369.3789 13.4261 16.0012 0.000269
0 2.8437 159.6064 5.6874 60.3347 0.000259
0 128.3797 504.5609 21.9659 14.1642 0.000247
0 634.1073 260.9138 11.7854 45.1871 0.000222
0 2.8223 193.1553 5.6445 68.6826 0.000192
0 203.7768 483.6264 26.8462 56.4496 0.000190
0 466.8568 138.9913 23.1373 22.8464 0.000186
0 176.8250 436.6683 13.2197 30.4401 0.000174
0 10.0511 508.0004 20.1022 7.9993 0.000161
0 206.2280 404.0540 15.9769 46.6577 0.000157
0 4.2279 458.2919 8.4557 48.2577 0.000140
0 211.9277 360.4636 17.2529 31.4536 0.000124
0 211.7168 350.9186 25.0059 43.1260 0.000119
0 426.0933 465.0212 11.3500 14.0594 0.000119
0 399.4037 12.8781 35.4352 25.4541 0.000117
0 206.7012 376.6361 12.9543 16.6147 0.000110
0 206.6612 495.2750 23.9243 32.7943 0.000109
0 119.7526 504.5399 21.6615 14.1458 0.000108
0 3.1147 213.5091 6.2294 61.4604 0.000104
0 37.2600 508.4297 23.1059 7.1406 0.000103
