0 494.4866 216.9782 44.8564 88.1439 0.897520
0 71.6387 190.5929 25.9348 54.6959 0.069399
0 9.0717 410.3510 18.1435 36.6599 0.012790
0 92.7239 395.6843 19.7936 22.3964 0.003682
0 233.8250 503.4460 36.8818 17.1081 0.002558
0 34.2720 3.5326 31.0528 7.0652 0.002351
0 265.3510 154.2434 22.8384 51.2213 0.002107
0 49.5683 3.1069 42.7344 6.2138 0.001755
0 26.8307 493.6391 24.9385 36.7218 0.001723
0 550.0425 201.0582 42.6863 22.2278 0.001425
0 4.4541 403.5563 8.8839 41.2037 0.001174
0 55.6329 372.0614 39.9297 38.0331 0.001129
0 620.4442 505.5398 29.5359 12.9205 0.000716
0 12.4643 418.4474 23.6231 21.9420 0.000640
0 64.1868 275.2880 15.3505 26.1450 0.000635
0 63.4101 2.9128 25.3574 5.8257 0.000539
0 221.3741 505.6059 36.9448 12.7883 0.000481
0 6.6453 431.0386 13.2906 43.3187 0.000480
0 356.7562 497.7346 35.5266 28.5307 0.000470
0 499.1548 182.5348 20.1132 24.4945 0.000448
0 249.7041 505.6203 45.4944 12.6207 0.000397
0 3.3930 390.2392 6.6711 35.9038 0.000389
0 141.3624 5.5149 23.9440 11.0299 0.000351
0 72.8500 3.0892 28.0383 6.1783 0.000319
0 5.8490 9.1819 11.6979 18.3638 0.000265
0 224.2194 138.1037 16.6253 17.4307 0.000237
0 57.8192 447.0396 27.4919 26.7999 0.000237
0 439.1677 503.7732 31.6879 16.4537 0.000223
0 117.3594 317.0533 13.1071 8.4811 0.000220
0 12.9989 4.9500 22.0752 9.6605 0.000217
0 106.3612 316.6029 22.3792 8.3634 0.000201
0 64.8746 283.2406 17.2551 26.2128 0.000195
0 4.2193 459.9604 8.4251 40.9049 0.000189
0 124.0879 4.6249 33.6939 9.2499 0.000180
0 40.0122 500.8337 37.8547 22.3326 0.000175
0 566.3182 198.9028 16.8260 20.1153 0.000173
0 7.3441 500.3449 14.6400 23.3101 0.000172
0 17.2474 401.7320 30.7764 27.1143 0.000166
0 112.0953 3.8719 28.3560 7.7437 0.000164
0 5.3535 23.4353 10.6643 33.5374 0.000150
0 628.8651 503.5414 22.1536 16.9173 0.000149
0 362.6985 29.4268 31.6071 56.9275 0.000146
0 236.6487 8.1021 28.1083 16.2042 0.000133
0 634.8831 12.1249 10.2339 24.2499 0.000127
0 4.3833 446.0796 8.7132 43.8314 0.000119
0 613.7530 502.6341 39.2578 18.7318 0.000117
0 210.2780 507.1824 35.3170 9.6351 0.000108
0 4.2296 259.0470 8.4424 66.6448 0.000107
0 636.1531 71.9107 7.6937 69.1927 0.000107
0 607.1785 506.6651 43.0681 10.6697 0.000104
