0 87.0765 216.7078 16.8028 55.6074 0.824659
0 634.1931 253.7947 11.6138 105.9465 0.326103
0 491.3146 202.9614 19.3994 35.3564 0.074403
0 634.9857 228.6797 10.0286 72.3527 0.054833
0 222.6610 262.3419 31.9632 35.8633 0.010559
0 636.2638 211.6156 7.4724 66.9792 0.006867
0 6.1117 128.7968 12.2233 47.0538 0.002201
0 215.2443 261.1934 16.0410 36.2350 0.001896
0 636.3044 280.1933 7.3912 139.4523 0.001572
0 632.6152 215.1353 13.9900 45.4888 0.001112
0 3.0001 213.8580 6.0002 49.6870 0.000425
0 3.5678 251.5549 7.1356 104.7592 0.000352
0 520.2972 9.3724 26.3530 18.7448 0.000324
0 636.0107 184.0231 7.9786 99.6079 0.000176
0 629.2300 496.5197 21.5399 30.9605 0.000156
0 103.2087 8.8574 39.5755 17.6892 0.000134
0 221.9818 244.7186 33.9202 69.9570 0.000124
0 636.8497 318.4011 6.3005 104.2904 0.000112
0 9.1455 99.7015 18.2910 104.2121 0.000103
0 3.3279 185.8871 6.6558 102.1781 0.000102
0 627.5350 252.0913 21.2275 106.5060 0.000100
