0 247.3826 205.8852 21.5697 52.2796 0.804742
0 514.3005 355.5662 38.3325 71.3177 0.712658
0 178.3930 421.4628 27.8818 44.2552 0.680206
0 306.4073 276.9875 19.2745 25.3578 0.641960
0 273.5917 120.5297 22.5835 21.4360 0.638919
0 518.7176 32.7287 17.6389 43.9213 0.339734
0 277.4741 239.5543 16.7388 20.7273 0.243415
0 551.0658 35.8114 44.4360 45.9934 0.200797
0 602.0184 38.6761 23.5139 27.1040 0.138900
0 511.4101 331.1536 33.1401 23.2590 0.137314
0 561.3308 28.3115 25.9742 29.9765 0.114186
0 88.8104 13.8316 28.7696 27.4480 0.079133
0 154.9430 43.6511 9.4041 18.0027 0.029064
0 517.9799 4.1953 20.9791 8.2207 0.027473
0 269.8735 288.2731 28.6451 19.0936 0.021389
0 524.3540 34.5480 18.7717 39.6586 0.013306
0 520.4804 15.7520 20.5872 31.3101 0.013063
0 513.2424 21.0256 24.3593 41.5974 0.012670
0 635.8959 280.3906 8.2082 31.7283 0.012634
0 83.6375 4.7107 30.3284 9.4215 0.011634
0 545.3593 47.5690 32.5178 35.8785 0.008590
0 278.2935 249.9794 15.4070 33.9295 0.007375
0 32.7798 371.6899 17.1267 23.2201 0.006883
0 72.7838 4.3722 17.5961 8.6674 0.006854
0 119.1667 451.0582 24.1243 44.1990 0.006795
0 612.7687 36.3198 29.3389 32.1213 0.003584
0 621.4489 358.6549 36.6743 62.3155 0.003424
0 636.3430 99.5958 7.3140 53.1326 0.003044
0 75.1610 83.6776 21.3323 15.7493 0.002509
0 151.8907 38.8134 11.2295 14.3260 0.002495
0 635.9330 221.6589 8.1339 36.4790 0.002446
0 635.5394 266.1772 8.9213 53.8456 0.002420
0 72.3109 80.3217 15.5949 14.7008 0.002265
0 157.5176 53.9083 13.3972 36.1795 0.002128
0 636.5674 120.6935 6.8651 46.2385 0.002072
0 91.7299 260.0416 18.5126 13.8969 0.001907
0 508.2663 4.2981 31.5542 8.3361 0.001868
0 634.8180 459.4534 10.2856 32.7497 0.001832
0 629.2949 362.5966 21.3750 53.1725 0.001700
0 634.9333 377.0888 10.1334 35.3754 0.001666
0 636.2776 207.9697 7.4448 46.1567 0.001555
0 132.6174 3.5658 14.4286 7.0518 0.001506
0 77.7491 79.5493 20.0012 12.9489 0.001360
0 80.1469 87.7684 25.0623 22.7701 0.001259
0 168.7604 507.5831 29.3159 8.8339 0.001055
0 138.4061 3.4226 15.4110 6.7585 0.000976
0 152.5999 48.6389 11.3499 26.1616 0.000936
0 634.1487 435.6733 11.7026 47.6492 0.000778
0 635.3169 246.7273 9.3663 55.2978 0.000771
0 576.4552 26.3175 21.5503 24.7430 0.000720
0 282.9213 124.6498 28.0886 18.8659 0.000670
0 117.4595 4.0933 9.7898 8.1865 0.000635
0 635.2311 294.3417 9.5377 55.2003 0.000632
0 634.5638 394.3328 10.6619 42.1077 0.000575
0 169.5650 419.8916 14.0259 42.8866 0.000569
0 124.0660 3.7700 12.6980 7.4149 0.000565
0 589.8270 37.3382 14.3746 27.6150 0.000534
0 596.9373 33.2963 27.5991 35.6824 0.000524
0 533.5869 4.0119 30.8063 8.0238 0.000495
0 630.1976 386.9017 19.6049 30.0328 0.000480
0 582.0441 29.3992 20.3579 29.1352 0.000473
0 625.8555 504.9908 28.2891 14.0183 0.000471
0 164.0750 57.1017 25.9816 39.9182 0.000457
0 374.9632 3.3774 22.6820 6.7548 0.000446
0 144.3225 3.4599 19.8477 6.8411 0.000443
0 272.9900 111.0264 24.8328 40.1625 0.000422
0 633.0468 284.8721 13.7256 37.1624 0.000409
0 637.2467 37.4748 5.5067 30.5720 0.000402
0 158.2866 501.9105 32.8192 20.1790 0.000380
0 556.5323 19.3906 33.2844 32.6947 0.000365
0 181.7561 507.7523 42.8405 8.4953 0.000351
0 546.2419 4.0919 30.5759 8.1838 0.000343
0 167.9581 504.3745 34.4382 15.2510 0.000336
0 268.9075 239.4903 24.5732 20.9779 0.000330
0 574.4968 69.5754 28.1479 53.2213 0.000316
0 272.2747 20.3950 17.0314 21.1666 0.000284
0 272.3424 30.1065 16.2159 36.3784 0.000280
0 3.6025 73.8823 7.2050 31.9085 0.000240
0 32.0680 5.4167 24.7686 10.8334 0.000226
0 15.2174 17.3691 29.8833 34.0383 0.000216
0 629.2809 494.7925 21.4381 34.2672 0.000203
0 164.8066 47.0591 21.2150 26.9960 0.000197
0 495.7247 4.3661 29.9816 8.6083 0.000196
0 633.9990 348.1205 12.0021 56.6863 0.000185
0 20.8381 5.1362 36.5518 10.2724 0.000176
0 176.6113 245.0202 11.4352 18.4149 0.000173
0 558.4207 7.8460 26.8197 15.6920 0.000169
0 624.4321 431.2352 30.9631 46.9917 0.000169
0 6.7376 11.2745 13.4753 22.0082 0.000164
0 634.7975 475.6106 10.4049 67.1880 0.000164
0 154.4277 30.9385 9.9904 24.6978 0.000162
0 210.0579 46.6627 15.1499 22.6928 0.000161
0 617.3015 506.3816 33.8130 11.2368 0.000159
0 150.2112 26.8015 12.1398 29.7874 0.000148
0 76.9657 6.8298 25.0932 13.6595 0.000143
0 150.8979 4.0067 20.0353 8.0134 0.000143
0 629.9214 445.2707 19.7834 47.1803 0.000136
0 196.5350 318.3443 36.2645 47.7882 0.000131
0 636.6079 183.4904 6.7842 71.7449 0.000127
0 559.1361 366.9457 18.8875 42.0021 0.000124
0 16.4367 8.6226 32.8734 17.0357 0.000122
0 30.7439 298.6538 10.2849 19.7380 0.000117
0 4.2451 359.8091 8.4901 22.8226 0.000104
0 64.9768 84.1711 13.4454 14.7524 0.000101
0 3.3973 59.5097 6.7946 38.7599 0.000100
