0 520.2349 351.8690 37.4227 24.2885 0.850672
0 273.9189 248.6896 17.8425 27.2786 0.820090
0 547.3544 318.7347 32.7449 39.1846 0.069702
0 470.5324 505.9637 32.5392 12.0726 0.034259
0 400.4343 506.8139 25.2833 10.3722 0.025182
0 193.1104 506.6844 38.2106 10.6313 0.018142
0 633.3068 28.8514 13.3864 36.9246 0.011233
0 320.4225 508.8523 22.4861 6.2953 0.005143
0 587.4266 4.4577 23.7552 8.9155 0.005016
0 88.4893 331.5409 39.3529 44.6820 0.003983
0 185.1662 498.7155 40.9557 25.7255 0.003572
0 504.6424 507.6039 26.5230 8.7922 0.003257
0 487.4955 506.9645 49.5876 10.0439 0.002866
0 376.0621 4.5588 20.8866 9.0741 0.002559
0 552.5127 214.3911 64.5911 70.4999 0.002004
0 5.3062 505.2594 10.1289 12.5706 0.001892
0 52.6428 507.8450 20.0571 8.3101 0.001640
0 390.6597 507.8116 34.1805 8.3768 0.001633
0 4.0060 498.4163 7.9057 23.4108 0.001504
0 5.1405 274.3261 10.1574 21.9681 0.001358
0 8.9364 507.5967 16.1408 8.7247 0.001240
0 162.1620 488.3620 14.3323 22.3208 0.001213
0 584.2563 7.4516 26.5642 14.9032 0.001044
0 245.5934 250.1710 7.5684 17.4612 0.000991
0 382.0060 187.9902 28.9405 17.9291 0.000822
0 3.0725 387.9115 5.9596 22.7978 0.000744
0 166.3686 5.1357 21.5349 8.9488 0.000734
0 82.9121 507.6091 16.4019 7.6826 0.000729
0 455.4390 507.3335 39.0582 9.3330 0.000660
0 14.7188 407.5281 26.3859 37.7325 0.000646
0 373.9915 7.8776 21.7570 15.7196 0.000644
0 445.0237 3.9867 22.8323 7.9734 0.000593
0 597.2247 4.3051 27.8750 8.6102 0.000588
0 610.9641 194.5484 17.8564 34.1744 0.000587
0 215.8332 508.6216 32.7207 6.7569 0.000580
0 91.1638 507.4660 21.8792 7.6837 0.000544
0 3.3117 371.0704 6.5857 26.5915 0.000538
0 435.5679 5.1157 26.1682 10.0115 0.000527
0 6.2830 288.1917 12.4781 36.8139 0.000485
0 474.7927 128.4255 20.1435 27.4289 0.000476
0 170.0449 495.3191 29.1980 27.2751 0.000459
0 366.8169 5.5973 34.2885 10.7809 0.000424
0 133.0481 507.2960 17.5742 8.2358 0.000412
0 10.3810 281.9130 20.2333 24.9496 0.000409
0 521.3202 507.4362 32.5649 9.1275 0.000382
0 131.4825 330.2206 16.1601 16.8386 0.000368
0 440.9507 8.6133 23.3768 17.2266 0.000365
0 15.0816 508.2639 24.0569 7.4723 0.000362
0 90.0408 243.7856 25.8448 21.5097 0.000342
0 5.3513 263.1546 10.5733 42.0432 0.000330
0 125.8454 365.9344 37.4894 19.3872 0.000323
0 134.9200 3.6580 21.4485 7.3161 0.000322
0 39.3444 508.1369 26.7302 7.7262 0.000317
0 410.9895 504.7949 36.1357 14.4103 0.000262
0 331.3719 508.4814 30.4752 7.0371 0.000255
0 249.1840 251.7532 9.5902 19.2034 0.000250
0 176.4845 503.8493 43.2278 15.5009 0.000237
0 125.0074 507.7991 22.5165 7.7014 0.000223
0 604.4247 196.5828 27.0822 34.8468 0.000221
0 27.5847 508.3546 25.0286 7.2330 0.000217
0 384.5731 7.6517 16.4320 15.3035 0.000199
0 634.3428 43.6913 11.1573 57.7698 0.000198
0 121.3698 359.7525 26.6856 11.4011 0.000193
0 425.7017 7.7164 22.5026 14.9538 0.000191
0 168.5692 490.0501 19.6152 27.0135 0.000184
0 469.2018 498.7971 31.6497 25.9460 0.000183
0 3.5105 486.0844 6.9765 34.8245 0.000180
0 532.7015 507.2079 22.6533 9.5842 0.000179
0 572.0073 3.6768 39.0962 7.3535 0.000178
0 399.0009 495.7341 23.4926 31.8870 0.000173
0 115.8312 508.0920 22.1198 7.4280 0.000164
0 397.6732 4.8321 16.8344 9.2695 0.000160
0 7.8890 501.8696 15.3659 19.5964 0.000158
0 68.8548 507.8573 31.0393 8.0518 0.000158
0 131.3076 377.1482 49.0832 41.3512 0.000150
0 108.8856 9.6772 22.0266 19.3543 0.000146
0 512.3671 505.4673 31.2285 12.8810 0.000136
0 227.3725 509.1064 23.2053 5.7872 0.000136
0 107.2020 507.5253 21.4786 7.4682 0.000133
0 133.8577 502.7654 16.8703 16.0344 0.000132
0 636.6518 317.3278 6.6964 50.7846 0.000131
0 3.3137 361.0025 6.5890 29.4329 0.000130
0 201.4207 498.7346 39.6531 25.5907 0.000129
0 7.3115 301.3900 14.5568 61.3540 0.000126
0 628.2997 26.1486 22.3191 41.7025 0.000126
0 48.1744 504.4222 25.0303 15.1310 0.000119
0 423.4457 507.1859 32.6183 9.6281 0.000117
0 436.8052 107.5412 21.9530 26.7531 0.000113
0 139.5009 500.3723 17.6686 20.4990 0.000112
0 275.8806 265.9448 13.3524 26.7309 0.000110
0 378.8733 508.0628 33.1680 7.8745 0.000109
0 98.9339 506.9607 21.9871 7.7546 0.000107
0 268.2287 503.1897 11.6459 15.0431 0.000102
0 56.8341 503.7503 20.5299 16.0289 0.000101
0 418.7180 9.8801 23.0931 19.2091 0.000101
0 319.9943 503.9292 23.1710 16.1416 0.000100
