0 514.3441 276.7739 42.7187 33.8705 0.878143
0 244.6516 256.3700 29.2154 26.4003 0.694683
0 618.6097 11.3642 42.7806 22.7283 0.046284
0 455.0633 507.9658 24.9273 8.0684 0.004865
0 204.6907 269.5345 10.8984 25.5872 0.004579
0 14.8311 475.0143 26.7037 35.6442 0.003962
0 613.1376 5.8314 53.4489 11.6629 0.003470
0 338.9257 507.6072 25.2086 8.7855 0.003320
0 593.6040 496.9160 24.9424 29.4295 0.002255
0 545.0901 134.6309 15.8145 21.0846 0.001745
0 9.3956 41.6589 16.8969 22.6775 0.001199
0 3.0270 386.8397 6.0540 35.7879 0.000987
0 540.3793 135.7411 15.9130 23.6770 0.000932
0 108.6842 412.8542 20.7311 19.5776 0.000806
0 188.5348 268.5603 37.8820 32.2719 0.000770
0 329.6593 179.5726 23.3840 18.0038 0.000762
0 3.6340 439.3505 7.2622 29.8640 0.000712
0 347.7859 508.0681 31.1926 7.8637 0.000697
0 3.8810 214.6158 7.5683 33.9632 0.000671
0 3.3589 139.0872 6.6217 13.3246 0.000668
0 243.2492 287.7204 12.2556 19.1589 0.000666
0 67.1982 47.2240 10.5960 21.4115 0.000620
0 277.2571 5.0726 25.9229 9.9481 0.000584
0 513.8638 504.7462 28.7383 14.4059 0.000578
0 198.8885 506.9197 18.6828 10.1605 0.000510
0 587.2976 505.3880 38.1079 12.8449 0.000508
0 50.6809 307.7597 27.1134 41.7317 0.000488
0 441.2102 508.5734 28.5826 6.8533 0.000481
0 10.9714 34.7393 16.9928 17.3902 0.000464
0 141.9789 348.4109 20.2849 38.8434 0.000425
0 208.7649 269.3479 9.7675 21.8181 0.000407
0 633.8196 21.0038 12.3607 41.9699 0.000403
0 289.9481 5.0553 26.0054 10.1105 0.000344
0 632.8957 183.2020 14.2086 64.0974 0.000332
0 429.4224 508.4065 29.2911 7.1870 0.000297
0 171.4420 258.9907 10.2768 18.7238 0.000290
0 3.5820 424.9767 7.1641 33.2577 0.000289
0 357.8736 508.6733 34.2126 6.6534 0.000288
0 338.9556 19.6412 27.8577 39.0557 0.000274
0 277.7279 74.0709 19.1591 31.3963 0.000264
0 476.1235 507.6519 21.1787 8.2135 0.000259
0 599.6673 503.1387 37.1198 17.3133 0.000247
0 87.4216 508.2111 31.1196 7.5779 0.000241
0 3.1928 405.7950 6.3856 31.7927 0.000240
0 191.8460 506.3826 27.3773 11.2348 0.000229
0 198.3618 92.4833 24.6461 80.4039 0.000226
0 41.4901 145.7067 15.4972 19.6404 0.000221
0 521.7481 433.2183 18.2976 35.1461 0.000206
0 22.8244 148.7558 11.5544 16.4154 0.000202
0 13.4261 91.8059 16.8795 16.6578 0.000202
0 222.6528 508.8458 24.0858 6.3084 0.000196
0 478.0852 466.0763 17.2703 23.2945 0.000187
0 581.0585 508.0213 50.4033 7.8540 0.000182
0 493.7501 499.5287 24.7728 20.2988 0.000178
0 4.0874 201.6827 8.0718 33.3136 0.000176
0 18.1558 73.2170 14.7126 11.3006 0.000176
0 202.1468 502.4605 19.5360 19.0790 0.000176
0 454.1239 503.7466 23.2581 14.3218 0.000174
0 73.1698 508.7966 31.2680 6.4069 0.000163
0 389.8327 508.8777 23.1371 6.2445 0.000161
0 126.3837 92.4261 23.6828 17.9920 0.000158
0 208.8955 508.3095 22.5992 7.3809 0.000155
0 15.1124 59.5219 20.7218 32.3788 0.000154
0 284.2501 7.7341 26.1699 15.3646 0.000151
0 98.1510 507.9414 24.9398 8.1172 0.000148
0 539.2412 144.6325 19.2362 40.0333 0.000147
0 474.1430 4.7124 34.4836 9.4248 0.000146
0 317.3888 508.3961 25.0240 7.2079 0.000143
0 161.8598 500.6737 16.3486 22.4778 0.000134
0 630.9886 208.9726 17.5449 36.1235 0.000133
0 459.8522 102.1845 13.5120 18.1520 0.000131
0 51.1071 508.2863 21.3409 7.1758 0.000131
0 161.8301 180.1406 8.5986 8.2741 0.000129
0 267.2959 5.4932 30.7264 10.2867 0.000128
0 175.4897 503.9446 24.1696 16.1107 0.000128
0 66.1215 387.4291 44.5674 46.8661 0.000124
0 421.5763 507.3824 28.4649 9.2352 0.000122
0 156.6893 504.1867 22.2296 15.6266 0.000122
0 35.0682 444.8781 26.5171 34.4280 0.000118
0 152.2798 508.3915 25.9278 7.2170 0.000118
0 58.2926 508.6986 23.2868 6.4288 0.000117
0 3.3999 145.8388 6.6966 15.2690 0.000116
0 242.8187 279.2412 17.5928 23.2834 0.000116
0 458.5848 82.3099 12.8997 16.3582 0.000114
0 120.3344 508.0596 24.4677 7.8807 0.000112
0 8.7052 270.6696 16.2255 20.0322 0.000109
0 486.0774 494.0250 31.3653 30.9890 0.000103
0 107.5319 370.6924 16.5738 24.7186 0.000103
