0 310.9759 196.5299 22.1193 42.4482 0.851328
0 223.7162 284.4062 21.2727 34.1837 0.841796
0 495.6252 227.6276 27.6069 24.7709 0.833526
0 619.8303 10.3288 40.3394 20.6576 0.315088
0 465.7047 507.0894 24.9766 9.8212 0.016081
0 343.2345 508.0499 23.3848 7.9001 0.009295
0 486.9057 471.5925 20.3386 15.3412 0.005821
0 145.4842 359.5253 21.8033 54.3826 0.003592
0 596.0841 496.9103 31.4958 30.0995 0.003152
0 286.2487 5.5538 22.2451 11.0552 0.003000
0 317.8438 507.5892 19.0913 8.8217 0.002411
0 3.8611 394.4694 7.7223 29.2988 0.002098
0 18.0749 485.2357 27.7822 39.6926 0.001856
0 336.7531 180.8131 18.7249 17.0377 0.001846
0 514.3161 505.0628 23.9866 13.8744 0.001535
0 283.7785 76.3479 18.4202 30.8361 0.001236
0 631.1053 19.5131 17.7747 39.0261 0.001143
0 548.1552 138.8793 16.3665 26.6571 0.001075
0 451.6911 508.3627 28.4719 7.2746 0.000992
0 53.0556 308.1080 23.5352 36.8513 0.000940
0 633.1710 209.2089 13.1969 39.0375 0.000828
0 460.0750 504.6091 25.3300 14.1006 0.000810
0 15.7027 40.8009 17.4355 19.2568 0.000717
0 230.1841 254.8185 21.3864 20.6512 0.000692
0 484.2165 507.2885 25.9508 9.3824 0.000681
0 74.9692 44.5920 11.9285 12.2332 0.000628
0 553.5669 135.4233 18.3547 21.4580 0.000558
0 494.4552 487.9576 31.6602 42.4023 0.000546
0 9.7662 391.9992 19.5325 33.0970 0.000522
0 355.1705 508.0773 37.4036 7.8453 0.000484
0 2.9786 270.6401 5.0128 19.6768 0.000463
0 242.1897 256.5983 23.4948 18.7272 0.000456
0 506.9860 504.0782 27.1543 15.7239 0.000441
0 603.6514 5.4030 61.3243 10.8059 0.000435
0 471.6755 505.2317 26.2905 13.1123 0.000435
0 3.8894 408.4226 7.7788 34.6462 0.000394
0 4.0370 454.3718 8.0740 24.7843 0.000388
0 488.0818 5.2188 26.2445 10.4377 0.000353
0 74.4127 399.1294 37.5242 30.8752 0.000341
0 226.7996 508.2555 25.7366 7.4890 0.000341
0 155.3462 3.8671 31.3897 7.7341 0.000336
0 130.6388 95.0779 23.8413 15.9041 0.000335
0 521.2672 277.8518 32.1643 31.0867 0.000325
0 221.6620 254.4246 15.0708 19.9985 0.000324
0 307.7328 507.9806 32.8022 8.0388 0.000323
0 478.1013 4.8040 37.2636 9.6080 0.000322
0 268.9017 5.9617 41.3292 11.4126 0.000295
0 497.4789 500.2260 29.8201 23.0848 0.000275
0 481.9316 83.8348 10.5033 16.0536 0.000260
0 84.0895 65.8559 24.1658 31.6747 0.000259
0 466.2767 125.9877 20.8650 39.2687 0.000243
0 83.2177 23.5572 33.7624 47.1144 0.000233
0 191.0515 271.2783 35.6275 30.9524 0.000216
0 626.0781 210.0961 26.7693 39.6735 0.000202
0 609.6457 506.3011 37.4442 11.1589 0.000197
0 633.4251 182.1573 12.9419 58.6297 0.000196
0 113.3675 413.3359 19.6049 15.5544 0.000177
0 436.8411 508.3623 31.2950 7.2755 0.000171
0 133.1075 285.0045 23.5704 37.3898 0.000170
0 524.5126 503.0689 32.4323 15.0607 0.000169
0 3.9791 467.1815 7.3230 19.5238 0.000156
0 530.0675 433.0156 15.0845 32.1815 0.000155
0 608.4952 499.2829 39.6593 25.1069 0.000145
0 331.4060 179.0345 20.1916 20.7609 0.000144
0 335.3981 504.8007 30.3160 14.3987 0.000143
0 250.7589 256.8048 22.4702 18.8464 0.000142
0 9.1023 402.6462 18.2046 25.9196 0.000142
0 342.2933 6.9239 27.2323 13.7046 0.000140
0 4.2538 444.8461 8.4591 28.4738 0.000138
0 347.5829 504.8070 28.3864 14.3860 0.000134
0 294.2178 508.7437 22.5897 6.5125 0.000130
0 44.4380 147.9131 14.6689 20.9619 0.000122
0 217.1037 507.4563 30.2370 9.0875 0.000118
0 172.3518 5.3559 37.4438 10.7118 0.000111
0 4.2470 219.3168 8.4334 38.2164 0.000106
