0 580.6002 101.9776 34.6904 108.9338 0.902640
0 540.2673 96.4031 32.9851 103.2934 0.894193
0 632.9709 110.6137 14.0581 87.6440 0.007121
0 635.3188 299.4319 9.3624 75.9429 0.005938
0 366.7771 506.2417 25.0330 11.5166 0.003799
0 188.0161 508.5881 26.0575 6.8238 0.002174
0 436.6165 3.7471 28.3145 7.4941 0.002151
0 374.3530 507.7400 37.6768 8.4567 0.001342
0 406.5659 246.6950 57.3557 77.8461 0.000977
0 316.5548 3.7821 28.6848 7.5643 0.000767
0 540.8761 57.5234 24.2632 29.0610 0.000733
0 636.5337 333.6645 6.9326 71.3350 0.000701
0 3.3724 369.1033 6.7449 61.2609 0.000671
0 199.3365 507.8020 36.1409 8.3960 0.000670
0 83.3062 14.1676 38.2812 28.3352 0.000563
0 437.0066 10.1452 29.8083 20.2904 0.000487
0 14.3200 508.2291 21.4421 7.5418 0.000417
0 636.1853 430.2131 7.6294 79.0015 0.000351
0 209.5327 506.5448 42.6221 10.9103 0.000326
0 636.2588 379.0818 7.4825 47.4835 0.000319
0 337.0251 508.5574 36.2896 6.8851 0.000314
0 635.8072 274.1594 8.3856 72.1803 0.000314
0 3.6270 149.4439 7.2540 43.9469 0.000300
0 377.2385 502.5756 41.1930 17.7854 0.000210
0 636.4861 468.4051 7.0279 62.7657 0.000197
0 635.6799 400.2054 8.6401 55.9852 0.000161
0 631.2081 501.9777 17.5837 20.0447 0.000154
0 622.1206 508.2244 31.1489 7.5512 0.000153
0 292.6078 507.7867 39.6300 8.4266 0.000147
0 606.6115 508.7287 38.7448 6.5427 0.000143
0 193.5257 505.2033 30.3062 13.5934 0.000133
0 313.6995 507.5898 40.2953 8.8205 0.000124
0 304.5399 5.0023 36.8856 10.0046 0.000111
0 635.3839 125.6340 9.2322 144.1395 0.000107
0 277.0396 508.4955 32.9186 7.0090 0.000105
0 223.2170 507.5268 45.5685 8.9464 0.000104
0 104.3099 506.1213 31.7096 11.7574 0.000103
