0 591.7377 99.3920 32.2958 106.3088 0.879797
0 574.5139 53.8375 16.7565 35.8670 0.785223
0 632.0521 359.1719 15.8959 55.3225 0.008520
0 231.1593 506.9186 32.6837 10.1627 0.004239
0 333.2271 507.1471 29.6954 9.7059 0.001463
0 399.7369 505.2399 25.3629 13.5201 0.001423
0 244.8798 506.8305 30.3218 10.3389 0.001388
0 485.9120 6.9504 29.3579 13.9007 0.001380
0 482.8718 12.2311 30.0551 24.4622 0.001083
0 635.4614 380.9024 9.0772 74.2625 0.000700
0 413.2444 504.7928 46.2866 14.3739 0.000579
0 18.2045 508.3650 28.6627 7.2701 0.000569
0 9.5166 506.7717 18.9503 10.4565 0.000348
0 221.3193 507.8357 37.7377 8.3287 0.000318
0 630.0106 504.4306 19.9789 15.1388 0.000292
0 624.5090 99.5499 30.9821 109.0101 0.000273
0 6.0468 9.8093 12.0936 19.6185 0.000258
0 373.2160 508.0839 39.1881 7.8322 0.000255
0 7.6310 31.7101 15.2620 63.4201 0.000246
0 5.3413 49.9796 10.6825 46.9552 0.000237
0 499.3141 9.5636 50.2954 19.0387 0.000232
0 357.1000 508.3118 48.4680 7.3763 0.000218
0 3.8826 353.1664 7.7652 74.5320 0.000184
0 327.0666 503.9026 36.0828 16.0891 0.000168
0 332.5070 5.2669 36.9136 10.5338 0.000130
0 636.2674 401.2339 7.4652 50.2387 0.000129
0 450.3370 241.2073 58.2486 68.5603 0.000127
0 258.4080 507.4207 40.1914 9.1585 0.000116
0 425.5943 502.0344 41.5570 19.9312 0.000113
