0 499.5999 490.0103 30.4757 43.9795 0.741734
0 305.7936 309.5190 58.8190 100.2756 0.634159
0 133.3907 85.2765 26.7950 20.7995 0.025531
0 328.4195 258.9269 27.7391 59.0817 0.018700
0 561.2081 11.3641 33.0839 22.7282 0.013517
0 284.1204 325.4600 20.3517 61.6127 0.005074
0 422.4800 484.1273 47.5745 55.3342 0.004963
0 316.0511 278.5225 50.5117 99.0050 0.003260
0 229.7275 99.3865 30.7910 23.6730 0.002312
0 300.3575 290.7376 30.1665 67.3219 0.002185
0 44.5275 3.2049 15.9934 6.4097 0.001937
0 298.9387 269.5435 17.2701 34.4816 0.001413
0 545.8812 11.6286 59.7637 23.2571 0.001002
0 225.3710 336.8610 17.3209 14.7998 0.000858
0 46.3375 402.7130 24.4815 25.3848 0.000809
0 38.6218 3.1808 15.7518 6.3550 0.000797
0 307.9244 273.5188 34.1222 55.0706 0.000617
0 486.2692 492.9010 60.3588 38.1934 0.000596
0 13.6233 291.7337 27.2465 46.5166 0.000559
0 294.0100 328.5390 38.3527 61.0691 0.000495
0 5.5074 232.8681 11.0148 54.6650 0.000489
0 8.7409 395.9041 17.4150 50.4988 0.000420
0 511.4617 493.6930 50.6809 36.4738 0.000419
0 577.9901 8.1739 40.9880 16.2021 0.000363
0 199.5384 89.8467 16.8034 13.6447 0.000360
0 54.6811 3.5001 29.9121 7.0001 0.000299
0 635.9530 14.1349 8.0940 28.2699 0.000294
0 32.0686 508.1791 32.8992 7.6418 0.000249
0 3.4702 410.7866 6.8928 44.7609 0.000236
0 107.5319 3.7300 26.2516 7.4601 0.000221
0 44.9013 8.3630 16.5506 16.7260 0.000216
0 9.8546 506.6438 19.4936 10.7124 0.000214
0 62.1304 500.2279 23.5438 23.5442 0.000198
0 350.3301 504.1188 43.0088 15.7625 0.000187
0 343.0584 507.0805 46.7640 9.8389 0.000182
0 18.0183 507.6382 32.4387 8.7236 0.000181
0 11.3080 272.5095 22.5142 72.5024 0.000176
0 6.7975 316.5499 13.5907 85.6849 0.000170
0 7.5941 213.3847 15.1881 87.2054 0.000168
0 4.8994 493.8310 9.7498 34.2139 0.000153
0 418.5223 4.2277 33.4928 8.4554 0.000142
0 3.9420 206.6430 7.8840 82.7318 0.000139
0 637.2057 31.5531 5.5886 59.7848 0.000137
0 119.4747 3.7659 29.3949 7.5318 0.000135
0 125.1739 385.9442 27.1932 35.4604 0.000124
0 155.8470 5.6630 19.3766 11.3260 0.000122
0 3.2222 484.7167 6.4444 44.6967 0.000121
0 2.7580 423.1967 5.4396 39.2705 0.000110
0 69.4073 504.1121 30.8562 15.6848 0.000110
0 630.6904 6.7657 18.1917 13.5315 0.000110
0 43.2963 495.4238 44.6299 33.1525 0.000107
0 12.0594 236.5244 22.7581 47.5483 0.000100
