0 300.7871 289.5561 31.8040 60.0643 0.882473
0 269.5421 295.6341 28.3969 65.8052 0.875344
0 331.3888 291.5122 24.5168 60.1058 0.873811
0 242.9395 296.8450 21.5621 67.3273 0.838367
0 86.9684 4.0383 28.6433 8.0766 0.080696
0 285.6643 39.0143 26.5505 24.8505 0.009918
0 75.1267 4.1152 42.1418 8.2304 0.004557
0 340.6787 506.8940 26.8015 10.2120 0.004351
0 623.0832 505.8715 26.7334 12.2570 0.003361
0 91.8348 7.7365 32.5111 15.4644 0.002061
0 616.0760 503.0409 37.9032 17.9182 0.001606
0 331.5696 507.6347 35.3748 8.7305 0.001259
0 9.5340 24.6050 18.9320 41.3451 0.001055
0 101.8314 4.0347 43.8749 8.0574 0.000981
0 19.3664 4.0503 23.8240 7.9591 0.000923
0 625.4294 201.9587 29.1412 26.1249 0.000769
0 258.1292 3.6089 22.6226 7.2177 0.000723
0 174.8583 508.3846 24.8220 7.2308 0.000714
0 81.0043 7.2478 38.1106 14.4956 0.000709
0 12.6619 422.5510 25.3239 57.8510 0.000708
0 631.5924 288.5958 16.8152 45.0282 0.000689
0 11.0067 174.6462 20.9746 28.1520 0.000659
0 629.4070 46.3485 21.1780 37.2334 0.000503
0 637.0754 393.8604 5.8491 37.7609 0.000476
0 13.7767 8.0053 26.0602 15.6253 0.000462
0 3.9659 437.8979 7.9318 40.9249 0.000430
0 637.1860 377.4655 5.6281 38.1055 0.000410
0 293.2986 17.4142 35.5189 34.8285 0.000394
0 94.2019 15.2359 33.7692 30.1490 0.000316
0 227.0222 469.3249 49.0991 34.7646 0.000287
0 10.4731 152.6209 20.9461 54.9917 0.000284
0 636.6255 407.5218 6.7490 29.6231 0.000275
0 3.8897 453.4802 7.7794 49.5168 0.000245
0 637.1772 334.8029 5.6456 38.5676 0.000233
0 636.9323 319.0591 6.1355 33.9822 0.000225
0 3.5172 377.6050 7.0344 31.8318 0.000222
0 475.0675 306.8879 13.6931 10.2731 0.000216
0 16.5801 20.1740 27.2841 39.9010 0.000205
0 637.1901 363.6456 5.6199 40.8030 0.000190
0 3.5760 398.9554 7.1519 48.9004 0.000184
0 330.7288 503.3810 34.4559 17.2379 0.000182
0 626.7812 497.9778 26.3457 28.0444 0.000177
0 629.3123 22.1076 21.3755 43.2301 0.000177
0 535.1450 509.2120 36.5474 5.5760 0.000176
0 319.9164 506.4682 26.2500 11.0637 0.000174
0 182.5514 507.2289 28.8799 9.5421 0.000170
0 59.6184 4.0955 31.4780 8.1911 0.000166
0 28.7485 4.1171 26.4628 8.2343 0.000152
0 22.1663 10.3916 20.9418 20.6217 0.000145
0 544.6467 8.6722 24.0570 17.0984 0.000140
0 174.3143 504.2862 27.9055 15.4277 0.000135
0 301.0566 51.7163 13.6522 10.2708 0.000117
0 293.7833 8.0254 35.1317 15.9099 0.000114
0 636.3491 308.5507 7.3018 37.0337 0.000114
0 128.2334 508.1983 27.5323 7.6034 0.000113
0 6.8055 185.9529 13.4807 36.3384 0.000103
