0 166.7478 334.2961 24.1605 59.7602 0.842920
0 220.1196 332.6383 12.5398 16.9449 0.767908
0 235.8310 340.6223 17.2700 23.9745 0.763788
0 162.4772 307.3835 20.6635 21.6261 0.145113
0 616.8050 499.2707 35.6132 25.4587 0.098144
0 631.6497 357.2967 16.7006 76.1279 0.042595
0 602.5925 500.4244 28.0603 23.1512 0.031413
0 630.0859 239.6295 19.8281 97.7404 0.008475
0 9.4065 375.3764 18.8130 143.2952 0.006242
0 624.6413 492.4236 30.5382 38.5536 0.004987
0 3.3028 320.8573 6.6057 68.3223 0.004896
0 593.0045 502.2913 39.4707 19.4174 0.004094
0 632.9897 493.9330 14.0205 35.2260 0.004069
0 597.6849 494.6542 39.5677 34.5842 0.003817
0 4.2490 348.1954 8.4980 135.3107 0.003801
0 630.5339 386.4962 18.9321 136.2398 0.003577
0 9.6293 460.7166 19.2587 79.8146 0.001668
0 155.1736 307.9416 17.3896 20.9781 0.001395
0 163.8212 318.9385 21.3258 34.6074 0.001391
0 634.5471 269.5915 10.9059 127.5587 0.000890
0 163.5031 298.5728 23.0114 41.0381 0.000608
0 608.6161 490.9071 41.2317 40.6750 0.000578
0 8.0275 333.1808 16.0550 96.3418 0.000455
0 213.3899 331.7003 24.9849 14.4863 0.000382
0 220.1892 325.7013 13.8719 32.0157 0.000365
0 236.1213 328.1503 19.8516 48.0763 0.000279
0 583.6655 507.0217 49.2688 9.8922 0.000260
0 222.4091 337.7720 15.2812 29.4156 0.000242
0 72.4153 16.2684 43.1588 32.3928 0.000199
0 3.7250 283.2267 7.4501 117.5784 0.000197
0 9.0187 423.0786 18.0373 65.4553 0.000180
0 629.8108 212.3851 20.3784 53.4865 0.000171
0 633.5644 333.4297 12.8446 79.4976 0.000168
0 583.3017 490.8705 66.6964 42.2590 0.000162
0 245.7445 347.7250 17.7153 28.1631 0.000152
0 174.9954 317.9674 16.8716 35.9146 0.000139
0 550.3137 507.9390 26.5068 8.0002 0.000135
0 151.3289 8.0923 29.4053 16.1846 0.000133
0 536.8806 506.1387 40.7509 11.6631 0.000119
0 91.3651 294.7793 11.6495 26.2451 0.000102
