0 397.2510 340.6911 23.7611 25.1188 0.829268
0 635.8819 339.9333 8.2362 64.4257 0.053090
0 243.4628 327.3470 16.3991 71.1355 0.037351
0 3.8364 248.3885 7.6729 42.0656 0.027870
0 3.6606 445.3828 7.3211 58.2555 0.014900
0 635.5489 356.6460 8.9022 120.0411 0.001928
0 3.7465 224.9545 7.4930 77.8798 0.001164
0 6.9201 251.6917 13.6545 45.9375 0.000886
0 4.1818 425.3092 8.3637 70.7606 0.000881
0 587.7931 291.3582 10.2122 46.1978 0.000841
0 6.6072 436.8045 13.2144 47.4677 0.000623
0 632.6603 341.1620 14.6793 79.5211 0.000564
0 250.4893 371.3882 31.4313 177.5453 0.000540
0 51.8971 14.7601 39.7190 29.5202 0.000470
0 627.0769 36.7096 25.8052 27.5849 0.000332
0 626.4418 23.8768 26.9719 47.6219 0.000264
0 249.9066 426.4893 26.1729 61.7898 0.000247
0 2.9208 326.9003 5.8417 35.8400 0.000200
0 4.2201 196.6156 8.4402 50.4143 0.000173
0 636.9060 316.8358 6.1880 90.3032 0.000145
0 269.8192 4.7639 21.5319 9.5054 0.000141
0 264.9671 371.3150 62.0664 166.9330 0.000131
0 627.2188 352.9060 25.5625 120.2562 0.000125
0 4.6005 270.1776 9.0665 72.5546 0.000124
0 635.5176 434.6629 8.9649 140.3801 0.000114
0 459.7419 333.4816 7.6280 20.3311 0.000105
