0 543.2058 389.6804 50.1746 67.3240 0.881007
0 307.2194 312.6213 24.7488 76.3572 0.875254
0 347.8618 369.8910 26.2418 12.1843 0.820957
0 171.4346 286.7053 17.2559 26.5818 0.045106
0 161.3492 288.9530 15.2937 37.7321 0.005976
0 601.8497 8.9952 35.1455 17.9599 0.005435
0 167.1217 289.6772 14.4965 32.1731 0.002374
0 347.9353 362.9322 27.5104 26.0674 0.001852
0 478.2950 4.4135 36.8143 8.8269 0.000993
0 2.9191 286.3709 5.7762 40.6395 0.000911
0 7.2969 330.2025 14.5938 95.7201 0.000840
0 588.0505 6.3769 55.9747 12.7538 0.000694
0 492.0678 5.1725 40.8727 10.3451 0.000556
0 630.6001 10.5385 18.4456 21.0511 0.000404
0 3.2790 270.0807 6.5286 44.7115 0.000266
0 499.5944 9.0577 47.0441 18.1154 0.000260
0 3.7668 307.7737 7.2681 79.4172 0.000228
0 478.5665 8.3571 39.5890 16.7142 0.000225
0 465.5840 5.3879 49.3197 10.7757 0.000205
0 608.2493 13.5195 47.4802 26.9858 0.000202
0 4.9297 353.6618 9.8595 52.0650 0.000194
0 302.6994 299.3996 15.6582 51.5325 0.000193
0 181.7726 290.4070 23.2819 32.7383 0.000118
0 635.4987 25.6413 9.0026 50.5673 0.000103
