0 252.1472 234.8608 21.3306 49.4681 0.862995
0 310.5508 210.3646 19.4081 35.4816 0.844962
0 16.5125 220.6687 18.8421 20.1501 0.023833
0 324.9156 321.8109 13.6180 15.3979 0.015283
0 637.4906 431.1970 5.0188 33.3645 0.003060
0 378.7700 509.3434 21.4003 5.3133 0.003055
0 53.9398 313.0863 18.5450 20.3044 0.002818
0 2.7434 181.2086 5.4868 36.4355 0.002509
0 325.4663 328.7263 15.4657 29.8662 0.002168
0 445.7808 506.3679 20.8458 11.2643 0.001852
0 437.7106 506.3069 23.2787 11.3862 0.001217
0 637.2018 412.2781 5.5964 49.8845 0.001160
0 452.9441 501.4012 26.6227 20.9786 0.000663
0 636.8885 284.1257 6.2230 27.3818 0.000657
0 2.7614 160.0911 5.5227 42.5512 0.000635
0 6.7690 410.4681 13.3045 33.1383 0.000590
0 4.1056 70.4274 8.2112 43.1562 0.000576
0 343.3094 318.0563 11.5556 13.1068 0.000540
0 560.4513 506.1793 41.8945 11.6415 0.000490
0 637.1276 391.9975 5.7449 44.2858 0.000445
0 637.2917 189.2396 5.4165 39.1198 0.000435
0 5.0512 500.1981 10.1023 19.6283 0.000429
0 427.4156 506.6298 24.1777 10.5723 0.000423
0 636.1205 294.3428 7.7590 42.4172 0.000380
0 370.4947 508.7886 35.3290 6.4227 0.000334
0 192.9429 508.4005 20.5250 7.1990 0.000334
0 636.7621 222.9761 6.4757 28.1010 0.000310
0 636.7009 212.3361 6.5983 36.0194 0.000269
0 636.7534 200.8061 6.4932 30.9479 0.000251
0 542.6347 503.1370 27.8317 17.6162 0.000238
0 296.5994 507.1704 33.9861 9.6592 0.000233
0 590.4205 10.5303 41.3097 20.4169 0.000210
0 636.9460 273.3041 6.1078 32.3820 0.000210
0 27.8080 2.9094 22.5896 5.8188 0.000206
0 585.8964 333.7902 16.2542 16.3455 0.000202
0 4.9952 488.0142 9.9152 42.5675 0.000198
0 5.9841 56.4851 11.9322 57.6392 0.000172
0 562.7316 4.7212 26.8297 9.4130 0.000168
0 454.9743 487.7082 23.2111 42.4121 0.000167
0 5.2634 400.3276 10.5268 43.3837 0.000162
0 83.0683 508.0731 26.8060 7.8538 0.000161
0 390.9680 508.4407 29.5637 6.8878 0.000137
0 417.3552 506.9977 23.3065 9.4785 0.000136
0 4.0281 196.2974 8.0561 47.9879 0.000128
0 367.1098 90.6240 13.0780 14.2095 0.000126
0 119.5896 508.8556 28.2601 6.2889 0.000113
0 143.5723 509.0445 25.3863 5.9109 0.000112
0 458.6228 352.3292 12.0067 24.7981 0.000108
0 442.9867 353.8784 20.8726 33.9733 0.000107
0 636.8553 232.5399 6.2894 29.3392 0.000103
0 636.8040 373.3211 6.3920 55.6183 0.000103
