0 252.3827 207.5989 18.4932 41.8703 0.883527
0 311.2397 206.9695 19.0515 36.3294 0.845922
0 324.5631 317.7017 12.7037 12.5924 0.016284
0 324.3325 324.8605 13.9896 27.2311 0.013320
0 6.0363 409.2023 12.0436 37.7996 0.009016
0 379.0792 508.6201 20.6990 6.7598 0.006758
0 446.4406 507.5058 17.2337 8.9885 0.005741
0 15.5279 218.5640 19.2599 19.6755 0.005129
0 341.8525 315.4354 12.9127 14.4806 0.004226
0 637.0812 429.3907 5.8376 33.5665 0.003553
0 181.5389 346.4839 22.7333 16.2340 0.003383
0 561.0952 505.3271 41.0760 13.3458 0.001845
0 636.9014 415.5280 6.1971 47.1759 0.001665
0 192.4297 508.3554 20.8590 7.2891 0.000914
0 4.2196 70.4380 8.4392 41.2837 0.000879
0 295.5685 507.4012 32.6152 9.1977 0.000877
0 452.6256 502.1098 26.1906 19.6531 0.000634
0 636.6163 288.8652 6.7675 36.3275 0.000631
0 540.7874 500.6388 23.9167 22.7224 0.000617
0 2.4212 181.0019 4.8425 39.3956 0.000612
0 366.6329 87.9895 13.3444 14.6306 0.000519
0 432.4752 506.9462 21.4301 9.9913 0.000470
0 389.0379 507.9052 33.9066 7.9580 0.000441
0 302.5202 343.7521 27.1855 15.2867 0.000389
0 637.3979 188.4584 5.2041 34.0828 0.000389
0 539.3309 302.3134 17.7195 18.6538 0.000387
0 637.0663 385.4525 5.8675 46.0751 0.000386
0 441.1084 504.0499 24.2745 15.9001 0.000313
0 331.7716 314.0355 19.7572 16.1768 0.000309
0 309.0723 332.7694 36.0143 34.5870 0.000292
0 594.6750 9.3535 27.3755 18.3993 0.000290
0 636.7832 196.7266 6.4335 32.9821 0.000253
0 637.1071 274.4428 5.7859 28.5236 0.000253
0 4.0426 87.5045 8.0853 63.4272 0.000233
0 424.9658 506.9015 21.9558 9.9874 0.000224
0 117.6847 509.0643 25.9957 5.8715 0.000212
0 172.0945 334.8318 29.4425 13.8430 0.000198
0 4.5739 499.9463 9.1326 22.0248 0.000197
0 445.2034 498.7206 19.6074 26.0936 0.000196
0 281.4186 506.8988 30.5283 10.2024 0.000182
0 636.9587 220.7521 6.0825 27.2847 0.000174
0 5.8112 55.4635 11.5901 62.6207 0.000169
0 92.2338 221.3915 17.5079 14.5460 0.000167
0 53.4138 311.7694 18.0155 20.5402 0.000163
0 184.1785 508.4633 24.6520 7.0734 0.000162
0 163.3713 333.8307 14.7479 10.9665 0.000154
0 460.1808 507.5070 30.8696 8.9860 0.000154
0 322.6647 332.3469 18.3494 41.0253 0.000149
0 281.6624 412.2312 18.5874 12.5577 0.000141
0 2.7447 156.7182 5.4895 42.7354 0.000141
0 446.8410 353.0310 15.4543 33.6478 0.000140
0 164.7360 508.6335 20.9557 6.6614 0.000134
0 455.0008 494.3336 25.7281 33.4020 0.000128
0 29.7028 265.0935 22.5175 31.1208 0.000119
0 403.9141 506.8009 17.5286 9.6239 0.000113
0 572.5719 507.2065 45.6541 9.5870 0.000112
0 459.2065 350.4755 12.9092 23.6586 0.000102
0 414.8399 506.9146 20.4358 9.6854 0.000102
