0 309.5798 184.8406 24.7628 20.8900 0.876564
0 412.3491 103.7486 18.0878 21.3660 0.828184
0 271.4855 236.6566 10.8583 18.1304 0.816202
0 634.6588 116.9287 10.6825 37.5323 0.068494
0 412.8039 79.1413 16.2892 23.5533 0.056660
0 634.6870 97.7537 10.6260 47.2492 0.030523
0 415.7582 110.8957 18.7800 17.7563 0.014687
0 33.7257 99.6424 10.2124 15.0574 0.013321
0 407.8723 83.9923 13.3867 24.3075 0.004131
0 395.9384 503.3189 23.7100 17.3621 0.003521
0 464.0295 177.5895 10.3215 10.3320 0.002264
0 348.4135 7.8091 17.1826 12.8184 0.002188
0 407.4938 502.5350 26.4646 18.6116 0.001958
0 266.9692 213.0714 12.5808 18.5618 0.001567
0 623.7631 383.8108 20.2968 34.6508 0.001320
0 560.4839 237.4503 19.4182 32.8357 0.001310
0 636.5249 347.2772 6.9502 36.0103 0.001196
0 337.5327 6.8487 21.9585 12.9237 0.001143
0 419.9128 127.7247 15.8175 33.8557 0.001022
0 5.2722 212.1283 10.5069 28.1871 0.000891
0 591.9493 382.5349 27.5068 32.3905 0.000823
0 635.9244 134.3990 8.1511 42.6939 0.000816
0 269.0698 223.4943 12.6565 29.9163 0.000802
0 636.0364 361.3010 7.9271 39.6881 0.000735
0 590.6063 399.0214 36.5229 61.4330 0.000607
0 284.2593 119.6037 13.3116 11.3770 0.000593
0 33.8212 92.9845 11.8149 25.5266 0.000449
0 355.5019 6.8742 28.9485 13.4306 0.000448
0 420.5466 504.4404 33.9521 15.0720 0.000446
0 429.4418 502.0507 22.6854 19.8986 0.000420
0 374.8327 496.4389 24.9769 23.6040 0.000352
0 635.3772 81.7480 9.2455 45.3420 0.000328
0 435.8499 4.8921 24.4738 9.6635 0.000285
0 635.8541 427.0783 8.2919 45.5497 0.000278
0 635.8108 7.3761 8.3784 14.7523 0.000246
0 636.9086 257.8526 6.1829 36.2435 0.000243
0 174.6479 64.7282 10.1032 17.2242 0.000233
0 634.7308 381.7268 9.5469 37.5790 0.000229
0 370.0914 491.2875 21.1748 14.5601 0.000227
0 249.2841 232.0107 14.4644 29.4603 0.000225
0 636.5357 16.7041 6.9286 33.4082 0.000217
0 611.1730 385.5450 15.3867 32.8086 0.000209
0 362.5085 41.6935 14.6556 20.7970 0.000199
0 382.9407 492.3256 27.4688 16.8279 0.000185
0 463.5225 508.1514 23.8790 7.6972 0.000173
0 636.7242 150.4979 6.5516 38.2409 0.000160
0 636.0629 237.5292 7.8742 48.3675 0.000159
0 281.8184 388.5599 9.3238 16.8126 0.000151
0 636.1904 210.6684 7.6191 33.0871 0.000150
0 330.1979 6.2532 21.2508 12.1333 0.000148
0 634.0220 440.9237 11.9559 47.4292 0.000143
0 262.5770 214.5805 13.2561 20.0338 0.000142
0 632.5672 125.8466 14.4972 39.9521 0.000129
0 503.1140 189.1033 12.4159 13.8795 0.000124
0 198.2774 102.6188 8.1761 11.0030 0.000123
0 5.0335 198.3067 10.0670 50.4374 0.000120
0 33.7648 106.4797 10.6032 25.9318 0.000118
0 635.9893 36.9650 8.0214 25.2334 0.000111
0 322.6400 436.9133 12.3546 12.6405 0.000108
0 6.1314 506.7228 12.2627 10.5544 0.000103
