0 299.3342 191.0704 26.5415 25.4784 0.880439
0 273.4088 234.4131 10.6089 19.8299 0.773373
0 635.2623 118.7573 9.4754 41.1933 0.039380
0 635.1627 100.6184 9.6745 41.9919 0.011809
0 399.0692 503.0462 20.4451 17.9075 0.006874
0 636.7365 356.6832 6.5272 28.5464 0.004313
0 624.6832 382.2866 20.1245 32.7556 0.004098
0 348.8521 7.6704 16.3888 12.3332 0.004014
0 431.4220 501.0505 20.2273 21.8644 0.002785
0 406.6234 502.6566 22.3236 17.8667 0.002379
0 561.7828 237.2829 19.3007 33.6886 0.001737
0 337.5913 6.8539 21.6957 13.0984 0.001486
0 6.0883 214.3615 12.0854 27.6310 0.001108
0 636.3919 137.1785 7.2162 33.5878 0.001106
0 176.4561 62.6106 9.2110 15.8109 0.000891
0 591.2704 398.6533 38.2053 60.0463 0.000811
0 355.4803 6.6749 28.3168 13.3499 0.000694
0 388.0212 498.5352 35.3632 20.8206 0.000646
0 634.9089 375.5471 9.5095 36.1796 0.000565
0 423.7792 502.6597 30.4094 17.9626 0.000549
0 636.8411 342.5150 6.3177 46.4659 0.000541
0 633.0685 91.2155 13.7015 39.0132 0.000416
0 201.0681 102.8331 7.1467 9.3775 0.000340
0 5.2418 203.4570 10.4835 46.4588 0.000339
0 636.5124 423.0591 6.9752 48.2347 0.000338
0 373.5772 490.4281 18.6698 13.2036 0.000337
0 271.0781 227.9913 10.2173 28.8915 0.000322
0 285.1509 119.4390 13.6426 11.6314 0.000309
0 268.5214 214.9815 10.6228 21.9831 0.000302
0 613.0217 383.9206 16.2646 32.3600 0.000286
0 505.1486 188.5178 13.9596 13.7030 0.000284
0 330.0625 6.4459 20.4254 12.7010 0.000263
0 462.8150 506.7881 23.8844 10.4238 0.000257
0 636.5924 248.6751 6.8151 42.3052 0.000236
0 439.7157 500.0042 33.7570 23.9915 0.000234
0 593.7277 382.7831 26.0100 32.2343 0.000233
0 637.0948 150.5326 5.8102 38.5265 0.000207
0 633.1240 441.8769 13.7520 51.3423 0.000207
0 34.6291 98.9267 10.6034 14.6507 0.000199
0 636.0363 224.5654 7.9275 40.2424 0.000183
0 635.6381 78.2884 8.7239 33.5201 0.000174
0 636.8690 18.1114 6.2619 36.2228 0.000147
0 604.6937 384.4202 20.3103 32.9885 0.000138
0 460.6020 501.0742 23.0536 21.8516 0.000134
0 302.1596 508.6737 21.5674 6.6526 0.000131
0 636.4084 206.9332 7.1832 39.2125 0.000123
0 317.9752 509.0195 24.5453 5.9611 0.000121
0 364.1047 41.1129 14.3120 20.7464 0.000119
0 253.3834 228.3647 10.9767 25.9492 0.000117
0 295.0175 508.4570 20.5759 7.0861 0.000110
0 326.2118 508.6065 32.2992 6.7870 0.000109
0 473.3612 508.1391 26.1917 7.7218 0.000107
0 637.1234 190.8021 5.7532 49.6693 0.000107
0 439.8323 4.4136 18.4319 8.6999 0.000101
