0 308.3843 183.7610 15.0887 21.8622 0.893885
0 635.2056 118.4418 9.5889 40.5053 0.013237
0 176.7512 62.0568 9.3165 15.2749 0.008723
0 634.3157 93.0185 11.3687 45.8422 0.004684
0 636.8976 357.9448 6.2049 31.6698 0.004575
0 397.0813 503.5306 23.3320 16.9388 0.003168
0 561.3736 237.2804 18.8510 33.8205 0.003111
0 637.2128 348.0988 5.5745 33.9424 0.002890
0 34.1537 99.1718 11.0634 16.6658 0.002544
0 624.7466 383.1146 21.0608 33.0287 0.002072
0 268.1858 212.1284 12.8552 16.0342 0.001940
0 349.0081 7.6617 16.3082 12.2753 0.001232
0 590.9292 399.4492 36.7203 61.3497 0.001012
0 406.4308 503.2736 25.2255 17.1154 0.000879
0 6.1707 213.9460 12.2243 26.5131 0.000634
0 636.3295 424.8646 7.3411 46.9397 0.000625
0 430.8933 502.1743 22.3330 19.6284 0.000604
0 636.5496 141.1911 6.9008 28.1068 0.000526
0 283.0017 388.5333 8.7835 15.8563 0.000479
0 635.2621 376.2932 8.9481 35.0024 0.000414
0 421.9801 504.4569 33.6234 14.6873 0.000397
0 634.3916 440.1458 11.2167 46.5641 0.000368
0 637.0023 257.1464 5.9954 38.3723 0.000366
0 505.7407 188.9503 14.0950 13.9828 0.000361
0 593.1198 383.1158 27.5828 32.7848 0.000350
0 463.2675 507.6560 24.4213 8.6880 0.000330
0 373.3742 490.2024 18.6872 13.0277 0.000321
0 364.2697 41.2967 15.1349 20.9501 0.000304
0 634.7346 78.3038 10.5309 28.5994 0.000291
0 335.4037 6.6980 18.1024 12.6988 0.000258
0 272.4843 215.3847 13.7960 16.5811 0.000243
0 34.2517 92.8083 12.5331 25.6318 0.000206
0 636.8759 334.7174 6.2482 51.3404 0.000202
0 635.6833 242.3194 8.6334 50.1678 0.000197
0 440.4682 4.2660 18.5271 8.3891 0.000180
0 460.1459 502.8641 23.6693 18.2717 0.000165
0 285.1287 119.4702 14.0073 11.3496 0.000163
0 355.8986 6.5307 28.7716 13.0615 0.000157
0 637.0651 152.2582 5.8698 35.4619 0.000149
0 411.6741 80.9025 19.2053 31.7581 0.000147
0 442.7285 501.4085 36.6506 21.1830 0.000144
0 383.0364 496.8776 30.0723 21.7555 0.000138
0 635.5294 217.3423 8.9413 35.8037 0.000135
0 396.2552 387.5318 15.2576 13.5207 0.000129
0 319.8463 508.9841 26.5219 6.0318 0.000124
0 4.5885 458.4337 9.1770 49.8479 0.000120
0 636.7509 199.6941 6.4984 50.7144 0.000115
0 201.3415 102.8356 6.9086 9.6383 0.000112
0 473.0336 508.1177 26.8987 7.7645 0.000111
0 189.0972 507.5856 21.7122 8.8287 0.000109
