0 430.0930 375.2479 22.4210 21.9091 0.650075
0 391.0805 318.3040 16.1212 18.3904 0.635079
0 248.8248 316.0546 29.7988 28.1144 0.262070
0 6.3704 415.8051 12.6985 18.8818 0.255068
0 108.9038 6.0099 19.3655 12.0199 0.166116
0 27.9472 194.0739 16.1144 22.2863 0.144645
0 428.0265 383.1263 19.6926 32.8477 0.066210
0 196.1775 320.5884 18.6370 12.0132 0.063782
0 240.2618 318.9105 12.6289 23.2108 0.026933
0 423.7198 389.3327 11.5913 21.1368 0.025800
0 394.0935 303.6031 17.3216 34.8085 0.024947
0 114.1010 305.4651 20.6954 26.8393 0.014258
0 311.9010 42.8318 10.9782 21.5365 0.013037
0 29.7416 317.1985 15.9693 30.3552 0.009031
0 99.8078 29.5539 16.8992 17.5610 0.008834
0 14.6549 98.4235 16.1518 16.6339 0.008722
0 4.3810 460.9020 8.7620 31.2523 0.004604
0 401.4010 508.4314 21.5815 7.1373 0.003239
0 5.8336 406.0013 11.6673 38.7606 0.003012
0 386.4760 504.2426 23.6753 15.5148 0.002595
0 394.1615 190.5542 30.4165 27.1328 0.002561
0 461.6043 197.8282 29.8590 28.3791 0.002252
0 5.2114 439.5779 10.4228 62.5563 0.002096
0 101.0672 8.3336 24.7517 16.6671 0.001855
0 310.9519 52.8725 14.6622 41.1584 0.001847
0 393.3406 506.4443 28.9480 11.1114 0.001805
0 239.5287 324.7787 11.3671 17.5932 0.001293
0 276.9739 237.3697 9.9458 13.3034 0.001170
0 417.5370 281.6616 17.3133 21.3399 0.001081
0 377.4779 107.7034 13.6197 25.3260 0.001057
0 396.2264 311.5835 21.4464 25.8413 0.000719
0 104.3895 18.4936 21.3551 34.5676 0.000556
0 412.1263 390.0674 20.5342 15.8405 0.000520
0 13.1900 414.3367 23.7777 23.8944 0.000494
0 407.6660 209.3060 16.9664 20.9102 0.000485
0 635.6796 503.4806 8.6407 17.0388 0.000483
0 423.0013 325.6610 28.7469 16.8528 0.000468
0 6.0857 507.8051 12.0965 8.3897 0.000452
0 267.9391 508.9733 17.7477 6.0535 0.000439
0 397.1688 319.5428 22.2555 18.4122 0.000438
0 91.4985 4.6703 28.8039 9.2357 0.000420
0 449.9349 191.9452 52.0005 38.4041 0.000416
0 120.0850 5.0666 41.3309 10.1332 0.000401
0 636.7898 421.3201 6.4204 35.7088 0.000397
0 11.0092 508.3390 18.2677 7.3220 0.000396
0 490.7451 320.3596 13.2030 18.0076 0.000382
0 36.8717 323.9019 29.2701 42.7554 0.000373
0 636.1957 440.7422 7.6086 38.7175 0.000363
0 197.2738 330.3683 16.8591 31.5799 0.000357
0 427.3136 427.6691 11.9346 17.6670 0.000320
0 5.6907 328.8701 11.3813 22.3040 0.000302
0 9.9361 300.1780 18.0220 20.0486 0.000290
0 425.6948 338.6111 26.1313 41.3264 0.000286
0 221.6313 307.7471 11.3104 14.2735 0.000268
0 422.8122 397.0993 12.4240 27.6465 0.000251
0 79.0482 473.3210 21.8089 15.9996 0.000243
0 428.0355 330.6678 19.4967 25.1519 0.000191
0 602.6241 189.7768 24.2202 31.2369 0.000190
0 429.3395 355.0829 22.8346 46.4218 0.000185
0 203.3305 5.7965 31.6259 11.5930 0.000179
0 429.4714 291.5340 12.8003 12.1661 0.000179
0 348.0374 2.7176 13.5919 5.4352 0.000153
0 269.3860 340.3872 23.0627 21.8663 0.000145
0 635.0729 384.1572 9.7605 22.5402 0.000139
0 465.2231 506.7572 20.2296 10.4856 0.000133
0 264.2531 334.0892 20.0989 32.8312 0.000131
0 374.9047 102.0578 13.1600 24.7388 0.000130
0 404.9944 503.8966 25.8105 16.2068 0.000130
0 374.3090 114.6120 12.1292 23.2260 0.000122
0 7.4690 456.5930 14.5970 39.0145 0.000120
0 7.1498 315.5836 14.1298 32.8350 0.000120
0 188.8515 507.8719 10.6445 8.2562 0.000112
0 25.6181 324.3052 18.5275 39.2567 0.000110
0 275.6769 507.1698 19.2092 7.1118 0.000107
0 212.9344 4.2071 23.3755 8.4142 0.000104
0 13.4514 308.1108 15.0879 32.9795 0.000102
0 394.1228 293.3238 15.9734 26.9260 0.000102
0 291.5856 506.0629 16.9117 11.7716 0.000102
