0 339.6094 308.4580 15.5990 35.9432 0.855074
0 271.0107 258.0429 17.5937 34.7577 0.819270
0 613.2534 253.9846 18.3379 23.4949 0.414711
0 417.8934 400.7705 19.4498 30.2079 0.141130
0 206.1364 17.5479 19.2494 34.6504 0.068200
0 39.7305 234.8405 14.8425 19.8097 0.054518
0 205.2573 6.5986 20.1477 13.0970 0.050042
0 201.2986 4.3628 20.6232 8.6693 0.031364
0 521.9966 342.0871 29.9104 26.6354 0.018562
0 635.9481 41.2156 8.1038 49.8869 0.015794
0 319.1700 506.5437 22.1418 10.9127 0.012129
0 316.0363 497.9128 24.2291 28.1745 0.011559
0 636.1047 56.9015 7.7906 41.4168 0.007747
0 310.5417 301.7386 8.3125 21.0802 0.004063
0 45.9256 234.6213 18.6069 19.8068 0.003923
0 5.1269 14.6759 10.2539 29.3518 0.003634
0 425.9118 393.6352 16.7582 27.9663 0.003353
0 73.7081 17.7094 25.7674 33.8608 0.003254
0 328.7089 506.0901 21.2987 11.8198 0.003210
0 22.0309 496.4637 19.3729 30.4462 0.002268
0 482.8762 507.9924 30.1451 8.0152 0.002176
0 212.8705 4.8366 26.4467 9.5947 0.002121
0 51.4740 379.5309 19.0327 23.8447 0.001991
0 2.5730 409.9340 5.1327 40.5084 0.001988
0 34.7470 236.4657 21.0408 21.3019 0.001942
0 456.0085 380.6372 16.8007 35.5480 0.001811
0 444.3344 508.1544 21.2252 7.6911 0.001751
0 466.6219 387.5532 11.3809 39.8043 0.000891
0 446.2034 388.3510 17.1193 35.8545 0.000767
0 433.0758 508.5713 24.6124 6.8574 0.000767
0 500.5285 506.5609 35.4293 10.8782 0.000658
0 476.9991 386.1533 23.2672 37.1442 0.000651
0 485.4416 386.9052 14.0773 35.2576 0.000646
0 78.0156 8.1417 25.1557 16.0217 0.000641
0 527.7550 353.3420 24.3573 42.0868 0.000638
0 326.4715 491.2782 22.1662 20.7428 0.000561
0 407.7632 397.8082 17.4182 27.2771 0.000531
0 612.8822 243.8988 20.0281 41.8943 0.000527
0 329.8083 500.8986 20.2603 20.0596 0.000497
0 419.7840 388.9606 19.5182 22.6783 0.000461
0 430.6953 383.9849 15.1650 15.7131 0.000460
0 2.5542 396.8317 5.1083 38.6241 0.000441
0 473.5402 507.5531 25.9529 8.8937 0.000440
0 432.8314 399.3812 19.3847 34.7974 0.000423
0 449.4707 381.7924 18.0406 29.4286 0.000422
0 410.9354 420.7282 16.4586 35.8420 0.000414
0 526.6077 325.6811 35.7965 54.2948 0.000411
0 636.9510 128.5802 6.0978 35.8607 0.000395
0 632.3928 61.7698 15.0286 43.3364 0.000393
0 506.1361 500.4049 41.4286 23.1901 0.000357
0 3.0153 103.3735 6.0305 36.0835 0.000356
0 401.5222 432.0074 11.6312 19.7206 0.000337
0 482.3282 503.6589 31.3520 16.6821 0.000333
0 54.8219 232.7704 22.7043 17.5985 0.000326
0 225.1996 3.7518 18.3788 7.5036 0.000323
0 280.3032 216.4597 14.9484 27.0503 0.000317
0 47.5527 508.6399 20.5958 6.7203 0.000305
0 338.6935 76.3772 32.9500 35.6097 0.000304
0 2.8802 423.7919 5.5449 40.0004 0.000300
0 2.8251 290.5186 5.5092 29.2770 0.000284
0 374.2043 507.1254 15.3873 9.7493 0.000284
0 462.9003 390.1016 13.3862 43.9446 0.000260
0 294.8907 475.9106 17.4596 20.7750 0.000256
0 309.1916 490.0624 32.2379 33.1970 0.000243
0 637.3138 113.2653 5.3724 45.4976 0.000236
0 370.4865 459.2873 16.4285 24.3407 0.000221
0 143.3301 4.1067 19.3564 8.2134 0.000214
0 460.0579 507.3794 34.5416 9.2413 0.000210
0 227.8560 508.4708 22.9538 7.0583 0.000210
0 109.5034 506.0225 18.4586 11.9551 0.000210
0 606.9706 251.5730 30.1318 28.7745 0.000195
0 240.8464 508.2398 28.7705 7.5203 0.000191
0 2.8654 240.2268 5.7308 37.5234 0.000184
0 311.8346 287.5839 12.6945 12.3256 0.000182
0 404.6746 416.8305 12.8353 39.9481 0.000176
0 89.8228 4.2467 20.7225 8.4934 0.000173
0 425.8796 415.6429 18.7455 27.7700 0.000170
0 333.8006 97.9973 15.9655 26.6585 0.000159
0 195.2149 8.1095 26.7697 16.2190 0.000157
0 4.9361 27.9531 9.8519 34.7315 0.000157
0 489.6684 383.6353 17.0889 30.0008 0.000155
0 31.3296 507.4476 25.7364 8.8329 0.000150
0 2.7247 275.7021 5.3657 31.2271 0.000148
0 531.4375 343.1841 24.6318 25.3234 0.000145
0 513.1117 351.7712 20.1091 38.3309 0.000142
0 276.7691 226.2950 14.5121 19.2167 0.000142
0 445.0978 504.4701 23.9758 15.0598 0.000140
0 403.5117 393.0096 17.1071 24.6323 0.000140
0 211.8665 21.1874 22.4641 28.6737 0.000136
0 277.0954 211.4934 15.3058 25.2935 0.000136
0 633.9483 27.7007 12.1034 55.4013 0.000136
0 419.7343 508.5418 28.2888 6.9164 0.000135
0 33.9409 228.6760 21.6530 29.0930 0.000134
0 339.9804 88.0628 28.2663 31.3030 0.000134
0 15.2391 6.5082 27.9139 13.0164 0.000134
0 636.7285 87.1578 6.5430 60.4745 0.000132
0 57.8772 372.0883 16.6885 24.1841 0.000132
0 629.6841 445.1706 20.6317 38.9647 0.000128
0 15.3187 14.4071 28.8286 28.8142 0.000118
0 636.2158 144.3896 7.5685 38.2342 0.000114
0 3.0195 378.6019 5.9048 45.7474 0.000113
0 463.9602 380.6513 20.3027 34.1671 0.000109
0 406.6766 431.7531 15.9464 20.7726 0.000106
0 241.8710 147.9961 15.4036 22.4296 0.000106
0 13.3304 496.0897 26.0501 31.8207 0.000106
0 413.0389 389.2234 18.9569 26.0005 0.000101
0 5.6236 117.2991 11.2472 62.4211 0.000100
