0 415.4430 250.8895 26.8096 68.7389 0.890612
0 586.6466 231.4737 29.3521 94.5167 0.883749
0 171.0052 310.7635 19.9108 21.5314 0.020954
0 170.3071 299.7023 19.2751 43.3291 0.002958
0 632.8031 465.0539 14.3937 88.3358 0.001167
0 633.9177 486.8452 12.1646 49.9816 0.000784
0 177.7400 288.1383 36.2090 67.1488 0.000374
0 635.9232 401.1807 8.1537 190.3363 0.000235
0 630.7962 438.3649 18.3400 139.4522 0.000206
0 4.3476 90.9474 8.6952 49.8608 0.000184
0 176.5665 308.8210 32.2606 26.7358 0.000178
0 4.6604 39.0648 9.3209 78.1295 0.000157
0 7.0427 15.9969 14.0569 31.9659 0.000126
0 11.1842 99.4810 22.3042 65.1696 0.000119
0 3.1705 77.8122 6.3411 41.4120 0.000103
