0 123.5342 264.4679 19.9242 84.2295 0.869807
0 70.2099 262.5558 13.2445 71.8718 0.811162
0 2.4251 263.7488 4.8501 66.9966 0.000697
0 636.7642 213.3942 6.4717 76.2621 0.000572
0 637.0661 242.6616 5.8678 23.4886 0.000472
0 128.4112 246.9389 12.4417 48.1721 0.000409
0 637.1534 255.2865 5.6931 49.7410 0.000296
0 2.5265 229.7903 4.9328 35.2949 0.000228
0 2.5980 244.4182 5.0913 50.4518 0.000160
0 636.9692 182.6286 6.0616 89.9578 0.000138
0 20.7360 2.7682 18.2422 5.5365 0.000132
0 14.2934 2.8883 20.7851 5.7630 0.000131
0 175.6359 246.3916 9.9109 29.8497 0.000125
0 636.7737 276.3858 6.4525 80.4376 0.000111
