0 528.6783 258.9903 19.3324 56.3590 0.880941
0 212.7968 258.6812 15.6083 50.4928 0.865896
0 291.6439 259.8101 13.1403 60.1521 0.842858
0 252.4114 261.1821 13.5865 51.8275 0.841765
0 563.0177 240.7857 12.4132 39.0576 0.003766
0 2.4118 228.1069 4.7975 36.8993 0.000710
0 205.0774 252.6586 7.2908 40.6069 0.000520
0 246.0579 255.4851 12.0378 58.8139 0.000446
0 2.3698 242.4436 4.7396 40.2404 0.000301
0 313.6639 248.3207 6.1161 22.8623 0.000263
0 228.2683 257.5015 8.5547 50.0630 0.000208
0 199.6457 245.2443 9.8713 33.6483 0.000183
0 239.9232 258.6159 17.6068 52.9438 0.000134
0 243.4377 243.2606 10.2476 41.5242 0.000121
0 637.4257 275.1895 5.1487 78.4345 0.000108
