0 547.8262 258.2146 20.4946 55.2378 0.874527
0 275.4683 261.5610 19.1457 48.0335 0.869442
0 176.7389 260.2669 12.8413 53.6876 0.825248
0 312.9194 255.3243 15.3077 46.5412 0.705247
0 259.6796 254.6396 10.7529 49.5898 0.006541
0 578.4091 240.4891 12.8263 38.0662 0.002194
0 2.8261 241.6826 5.6521 37.0812 0.001210
0 630.4214 205.5963 17.6082 47.6339 0.000477
0 3.0229 269.4941 6.0457 81.1361 0.000193
0 256.0220 251.3994 14.1285 50.7034 0.000175
0 329.6890 251.0305 7.2655 33.7310 0.000128
0 637.3904 267.7261 5.2192 68.7586 0.000112
0 637.0829 249.8928 5.7454 35.7503 0.000102
0 635.0782 229.1453 9.8436 44.2968 0.000100
