0 397.8202 272.0688 26.1143 72.8538 0.893885
0 218.1191 271.2946 13.1635 57.5609 0.812717
0 293.3001 264.7230 14.3622 54.9365 0.796359
0 3.2768 221.9819 6.5537 60.7288 0.004058
0 401.6160 258.0747 16.3401 48.3051 0.000793
0 227.3341 264.6189 8.1282 45.6711 0.000378
0 621.3128 250.7023 10.7261 21.4135 0.000370
0 2.5538 272.3087 5.1076 78.4260 0.000338
0 2.6237 245.6894 5.2474 58.6491 0.000297
0 6.1492 195.1937 12.2817 106.9750 0.000260
0 629.8035 252.1903 12.5750 26.9200 0.000221
0 242.8191 255.6881 5.4273 18.0635 0.000183
0 636.5262 253.3120 6.0482 31.9640 0.000157
0 637.0612 283.5938 5.8776 77.5188 0.000144
0 6.4432 152.8373 10.9546 29.8909 0.000136
0 515.3883 254.1738 8.0873 27.4057 0.000132
