0 312.7556 268.0552 16.9726 52.1520 0.846773
0 277.5179 273.8135 15.9108 52.6775 0.827606
0 421.5427 274.1250 13.0498 73.6638 0.795530
0 258.0034 273.6401 7.1228 49.4457 0.003915
0 261.9635 273.7447 14.1454 50.9199 0.002179
0 268.5117 274.0361 26.4921 52.6406 0.000851
0 427.6059 272.9631 23.5897 75.3256 0.000546
0 418.2115 288.8653 16.4601 44.5205 0.000406
0 635.7569 257.4319 8.4862 30.2159 0.000248
0 416.2573 270.9646 14.4139 68.3581 0.000145
0 2.7326 297.0912 5.4652 92.7603 0.000124
0 21.9268 200.4106 26.8600 120.7833 0.000120
