0 238.7011 265.7759 10.5187 38.4645 0.512045
0 241.9514 270.1608 9.1088 44.4652 0.316635
0 246.8340 274.1272 15.4851 50.2220 0.009209
0 241.2707 256.9585 10.1320 28.1266 0.002540
0 191.1578 271.5125 9.3721 41.0800 0.001444
0 261.4451 293.0716 11.9277 18.8122 0.001174
0 266.8295 257.6469 5.5013 18.3203 0.000424
0 192.6959 281.9860 10.3684 21.7367 0.000321
0 191.3461 286.7660 10.0133 16.0736 0.000243
0 250.9562 284.0371 18.3675 38.4160 0.000218
0 256.1171 275.1150 17.5135 52.7277 0.000199
0 242.4148 282.6079 11.2203 54.7627 0.000175
0 4.6091 192.1675 8.7644 71.8951 0.000141
