0 363.4548 261.7400 13.6892 44.3481 0.837283
0 472.9249 264.1036 9.8158 48.5012 0.777636
0 408.3979 270.6403 10.0939 54.4497 0.673201
0 422.4718 261.9529 8.5580 37.2913 0.328504
0 188.0557 224.1097 13.3818 61.7026 0.006050
0 595.9279 242.4907 10.8247 39.5717 0.003116
0 416.8065 270.3638 16.7820 54.2313 0.002602
0 426.1252 259.2814 9.2937 33.0438 0.000510
0 118.3415 197.4722 11.7021 52.9554 0.000240
0 637.6064 248.5443 4.7871 30.6372 0.000231
0 2.3972 243.3334 4.7943 41.9268 0.000182
0 2.3982 266.2590 4.7964 82.9274 0.000180
0 477.4661 264.8766 18.4326 50.3662 0.000173
0 637.5733 262.4377 4.8534 54.2381 0.000163
0 432.4567 256.4620 7.8538 25.5618 0.000125
0 455.0448 263.5735 13.3462 44.2474 0.000101
