0 380.2612 245.8313 26.6023 47.3316 0.862908
0 590.1343 263.2933 26.9791 46.1341 0.844168
0 231.6319 197.8000 23.9927 58.1215 0.838418
0 637.0702 262.4995 5.8596 51.8093 0.013494
0 231.0191 318.2763 13.2650 41.2225 0.004033
0 442.3458 507.2109 18.2044 9.5782 0.001904
0 636.8564 237.4962 6.2870 55.2142 0.000740
0 636.4042 171.2659 7.1917 47.8926 0.000638
0 439.1430 504.6808 20.8871 14.6384 0.000529
0 516.1760 209.8312 16.7788 24.0953 0.000460
0 161.7435 508.2210 25.9403 7.5580 0.000409
0 620.3631 509.2273 21.1378 5.5455 0.000409
0 446.8427 504.7235 21.0240 14.5530 0.000334
0 636.8486 190.3646 6.3029 51.3657 0.000261
0 434.4259 507.4175 25.6099 9.1650 0.000257
0 636.5853 295.8625 6.8295 41.0879 0.000236
0 637.0034 211.1691 5.9932 48.1908 0.000198
0 3.1160 361.2624 6.2135 54.5626 0.000192
0 636.5956 308.7745 6.8087 32.5730 0.000186
0 175.6265 508.6503 26.7357 6.6994 0.000179
0 590.5991 507.5968 15.7102 8.8063 0.000164
0 224.0616 319.1422 22.3466 43.4847 0.000148
0 84.7831 508.9896 23.8201 6.0208 0.000142
0 629.7771 507.3564 20.4458 9.2873 0.000124
0 636.0900 150.7733 7.8201 49.7890 0.000120
0 384.0323 508.9130 22.6523 6.1740 0.000119
0 3.4820 180.2498 6.9641 35.3928 0.000114
0 453.2823 507.0371 23.5002 9.9258 0.000112
0 462.9615 216.8993 16.8434 28.8591 0.000110
0 632.2122 255.1279 15.3167 51.2059 0.000103
