0 360.4231 287.6108 24.5183 70.9518 0.841123
0 343.3640 303.5111 13.9354 40.1482 0.818476
0 347.1036 266.4703 13.2172 29.8068 0.524494
0 626.4683 169.0285 27.0635 193.0182 0.006501
0 351.6455 262.8391 11.4409 27.2135 0.004218
0 3.1799 275.3421 6.3599 63.8955 0.001051
0 336.4792 260.6920 15.0699 18.9403 0.000765
0 353.1061 281.2339 12.6990 59.4993 0.000608
0 369.3034 282.8240 8.6759 59.4993 0.000427
0 3.5480 306.5789 7.0959 100.1993 0.000425
0 634.4575 174.2879 11.0850 192.8749 0.000408
0 552.4011 251.6054 13.1792 20.7079 0.000325
0 611.0642 171.8526 57.8716 196.6895 0.000169
0 631.5868 250.7171 11.3911 17.5143 0.000140
