0 214.0131 291.7330 14.6160 82.6967 0.840293
0 299.4833 288.0435 15.7091 59.0935 0.838095
0 239.5716 290.8905 16.6611 88.3464 0.837420
0 278.5352 285.1121 12.1232 58.5869 0.808637
0 297.6349 256.5044 11.6946 16.3715 0.676726
0 636.4984 273.2140 7.0032 26.6047 0.360594
0 636.8891 287.1836 6.2218 64.8157 0.040996
0 632.9092 273.0059 12.7654 28.2990 0.001063
0 2.6265 309.6144 5.2529 90.5129 0.000453
0 635.6215 264.7285 8.7570 44.6769 0.000284
0 4.0139 270.7034 7.3092 35.9570 0.000227
0 3.1438 286.7468 6.0243 63.2844 0.000190
0 9.4622 269.2835 10.0350 33.5778 0.000140
0 632.5930 290.7618 14.2845 72.2069 0.000111
0 539.0752 257.3362 10.9740 34.8770 0.000107
0 286.8263 260.0239 18.2173 20.0531 0.000103
