0 454.8445 314.5267 23.3240 98.4445 0.887154
0 352.4082 298.7701 9.1947 32.7375 0.702262
0 611.7374 313.5440 8.0959 27.2395 0.574090
0 443.7085 263.8907 8.8970 34.4664 0.078458
0 624.6174 326.3445 26.5979 74.6104 0.016819
0 617.6659 327.6956 19.1696 60.7758 0.008200
0 615.3242 313.4935 15.0820 31.3427 0.006738
0 636.5496 318.4146 6.9009 93.2029 0.003363
0 619.8967 302.0505 24.1299 55.0891 0.002503
0 627.5107 303.5536 24.5579 62.6379 0.002435
0 569.5148 272.9470 10.1672 26.4741 0.001762
0 612.3358 324.9818 9.4583 54.8207 0.001602
0 637.7536 305.7775 4.4928 67.2426 0.001573
0 611.4691 301.2777 8.6208 52.1208 0.001019
0 637.8411 282.7834 4.3179 23.7096 0.000926
0 358.0364 301.9561 19.1840 39.8790 0.000617
0 637.5303 252.1555 4.9395 91.7620 0.000502
0 3.6940 308.5772 7.3879 98.1713 0.000483
0 491.3457 264.4102 12.1877 30.4902 0.000462
0 20.6865 290.0268 12.9819 65.2421 0.000423
0 458.7128 291.1841 14.7194 51.3881 0.000343
0 498.4130 263.1090 14.8663 29.6557 0.000325
0 506.5610 255.0563 14.3927 18.8982 0.000274
0 637.0552 349.3456 5.8895 129.3943 0.000145
0 439.8743 261.0916 13.9763 40.6134 0.000135
0 8.6955 346.1098 17.1830 179.1094 0.000104
0 431.9008 314.8635 18.5278 70.0536 0.000104
