0 456.1335 315.0817 38.0953 96.2706 0.861796
0 344.6598 293.6467 10.9591 65.5526 0.820450
0 599.6833 316.0522 16.2385 92.5427 0.812993
0 559.3151 272.7159 8.2827 27.3116 0.058358
0 635.5228 274.1584 8.5774 32.7175 0.021257
0 437.0179 259.0961 9.5096 43.0471 0.015757
0 609.3164 316.7480 29.0918 94.1858 0.003411
0 164.2061 324.6807 11.7846 82.3972 0.003378
0 3.3590 299.3707 6.5991 77.0016 0.002692
0 479.7852 265.8740 10.9072 32.1286 0.002665
0 635.1841 260.1078 9.3191 64.3082 0.000767
0 3.9549 318.7054 7.9098 135.7674 0.000675
0 8.5348 297.3745 13.9212 77.3252 0.000447
0 500.0724 253.6666 14.8100 18.1526 0.000437
0 471.7124 267.7352 12.7710 36.4682 0.000260
0 636.1667 298.9066 7.6665 78.9666 0.000229
0 600.1760 294.5205 13.9878 48.6013 0.000207
0 491.4302 261.9813 12.1747 28.5092 0.000175
0 7.7687 339.0459 15.2985 181.2148 0.000130
0 16.3067 292.8327 17.4290 72.9585 0.000108
