0 175.8237 322.4605 23.9780 45.8467 0.870966
0 307.9662 341.7388 22.0278 44.0668 0.849338
0 519.7471 279.0134 20.1710 37.5256 0.849294
0 189.7031 388.8877 16.9043 47.6691 0.763280
0 201.0012 392.0002 24.1499 46.8557 0.003712
0 186.2577 377.5221 17.3550 30.6515 0.001097
0 207.0205 400.5995 19.3737 28.7548 0.000986
0 268.4869 508.6451 19.4479 6.6819 0.000374
0 2.5923 492.0883 5.1846 36.7800 0.000366
0 7.5444 317.0439 15.0887 42.3810 0.000348
0 177.3619 392.7675 22.7567 49.1393 0.000341
0 636.8123 390.2772 6.3755 36.7019 0.000303
0 631.5857 301.2741 16.6976 18.5797 0.000296
0 427.4882 302.9169 13.5230 26.8066 0.000287
0 26.3712 379.3784 31.9167 32.1800 0.000282
0 3.1946 469.7316 6.3233 61.5522 0.000266
0 282.4713 508.8091 24.3187 6.3817 0.000181
0 290.2691 508.7466 22.7350 6.5068 0.000168
0 3.0843 145.2013 6.1686 57.1570 0.000145
0 3.2181 62.9221 6.4362 44.7216 0.000129
0 194.4788 399.5355 18.5873 47.8678 0.000121
0 634.4009 311.1853 11.1981 36.8770 0.000118
