0 211.5403 354.8211 44.4973 92.5134 0.902355
0 73.4836 393.3660 50.4130 113.2890 0.900307
0 460.6337 294.5788 26.6823 104.1384 0.833511
0 6.3847 199.7459 12.7695 74.7265 0.013269
0 156.7299 378.2889 14.5166 52.3041 0.010697
0 6.6893 183.8442 13.3119 25.3610 0.003837
0 6.6514 168.3916 13.3029 54.6705 0.001921
0 637.4480 242.1483 5.1040 98.9321 0.001592
0 636.8820 207.3371 6.2361 109.0242 0.000843
0 3.1123 430.3030 6.2247 91.8431 0.000754
0 637.0038 274.2328 5.9923 121.0658 0.000731
0 7.2559 342.9634 14.5117 70.6945 0.000426
0 635.8011 333.1541 8.3978 114.9445 0.000360
0 5.3764 365.1165 10.7422 79.7840 0.000245
0 3.5907 398.7092 7.1589 103.6058 0.000213
0 163.4613 384.1257 27.5659 68.0354 0.000122
