0 615.4871 246.1495 49.0258 164.9850 0.912148
0 322.9884 243.3600 39.5642 119.8525 0.906677
0 32.1212 275.4503 43.4854 99.0522 0.892939
0 4.4677 391.8605 8.9354 171.8005 0.004873
0 637.0057 429.8823 5.9885 47.1675 0.000870
0 637.0782 412.5579 5.8435 49.5021 0.000527
0 634.8629 495.4710 10.2742 33.0580 0.000408
0 636.3386 466.9506 7.3228 68.4086 0.000358
0 92.7983 169.2649 38.4926 47.5185 0.000331
0 635.1164 244.5536 9.7672 145.4238 0.000304
0 3.0927 366.9056 6.1854 98.4131 0.000275
0 594.6075 14.4853 28.9796 28.3491 0.000234
0 34.7894 79.7818 26.9123 32.2850 0.000137
0 585.7191 7.8135 21.8262 15.3660 0.000129
0 3.8338 432.7309 7.6675 118.0562 0.000116
0 637.0991 392.1197 5.8018 59.5346 0.000112
