0 544.5765 242.7348 66.8325 160.4796 0.907262
0 400.5278 239.1366 36.8156 121.3334 0.884223
0 110.9619 280.5775 32.3857 95.9694 0.872711
0 323.0375 243.7141 22.1897 73.8395 0.840691
0 172.0372 169.3361 26.1136 38.3635 0.000911
0 12.2196 12.5692 24.4365 25.1384 0.000745
0 8.9771 23.4945 17.8872 46.9889 0.000508
0 17.6030 5.8861 33.5353 11.7722 0.000390
0 532.7103 219.5888 45.1750 113.2001 0.000371
0 637.1145 333.6184 5.7710 95.5233 0.000300
0 252.6837 265.9959 33.7105 53.3837 0.000284
0 636.9434 373.0643 6.1133 94.4037 0.000214
0 51.6932 5.5468 27.1098 11.0937 0.000191
0 4.1529 464.7029 8.2689 40.3589 0.000144
0 405.4677 507.9365 28.4929 8.1270 0.000138
0 519.8874 217.5938 19.9724 106.9622 0.000114
0 208.0949 12.9845 22.3141 24.9690 0.000105
0 636.6973 293.7826 6.6053 95.4434 0.000101
