0 398.7611 239.1102 42.5139 118.5691 0.921226
0 508.0514 283.7021 46.4808 89.6619 0.910351
0 122.1448 275.2965 57.3108 97.5432 0.905116
0 11.6074 6.9959 22.1432 13.9241 0.000323
0 637.1923 340.4361 5.6154 86.8879 0.000224
0 636.7031 281.7321 6.5939 88.7241 0.000220
0 11.5009 22.1553 20.4804 44.1386 0.000210
0 54.3318 6.5116 28.6874 13.0232 0.000191
0 28.0600 4.7119 47.9965 9.4238 0.000172
0 3.0159 320.2306 6.0318 105.5420 0.000172
0 636.7916 384.8866 6.4168 88.6811 0.000166
0 55.3528 13.7140 28.3169 27.4280 0.000117
0 492.5868 4.2502 29.2643 8.5004 0.000102
0 24.5120 21.2767 43.2020 42.5534 0.000100
