0 397.8027 238.3951 38.5793 118.9468 0.914336
0 506.9749 283.2367 47.0897 90.5096 0.909465
0 122.2924 277.1640 56.8899 92.7985 0.906235
0 250.5069 265.5556 29.9150 69.5483 0.783546
0 636.9583 383.9027 6.0835 75.5168 0.001077
0 637.3372 348.1879 5.3257 95.8259 0.000821
0 9.0958 21.3180 18.1917 42.6360 0.000712
0 636.8087 283.4800 6.3826 91.4677 0.000445
0 50.1414 4.7139 28.3016 9.4279 0.000379
0 26.9765 4.9759 50.6436 9.9517 0.000284
0 18.1207 21.2162 35.5830 42.4324 0.000253
0 3.2678 313.9168 6.5301 86.3995 0.000157
0 209.2842 508.3227 22.9418 7.3546 0.000129
0 403.7510 508.0130 26.9165 7.6173 0.000101
0 637.2535 262.9406 5.4930 58.6492 0.000100
