0 397.2360 239.8103 42.6857 119.3995 0.913439
0 122.3525 276.5996 58.2791 94.9433 0.910510
0 508.1264 283.3939 46.7266 90.1478 0.906826
0 210.1298 283.4774 36.9617 43.9005 0.330223
0 203.7064 272.2805 27.1856 63.7932 0.000909
0 53.7704 4.7631 29.4395 9.5262 0.000479
0 10.9539 7.0302 20.5126 13.9656 0.000459
0 636.7503 283.1948 6.4994 88.2990 0.000445
0 28.6771 4.8831 50.4148 9.7663 0.000351
0 637.3046 338.2777 5.3909 83.9252 0.000286
0 2.9062 330.5941 5.8124 95.8713 0.000242
0 10.7614 21.4290 19.3886 42.6952 0.000192
0 22.9255 21.2907 40.3402 42.5814 0.000166
0 636.9212 388.5032 6.1576 90.6771 0.000163
0 207.4571 11.7089 20.7821 22.4110 0.000139
0 637.3079 263.8164 5.3843 58.3364 0.000129
0 4.1862 465.8323 8.3676 43.8282 0.000125
0 63.7133 5.7697 43.6674 11.2604 0.000123
