0 506.2221 283.4790 45.9077 89.7890 0.907256
0 120.8461 277.4767 56.5369 91.8251 0.900212
0 395.6401 238.8823 40.2538 120.6026 0.891791
0 159.5757 282.3293 26.9834 63.2016 0.860011
0 247.8460 259.4555 27.5498 49.3055 0.001401
0 8.9942 20.8695 17.9885 41.7390 0.000631
0 637.3124 344.8460 5.3752 95.0580 0.000551
0 636.7696 282.9189 6.4608 87.7416 0.000541
0 637.1292 371.9539 5.7416 74.7852 0.000366
0 49.5649 4.7194 30.5793 9.4389 0.000355
0 3.1856 317.3231 6.3713 79.6089 0.000303
0 26.7580 4.7987 48.8926 9.5974 0.000234
0 637.3156 263.3495 5.3688 56.6657 0.000177
0 636.7501 404.3295 6.4999 89.6899 0.000145
0 363.4034 11.4742 40.7096 22.9484 0.000145
0 20.5523 20.4136 40.1934 40.8272 0.000143
0 4.1707 462.5452 8.3255 45.2015 0.000126
0 26.3502 10.3708 51.0622 20.7417 0.000121
