0 506.2725 284.0332 45.7991 89.8942 0.915167
0 397.5269 239.6607 39.6445 119.8211 0.898426
0 131.5553 283.6583 34.1755 82.7587 0.844656
0 104.8183 279.6052 25.1113 90.7441 0.460760
0 636.8409 385.4943 6.3181 79.1105 0.000813
0 636.4406 282.9256 7.1189 86.3817 0.000645
0 48.2149 5.5712 28.4933 11.1424 0.000624
0 7.4498 6.6018 14.8995 13.1690 0.000486
0 637.2089 341.4247 5.5823 106.7179 0.000462
0 5.9391 24.6416 11.8783 49.2832 0.000293
0 22.1161 5.7914 43.3933 11.5828 0.000285
0 637.1019 264.9026 5.7961 60.2556 0.000197
0 35.5089 5.3453 36.6797 10.6905 0.000155
0 208.4432 275.4746 40.3377 52.9588 0.000141
0 636.4491 496.5912 7.1018 30.8176 0.000114
0 52.4750 11.7033 34.6445 23.3075 0.000109
0 3.0284 314.9863 6.0552 108.7179 0.000101
