0 148.9900 325.4489 24.6072 61.2379 0.843095
0 166.6877 321.7009 17.2437 64.9109 0.788812
0 370.2057 322.0060 34.1445 40.5786 0.753561
0 242.3203 312.1419 21.4739 72.4265 0.308684
0 244.3234 290.2190 17.9126 28.2769 0.021964
0 514.1299 7.8641 23.3135 15.7283 0.003022
0 369.8693 302.6740 36.4722 80.7153 0.000840
0 73.9107 335.0784 19.0762 64.5165 0.000834
0 615.7778 399.3618 48.4445 211.7208 0.000758
0 2.7805 336.0551 5.5609 98.8121 0.000623
0 4.4388 308.8067 8.8777 73.1115 0.000529
0 505.1042 8.4718 43.8777 16.6089 0.000470
0 636.0356 286.0943 7.9288 77.4645 0.000263
0 6.2242 17.2162 12.3563 34.4324 0.000185
0 635.0604 261.2726 9.8793 58.0221 0.000136
0 185.8987 307.4866 48.8724 90.0414 0.000125
