0 36.0641 176.6320 24.3152 46.5300 0.874618
0 252.3570 230.4175 32.5786 77.8703 0.030836
0 212.8896 6.3329 26.3690 12.6507 0.002009
0 636.1146 375.0024 7.7708 86.8569 0.001473
0 636.9050 357.6852 6.1901 62.6970 0.000617
0 636.9359 407.8464 6.0994 98.6049 0.000417
0 281.9941 503.7445 26.6670 16.5110 0.000402
0 265.7442 501.7435 47.4628 20.5129 0.000312
0 200.2218 6.4000 42.4415 12.8000 0.000267
0 553.4922 34.1647 19.9266 18.3926 0.000235
0 212.1889 219.9127 31.6295 59.2128 0.000225
0 227.9207 6.7344 49.1981 13.2882 0.000200
0 636.6395 202.9978 6.7211 38.0828 0.000189
0 628.3091 25.9275 23.3818 42.7413 0.000117
0 3.4095 106.0069 6.8189 71.1573 0.000115
0 637.3071 435.6213 5.3857 76.3857 0.000113
