0 77.4628 323.8578 37.2433 37.3107 0.866739
0 167.3313 331.1950 17.2632 44.7076 0.821177
0 631.9518 434.7160 16.0963 154.5680 0.002396
0 633.6979 402.5865 12.5872 111.1844 0.001659
0 172.6993 7.4938 20.9452 14.5480 0.000906
0 8.0939 21.2114 16.1878 42.4229 0.000755
0 531.5527 497.2187 50.7766 29.5626 0.000266
0 525.3141 504.3212 48.9736 15.3575 0.000262
0 184.4385 8.3440 43.1431 16.5146 0.000216
0 635.8978 386.8352 8.2045 76.5285 0.000183
0 7.4697 40.6076 14.9394 35.2737 0.000178
0 515.3340 506.3670 38.3630 11.2661 0.000176
0 617.0428 395.5571 40.8032 117.0457 0.000174
0 517.9283 477.2589 45.2388 69.4823 0.000169
0 624.9366 431.5229 29.1249 160.9543 0.000133
0 10.4667 10.4742 20.3237 20.8777 0.000132
0 2.9932 228.7178 5.9864 73.5087 0.000128
0 566.0367 506.2840 51.9573 11.4320 0.000126
0 497.9294 472.2740 42.0984 78.9764 0.000109
