0 215.7611 347.9057 24.6519 78.2800 0.861071
0 103.6695 492.6549 29.7356 38.6901 0.301858
0 634.5583 69.1919 10.8834 96.3091 0.158661
0 420.5407 459.6599 43.5006 99.6920 0.022630
0 89.4153 491.1762 38.6037 41.6475 0.020429
0 628.4766 65.7171 23.0469 100.4146 0.009492
0 632.9913 436.5582 14.0173 148.5722 0.003475
0 363.6650 357.4513 32.9029 100.9327 0.003029
0 635.1849 99.7450 9.5977 109.7987 0.002446
0 635.0377 44.2482 9.9246 71.7762 0.001787
0 89.0341 265.0601 21.3721 44.3000 0.001382
0 635.9236 143.0993 8.1528 140.2035 0.000906
0 3.3078 464.1083 6.6156 41.7114 0.000881
0 365.1827 388.4221 32.6239 73.5446 0.000847
0 4.0725 440.0778 8.1451 86.0613 0.000765
0 80.4883 500.6684 36.6082 22.5615 0.000754
0 623.0231 394.1545 33.6040 82.6096 0.000681
0 114.3456 483.6567 46.1163 54.0453 0.000490
0 629.4765 30.3827 21.0470 52.5832 0.000465
0 316.0512 6.2148 26.3693 12.4296 0.000463
0 422.0168 490.2119 42.4218 43.5046 0.000422
0 423.9443 231.4740 19.7914 33.8315 0.000409
0 4.7161 478.4061 9.4321 67.1878 0.000349
0 413.3228 445.5482 32.1132 61.5149 0.000316
0 376.0425 393.9178 12.4861 59.7712 0.000277
0 636.1101 393.7767 7.7798 91.4539 0.000275
0 630.6130 357.1461 18.7740 150.2252 0.000252
0 629.2355 476.5939 21.5289 70.8122 0.000246
0 636.4587 190.9201 7.0825 73.9915 0.000218
0 302.4843 6.1303 52.6486 12.2607 0.000200
0 632.0386 109.1517 15.9229 136.5264 0.000199
0 300.2719 475.8593 92.4991 71.7795 0.000195
0 75.1819 486.0719 48.6685 51.8562 0.000189
0 53.5312 263.8491 15.0150 32.8126 0.000184
0 119.7382 504.2769 51.7772 15.2637 0.000175
0 4.4603 89.7287 8.9206 77.6146 0.000173
0 3.4377 207.5242 6.8754 78.1385 0.000163
0 10.9146 480.1236 21.8293 63.7529 0.000148
0 2.8759 257.2838 5.7518 103.4514 0.000140
0 311.1964 495.2741 70.1354 33.3127 0.000122
0 85.0791 481.9238 23.3274 53.6234 0.000111
