0 313.8687 366.2692 20.5694 75.0854 0.824651
0 632.2512 369.0911 15.4975 98.3553 0.010252
0 634.4509 241.2832 11.0982 42.4733 0.008803
0 634.4797 261.5689 11.0406 78.2378 0.006739
0 633.4134 408.5819 13.1732 72.3273 0.003570
0 339.0776 369.5267 27.6141 41.9594 0.000954
0 556.3477 330.3233 56.5210 49.9288 0.000416
0 633.8194 340.9782 12.3612 89.1843 0.000330
0 632.8212 229.6320 14.3577 60.4627 0.000261
0 588.4513 331.8092 39.6143 47.1194 0.000122
0 3.4894 468.8471 6.9756 86.3058 0.000120
0 622.8906 363.6852 34.2188 110.2843 0.000115
