0 367.6053 212.9639 33.2908 62.8442 0.874522
0 5.0406 258.2253 10.0812 58.3076 0.045800
0 4.3211 292.4431 8.6421 136.2865 0.019703
0 4.4692 380.2389 8.9383 142.4232 0.006575
0 208.5778 304.4464 19.5381 51.0109 0.006043
0 346.4635 202.9667 20.8481 69.7766 0.005323
0 4.8733 337.8107 9.7467 114.2712 0.003875
0 14.4928 127.2419 28.9857 113.1962 0.002010
0 637.7042 186.6360 4.5916 63.5966 0.001808
0 7.5794 398.8175 15.1588 147.9961 0.001011
0 637.7434 172.6931 4.5132 32.3008 0.000987
0 7.3640 272.4136 14.7279 81.4301 0.000979
0 7.1815 88.1895 14.3630 35.7754 0.000856
0 7.5920 238.6956 15.1839 83.4438 0.000763
0 7.4412 453.9287 14.8824 52.9035 0.000666
0 7.0493 309.7513 14.0986 150.6353 0.000609
0 397.1351 493.8578 42.3235 36.2844 0.000604
0 637.0862 199.8308 5.8275 108.4436 0.000550
0 7.8013 109.9294 15.6026 81.4580 0.000509
0 194.5375 291.7633 45.8387 78.9526 0.000320
0 637.4717 160.2003 5.0567 54.1323 0.000302
0 380.6249 493.9542 46.4138 36.0718 0.000240
