0 356.4284 457.4609 49.5839 108.1667 0.874026
0 390.2040 461.9553 20.8408 99.0466 0.762314
0 16.7051 397.5813 33.0735 60.9849 0.025847
0 635.4420 113.6407 9.1160 44.0682 0.004449
0 625.9633 15.3286 27.5720 30.3639 0.002083
0 543.9492 484.8295 16.2252 43.0891 0.001668
0 7.5207 414.2639 15.0415 52.8669 0.001411
0 16.1504 419.6750 32.3009 69.5740 0.001093
0 234.9382 3.2570 23.5485 6.4926 0.000889
0 234.2377 496.7966 27.7682 30.4069 0.000860
0 382.5106 491.6111 17.2550 40.2221 0.000844
0 370.3025 489.6128 23.2285 44.2578 0.000831
0 635.5548 139.0641 8.8904 69.9225 0.000679
0 382.2663 472.4980 14.6970 78.1565 0.000635
0 369.2475 463.3551 24.0396 96.9095 0.000527
0 279.0120 507.5881 25.4070 8.6154 0.000488
0 180.3513 502.2536 19.7145 19.4927 0.000487
0 580.3366 476.2779 15.7823 38.0338 0.000483
0 268.1330 506.2073 28.4863 11.5854 0.000384
0 396.6956 503.0440 20.8344 17.7644 0.000347
0 330.4928 493.2004 17.4329 37.5779 0.000293
0 466.0346 426.5743 25.7943 80.7382 0.000286
0 338.3562 492.5729 17.4277 38.4233 0.000276
0 344.0801 455.7015 27.0524 104.9684 0.000270
0 634.1460 207.0573 11.7079 26.8649 0.000266
0 225.2595 505.1812 24.8372 13.6215 0.000261
0 632.3948 494.2377 15.2104 35.5247 0.000252
0 14.0693 374.8859 28.1386 96.4316 0.000231
0 480.4670 507.9092 23.1766 7.8152 0.000218
0 291.3442 506.2895 41.3462 11.4210 0.000218
0 66.8636 507.4883 27.4812 9.0235 0.000203
0 77.8453 497.9402 19.6413 28.1195 0.000202
0 76.1101 506.9350 17.5442 10.1299 0.000201
0 634.6756 220.7046 10.6488 49.1886 0.000194
0 276.5127 3.6191 24.1874 7.2382 0.000188
0 255.2119 503.2659 43.9117 17.3632 0.000186
0 552.6991 487.1889 33.2788 49.1980 0.000165
0 319.3134 505.2671 27.1113 13.4658 0.000160
0 455.1967 507.9631 19.3408 7.7750 0.000159
0 636.4203 93.6822 7.1593 82.1759 0.000154
0 304.5844 506.5362 35.9445 10.9277 0.000150
0 394.4428 495.3594 23.3721 33.1857 0.000149
0 4.2469 426.0566 8.4937 79.2677 0.000147
0 86.3511 504.2433 35.1197 15.5134 0.000146
0 214.4120 505.6175 18.5843 12.3984 0.000139
0 247.0134 499.4505 30.4742 25.0991 0.000124
0 207.6722 504.6003 20.9655 14.4327 0.000114
0 191.4519 504.2380 26.9548 15.5239 0.000108
0 280.2966 497.0815 29.4244 29.7389 0.000104
0 267.1435 496.6333 33.0006 30.5585 0.000103
0 338.9897 463.9364 13.7007 93.7459 0.000100
