0 263.2414 336.9533 33.2332 83.5577 0.868467
0 627.6102 321.4791 24.6696 45.6174 0.480471
0 631.7744 153.5253 16.4512 78.6938 0.014855
0 632.1630 134.4786 15.6741 38.9910 0.008588
0 627.2617 294.2101 25.3923 104.6316 0.003257
0 196.3409 341.4533 54.6210 93.2712 0.002537
0 631.5440 120.8222 16.9120 49.1718 0.002307
0 633.0766 335.8098 13.8468 78.9448 0.000445
0 632.7583 98.0288 14.4833 94.3705 0.000440
0 179.6877 340.6883 25.3495 88.2852 0.000248
0 635.7422 350.5838 8.5155 108.2645 0.000225
0 625.9990 112.7576 27.4700 56.9192 0.000204
0 620.6702 270.1356 38.4189 147.9348 0.000129
0 345.5567 330.7964 19.9046 83.7747 0.000117
