0 393.2345 326.0633 37.4578 88.3230 0.882442
0 457.1919 332.0029 32.1394 85.4659 0.879684
0 297.6154 314.9382 26.5845 71.2169 0.858566
0 3.6877 361.2086 7.3754 92.5742 0.010498
0 602.1407 24.0826 24.0513 21.3033 0.007631
0 10.3292 46.5934 20.6583 92.1369 0.001908
0 5.1822 381.4293 10.3644 140.4337 0.000922
0 4.1486 325.6288 8.2971 93.9037 0.000760
0 11.2786 22.4341 22.4426 44.4140 0.000628
0 7.4817 350.5618 14.9633 94.7485 0.000579
0 600.4330 17.0662 29.3726 34.1325 0.000574
0 5.8057 125.5387 11.5327 43.9109 0.000509
0 3.1563 87.9201 6.3126 114.1823 0.000424
0 637.0317 184.8752 5.9366 92.8354 0.000398
0 21.4865 134.8013 29.0480 23.4081 0.000388
0 637.3060 152.8312 5.3879 79.9820 0.000367
0 508.5600 73.9718 25.0983 147.1372 0.000358
0 16.4636 136.0411 32.9273 38.0835 0.000228
0 525.6626 17.9938 32.7329 35.9682 0.000137
0 12.9729 382.3512 25.9458 144.5059 0.000134
0 12.9900 77.9727 25.9721 139.0948 0.000124
0 16.9174 117.1194 33.8115 61.0097 0.000106
