0 140.4606 441.2080 38.3465 80.6943 0.902679
0 74.7147 421.2227 35.2875 91.1857 0.872229
0 586.4753 481.2565 37.3954 61.4871 0.854420
0 191.7160 472.4069 27.4450 68.6174 0.019373
0 315.7976 500.8686 12.8735 22.2629 0.017892
0 321.4659 500.8681 16.0118 22.2637 0.003384
0 388.5212 505.3835 13.7688 13.2331 0.002941
0 305.2536 500.5498 18.0979 22.4979 0.001199
0 3.2653 418.3338 6.5305 53.5427 0.001158
0 396.0735 506.1518 24.7795 11.6964 0.001149
0 334.9556 501.2345 14.3345 21.5310 0.000867
0 405.4355 506.4879 33.1566 11.0242 0.000505
0 539.7914 507.7820 17.8650 8.3475 0.000355
0 8.0399 502.1492 15.9642 19.3893 0.000352
0 3.5433 236.9131 7.0865 44.4069 0.000347
0 3.2315 444.9445 6.4630 103.0106 0.000343
0 598.2921 482.7479 17.4871 52.9788 0.000287
0 571.1785 489.7321 37.3269 44.1992 0.000262
0 567.9928 5.0068 35.9990 10.0136 0.000237
0 421.1302 507.2956 19.8211 9.4088 0.000195
0 130.5307 3.5579 14.7575 7.1159 0.000183
0 381.3339 506.4958 29.6434 10.9805 0.000179
0 11.8765 69.9791 20.7257 30.8252 0.000175
0 387.6410 496.9668 13.5121 29.9035 0.000174
0 428.0287 507.6684 20.5526 8.6631 0.000165
0 3.2775 253.0490 6.5550 51.3732 0.000154
0 436.5039 507.7759 23.1594 8.4481 0.000143
0 340.7507 502.7577 19.6458 18.4661 0.000141
0 4.9045 481.5942 9.8090 60.0675 0.000136
0 266.7507 3.9030 17.6301 7.8060 0.000123
0 446.6216 507.6745 21.2328 8.6509 0.000122
0 546.5267 507.9399 18.1606 8.1201 0.000109
