0 403.8020 219.6269 17.1263 41.6543 0.873718
0 348.0528 309.5048 10.5853 16.9039 0.088549
0 635.5553 424.5935 8.8894 33.7015 0.050786
0 634.8907 442.9494 10.2185 71.3629 0.005126
0 6.1793 15.3044 12.3586 30.6087 0.001267
0 11.7506 12.4823 23.5013 24.9646 0.001015
0 636.0060 409.4116 7.9879 48.2622 0.000496
0 632.8839 459.3126 14.2323 103.0867 0.000441
0 5.7406 258.7151 11.4276 45.5426 0.000393
0 4.5621 32.9807 9.1242 65.9614 0.000236
0 637.4468 181.8959 5.1063 35.5907 0.000197
0 552.8855 420.9163 14.7139 15.4730 0.000179
0 637.4457 360.2183 5.1086 34.7432 0.000159
0 3.6306 286.1497 7.2611 44.5444 0.000119
0 348.4695 297.6564 11.6879 40.9402 0.000118
0 10.1382 35.9833 20.2765 71.9665 0.000112
0 340.6182 313.8779 24.3723 25.0629 0.000109
0 16.5680 20.3988 32.8760 40.7975 0.000107
