0 342.1062 394.0132 23.9982 44.2638 0.894918
0 329.0308 207.5254 11.6457 16.2752 0.822619
0 561.0308 466.3123 10.0347 11.7753 0.033168
0 99.6364 81.4042 11.0893 35.1298 0.005484
0 637.6101 478.0898 4.7798 41.3322 0.002277
0 566.1564 468.0023 18.2660 15.5070 0.001986
0 637.5198 493.1721 4.9605 36.6079 0.001940
0 230.5119 425.8295 9.7933 21.8441 0.001574
0 560.6415 476.5558 11.6826 33.6608 0.001042
0 260.8174 250.0456 12.6772 19.5268 0.000876
0 569.0786 476.9615 22.7288 32.4014 0.000663
0 9.7623 82.3401 11.7694 13.7755 0.000652
0 368.3265 274.4392 18.4905 40.5718 0.000523
0 9.4242 92.1804 13.0092 34.1537 0.000481
0 261.3267 260.2440 12.3518 38.4287 0.000319
0 573.9292 472.6453 22.2258 23.7410 0.000311
0 552.1611 479.3072 26.6040 41.6639 0.000277
0 7.5372 65.4621 14.9738 51.0508 0.000271
0 263.5979 267.2800 11.0450 26.0767 0.000255
0 630.3550 152.3563 18.8960 51.6396 0.000231
0 633.9868 159.9322 12.0265 38.9483 0.000229
0 463.9724 143.9139 8.8910 31.4982 0.000219
0 636.5189 245.9114 6.9623 43.9008 0.000214
0 4.0765 133.5925 8.1531 46.1135 0.000213
0 557.8824 239.8326 12.0813 26.1228 0.000213
0 5.6250 102.5823 11.1199 50.5645 0.000169
0 636.8512 232.0960 6.2975 28.5747 0.000152
0 559.2120 247.0344 15.8024 40.4434 0.000147
0 637.3020 459.4578 5.3960 67.5018 0.000137
0 436.9514 137.8364 7.0260 18.2580 0.000137
0 557.0410 508.8240 18.8433 6.3520 0.000121
0 554.3734 468.0794 21.8690 20.9598 0.000115
0 390.4135 46.6505 6.6570 10.8686 0.000108
0 632.4003 493.2914 15.1582 36.7558 0.000104
0 627.4221 355.4890 10.5889 23.2030 0.000102
0 329.8258 198.5560 13.7726 34.7349 0.000100
