0 388.2434 383.7292 18.0543 44.0060 0.894103
0 323.7777 212.2520 9.5310 15.6529 0.796378
0 118.1099 344.1259 16.4370 18.3414 0.619529
0 550.9187 242.6449 10.2273 27.3785 0.034960
0 254.2968 254.1069 13.4674 24.2553 0.018706
0 71.0088 263.0737 9.6858 15.1025 0.013153
0 558.0511 472.4995 20.6974 18.1704 0.009308
0 552.7926 470.1321 10.9712 13.5654 0.008829
0 219.7956 428.7495 9.3429 21.4438 0.004498
0 254.8936 263.2650 12.9639 35.6168 0.003826
0 562.7114 476.5526 28.2980 26.3873 0.002549
0 554.7766 483.4867 16.0004 39.7605 0.002219
0 549.3127 484.0140 15.0325 39.6002 0.001086
0 361.7506 276.7378 17.0890 39.4706 0.001048
0 2.8527 99.8076 5.7055 44.1370 0.000807
0 93.6259 83.7969 9.5687 31.4558 0.000405
0 2.6827 85.0441 5.3654 37.5183 0.000373
0 324.0905 204.9034 11.6050 29.9537 0.000359
0 636.2001 182.6418 7.5289 28.0363 0.000323
0 324.5665 223.7354 10.3892 38.9207 0.000291
0 218.7914 418.2783 11.9845 42.3245 0.000213
0 456.4979 144.3178 10.8016 25.7722 0.000173
0 636.5343 154.5323 6.9315 49.3892 0.000164
0 218.7079 4.5637 16.8076 9.0988 0.000141
0 637.1050 267.8448 5.7900 39.9745 0.000132
0 568.3565 482.9954 35.7970 38.9379 0.000124
0 2.8830 65.9734 5.7660 61.5574 0.000119
0 541.0306 482.5584 26.0605 40.3488 0.000105
