0 402.2572 382.3269 19.1611 42.5072 0.878456
0 323.7507 211.3090 9.2810 18.1036 0.796274
0 128.1107 345.7211 11.7521 13.0909 0.590034
0 96.4618 258.8366 14.0096 17.7254 0.503489
0 551.5837 243.2995 10.6355 27.8109 0.253640
0 254.4243 255.3309 12.1297 24.5848 0.005227
0 552.9474 472.5809 10.3452 13.7745 0.004775
0 255.3803 265.5147 12.7304 40.3024 0.001724
0 543.8109 485.7613 26.8379 41.5586 0.001573
0 93.2715 83.9011 10.5992 34.5431 0.001560
0 558.9303 475.9365 19.6722 20.9629 0.001347
0 552.2904 484.9122 13.2917 39.0576 0.001107
0 127.5372 336.1982 14.5255 32.6583 0.000949
0 3.3676 84.0068 6.7352 23.8600 0.000790
0 560.5494 484.3184 21.1151 37.0758 0.000651
0 3.3560 70.7236 6.7120 50.5264 0.000534
0 565.0708 477.2448 22.4805 25.2307 0.000445
0 220.5316 428.6408 9.5033 20.5248 0.000432
0 324.5836 222.3479 9.9052 41.3615 0.000429
0 3.3380 98.3623 6.6760 41.2342 0.000404
0 636.7873 258.6248 6.4254 52.6895 0.000285
0 128.8075 354.8465 12.3112 30.7355 0.000199
0 331.8649 209.8710 21.6622 20.3964 0.000189
0 636.1946 166.2158 7.6107 36.9906 0.000185
0 299.0322 51.3235 5.8115 9.7901 0.000153
0 219.2812 418.0823 12.0717 41.8430 0.000134
0 637.0179 275.3895 5.9641 34.1885 0.000129
0 361.4728 277.4720 17.6486 38.1091 0.000126
0 561.4014 248.9490 18.0444 31.8558 0.000122
0 257.6340 273.9388 15.6907 40.7071 0.000122
0 635.5205 188.0576 8.3101 34.0100 0.000120
0 2.7298 53.4583 5.4596 49.2376 0.000101
0 449.0603 245.4828 16.3636 37.4086 0.000100
