0 78.3263 318.9336 37.1523 87.0930 0.900420
0 357.8020 310.2171 34.7004 110.3287 0.891138
0 183.4373 307.2099 22.2588 85.0057 0.883972
0 3.9309 308.3391 7.8618 62.6069 0.002723
0 3.8957 202.1128 7.7913 50.9856 0.001851
0 3.9818 220.5572 7.9636 49.3641 0.001602
0 5.3053 371.6938 10.5620 51.4235 0.001347
0 4.9694 335.5577 9.9388 81.9323 0.000978
0 2.7801 145.7714 5.5602 57.9183 0.000815
0 3.2240 56.6256 6.4481 40.8727 0.000619
0 3.6581 172.0682 7.3161 109.7096 0.000428
0 4.1039 135.7813 8.2079 39.9388 0.000306
0 10.9776 297.5338 21.5265 58.6103 0.000214
0 631.1279 11.5123 17.6553 22.9317 0.000193
0 636.8693 353.2192 6.2614 101.6046 0.000160
0 27.3676 5.6915 15.1985 10.6838 0.000142
0 16.0441 292.4578 16.1746 49.4592 0.000137
0 4.1565 246.8238 8.3131 101.2872 0.000131
0 5.6412 289.2720 11.2076 59.3315 0.000131
0 137.1893 508.1533 23.2307 7.6934 0.000117
