0 521.9097 345.3306 46.0625 108.2156 0.895757
0 99.9704 295.9568 42.1712 127.1008 0.882086
0 143.9607 285.9936 28.3331 84.4260 0.856029
0 4.1168 328.7865 8.2337 103.1382 0.013404
0 99.2348 266.0789 40.1384 64.2495 0.009901
0 3.8719 14.0992 7.7438 28.1985 0.003556
0 4.3394 6.7095 8.6789 13.4191 0.002801
0 9.4539 3.8383 18.9079 7.6647 0.000969
0 7.1061 366.8237 14.2122 32.8269 0.000839
0 305.2668 141.2041 18.4608 21.5987 0.000808
0 315.3235 13.1356 23.2971 26.1243 0.000722
0 3.2437 288.6407 6.4874 122.1186 0.000631
0 9.3000 14.1113 18.3188 28.2225 0.000509
0 8.6322 332.6507 17.2644 102.2006 0.000450
0 3.6665 244.2593 7.3330 69.9227 0.000410
0 504.3675 495.9229 46.8528 32.1543 0.000327
0 512.1254 502.0469 33.1188 19.9062 0.000275
0 111.2096 264.2684 19.0170 55.1000 0.000205
0 365.4450 96.4294 14.8029 29.0802 0.000190
0 3.6680 220.8177 7.3107 40.3355 0.000183
0 88.2763 265.3647 19.4971 63.8209 0.000173
0 12.9543 363.3098 25.9075 42.3597 0.000157
0 521.3378 504.7471 45.7450 14.5057 0.000139
0 324.5482 11.8901 30.2671 23.6912 0.000137
0 454.1950 484.8796 33.0338 54.1117 0.000136
0 3.0604 28.5943 6.0908 56.9781 0.000130
0 55.6099 4.0605 17.2458 8.1211 0.000130
0 432.4066 508.0336 24.8816 7.9327 0.000127
0 144.2985 5.4619 31.8584 10.9238 0.000121
0 6.5434 386.9599 13.0867 64.2832 0.000111
