0 464.9436 258.4939 23.0379 27.5801 0.821435
0 470.0047 303.0220 12.9248 18.1726 0.773442
0 484.2961 367.9851 13.5682 14.2575 0.751046
0 469.9197 263.5989 23.6376 20.4017 0.046162
0 331.1786 418.8773 18.5120 15.8143 0.028376
0 477.8691 272.4470 15.6053 17.0576 0.021782
0 469.2279 292.6624 15.8761 32.1981 0.018204
0 474.8603 278.3643 16.8097 23.9768 0.011201
0 292.7833 144.2557 11.0018 19.4000 0.005052
0 309.2369 82.4589 10.4172 27.2571 0.004719
0 482.5969 363.1142 16.4276 23.5380 0.002202
0 121.7560 4.9603 28.3739 9.8691 0.001742
0 371.1678 271.5901 11.8674 11.2076 0.001102
0 135.4075 6.3723 30.3816 12.6380 0.001007
0 127.2454 7.1169 20.8671 13.9176 0.000904
0 479.6774 266.7032 14.4331 20.3254 0.000682
0 133.4961 13.0145 20.5091 23.8013 0.000647
0 2.7894 93.7145 5.5787 27.2864 0.000366
0 477.8655 367.4070 24.3712 16.3674 0.000345
0 332.9849 425.9092 22.5267 30.6927 0.000242
0 576.9165 8.0183 18.3639 16.0365 0.000189
0 489.9184 367.7502 25.5771 15.2767 0.000180
0 475.5971 292.1572 22.4875 28.0748 0.000139
0 111.5267 4.5683 36.5450 8.9141 0.000125
0 117.0131 7.4808 33.7308 14.9616 0.000103
