0 471.5197 312.1296 34.0696 26.0009 0.869802
0 430.4911 265.6855 18.3116 14.1546 0.612407
0 440.9948 277.4560 9.0659 14.9209 0.018462
0 296.3931 147.2725 10.9133 18.6379 0.011386
0 126.3483 6.9019 19.4869 13.5459 0.003219
0 311.1663 86.0207 12.8962 29.3608 0.002671
0 134.6605 7.3548 20.6847 14.3000 0.001658
0 336.4210 422.6207 20.6355 14.3584 0.001552
0 435.1956 271.3999 13.5131 16.2889 0.001248
0 439.4905 270.5995 11.3984 13.1604 0.000902
0 58.3774 2.9192 23.3788 5.8043 0.000544
0 67.1765 3.3557 30.2837 6.7114 0.000536
0 2.8322 97.4212 5.6643 30.1610 0.000481
0 296.7809 155.3555 11.2518 35.2746 0.000462
0 133.8130 12.5217 15.4060 23.0922 0.000450
0 486.0428 338.0446 10.2100 14.8273 0.000394
0 391.7552 479.1196 24.0973 25.9225 0.000326
0 140.6233 31.3315 20.7239 11.9149 0.000255
0 337.0602 431.4339 21.4192 30.5013 0.000244
0 435.7400 264.1833 18.9737 17.4513 0.000233
0 423.6036 267.9932 28.2908 13.5369 0.000180
0 580.0598 8.9029 16.7583 17.8058 0.000112
0 111.7353 6.2079 38.0231 11.8259 0.000102
