0 339.1900 430.2382 25.2402 28.3834 0.850430
0 392.1653 479.6129 23.2229 29.7424 0.003189
0 126.9249 6.4832 17.9448 12.3564 0.000698
0 131.8581 8.9831 14.3634 15.7165 0.000496
0 488.4272 44.6731 14.4867 11.0190 0.000484
0 136.3645 10.4316 20.7292 19.0804 0.000395
0 421.6170 286.2914 19.3634 29.6143 0.000354
0 2.7814 91.4027 5.5628 32.6230 0.000306
0 59.8311 3.0081 23.1930 6.0163 0.000296
0 68.2897 3.4418 27.9743 6.8837 0.000279
0 117.0288 5.4586 29.9863 10.6278 0.000195
0 397.0307 285.1802 10.5840 10.2336 0.000154
0 501.6297 157.6911 19.1547 14.4285 0.000124
