0 480.9118 374.8562 32.6562 115.5042 0.844456
0 2.9765 281.9252 5.9412 60.6345 0.161231
0 136.9443 361.2907 35.2127 36.2711 0.084241
0 3.0847 261.7990 6.1694 55.0922 0.014665
0 371.1559 398.4320 39.9945 65.4776 0.001929
0 3.3191 314.2270 6.6382 123.6318 0.001578
0 6.3396 422.5885 12.6791 143.4368 0.001191
0 3.1055 139.6379 6.2110 47.2100 0.001160
0 3.7327 355.8253 7.4654 101.9723 0.001132
0 6.6706 466.8584 13.3412 76.6919 0.000980
0 7.1168 279.2816 14.2337 53.9445 0.000359
0 170.1736 507.9821 25.6986 8.0358 0.000339
0 362.4820 400.7891 23.3795 56.8651 0.000331
0 3.7395 155.9489 7.4789 55.1470 0.000309
0 3.3689 418.6817 6.7378 125.9890 0.000295
0 8.8394 502.9159 17.0892 18.1682 0.000242
0 5.6603 372.7940 11.3205 69.1180 0.000239
0 12.7010 374.7623 25.4019 60.9641 0.000224
0 3.3212 384.6361 6.6424 76.4758 0.000210
0 5.2370 126.4475 9.9386 61.0585 0.000204
0 619.5417 492.0669 40.9165 39.8662 0.000199
0 335.0262 87.9983 26.4590 39.7947 0.000191
0 630.2334 493.0121 19.5331 37.9758 0.000189
0 636.7338 384.7668 6.5325 94.6766 0.000144
0 5.0322 185.4490 10.0645 31.9355 0.000132
0 633.5100 325.3328 12.9800 64.2980 0.000106
0 138.5983 334.8444 31.8114 88.9242 0.000101
