0 334.5901 428.7590 23.5372 31.5253 0.393346
0 388.5827 475.0559 26.4894 26.9581 0.000819
0 405.1316 34.7978 11.3350 19.5604 0.000670
0 417.9324 282.9067 21.4626 29.7852 0.000664
0 484.8131 42.7004 12.0399 10.0343 0.000594
0 126.1371 5.2488 20.0363 10.4220 0.000477
0 133.7264 8.0129 21.3895 15.6743 0.000310
0 2.2711 235.4277 4.5422 27.0554 0.000295
0 372.7100 271.8512 10.5379 10.6992 0.000241
0 585.2607 403.3868 17.5570 28.4305 0.000205
0 60.9452 99.6882 11.8925 13.0477 0.000195
0 115.9700 4.6160 29.6961 9.0342 0.000175
0 2.4200 247.8617 4.8228 43.5732 0.000131
0 481.5228 305.2016 32.5490 25.3337 0.000128
0 310.3787 84.6585 13.1075 29.5075 0.000126
0 121.4351 7.1652 26.7772 13.8901 0.000122
0 136.4304 16.2149 20.6435 23.8062 0.000115
