0 280.9966 296.9397 33.7373 55.6057 0.908898
0 336.7756 336.2549 27.4865 59.5806 0.884546
0 317.5681 292.5128 32.2152 31.6465 0.881480
0 362.6697 253.1630 11.3259 12.3990 0.040704
0 164.4555 461.9980 50.2242 41.3109 0.019608
0 13.2031 396.8463 26.3358 27.4902 0.014870
0 355.3802 230.9478 26.6449 55.9617 0.012347
0 360.0107 250.5286 16.6456 17.8505 0.007103
0 353.3034 211.7706 20.7416 16.4432 0.002630
0 204.2103 7.1250 16.0394 14.2500 0.000629
0 469.1503 497.3080 53.8620 29.3840 0.000489
0 10.5826 501.5924 21.1651 20.8151 0.000246
0 635.5182 66.8389 8.9636 43.5540 0.000174
0 511.3452 404.3698 37.7031 37.2637 0.000153
0 329.6530 324.6990 23.9288 56.2550 0.000134
0 196.6356 6.8809 26.0242 13.7048 0.000130
0 317.5534 313.3263 26.5183 42.8352 0.000123
