0 379.2763 182.0537 29.5674 48.3801 0.892749
0 348.0217 200.1889 32.2609 48.2517 0.890209
0 294.3201 172.9765 32.1962 41.3750 0.884493
0 427.4229 439.1602 26.9423 31.8757 0.131671
0 598.1356 413.6810 23.3655 37.9534 0.011594
0 211.7044 273.8036 18.5041 17.5182 0.004032
0 443.2093 210.4861 13.0217 22.5782 0.003547
0 6.5044 506.6325 13.0088 10.7349 0.001677
0 5.7646 497.2557 11.5292 29.4885 0.000653
0 366.1334 427.0634 17.1750 14.8335 0.000485
0 631.0656 237.5427 17.6006 24.1215 0.000381
0 95.9170 184.5464 15.5240 35.6914 0.000232
0 2.4351 99.7908 4.8702 36.5544 0.000227
0 2.5760 77.5921 5.0266 45.2654 0.000121
