0 348.6787 325.4728 30.3848 52.2778 0.914133
0 306.8832 360.2625 25.6816 36.0188 0.885814
0 342.0302 121.3712 23.7679 24.4891 0.117657
0 636.4438 181.6627 7.1123 24.6886 0.004813
0 636.8234 270.2528 6.3533 28.9570 0.002409
0 247.6423 342.9891 21.9074 32.8761 0.002054
0 637.5146 264.0872 4.9707 23.8853 0.002011
0 637.5824 251.6148 4.8352 34.6323 0.001943
0 636.0339 170.3826 7.9321 47.6104 0.001189
0 608.6719 499.7180 27.3164 24.5641 0.001136
0 437.0072 344.8957 13.9167 22.5526 0.001106
0 634.4149 274.0561 10.9747 31.3983 0.000622
0 205.5307 405.5602 19.0811 17.4193 0.000232
0 178.3500 5.3779 26.1130 10.7056 0.000227
0 629.6718 374.8095 20.6564 45.8569 0.000181
0 630.3544 273.2513 16.8186 24.5817 0.000169
0 636.9708 238.9480 6.0585 41.2230 0.000149
0 186.4188 4.9778 26.0637 9.8785 0.000141
0 275.9680 4.2361 17.9240 8.4722 0.000135
0 632.3595 261.0741 14.7786 19.9415 0.000129
0 636.2828 202.7354 7.4344 40.0014 0.000122
0 116.6675 3.5106 20.4605 6.9973 0.000112
0 637.4003 481.8652 5.1995 18.1495 0.000107
0 636.3972 223.3585 7.2051 30.9987 0.000105
