0 363.5105 305.1379 28.6255 32.0195 0.903583
0 319.6971 310.2082 35.1053 33.4265 0.894348
0 320.1056 140.9582 21.8273 24.1594 0.880899
0 559.2283 489.4048 21.6570 22.2711 0.026614
0 423.1838 6.7285 21.7097 13.4570 0.000341
0 327.6829 198.8862 12.9646 33.1577 0.000268
0 193.0013 16.3119 31.6375 31.5021 0.000227
0 635.1483 504.4099 9.7034 15.1802 0.000161
0 326.7835 189.9497 13.1963 26.6321 0.000143
0 418.0576 501.1451 37.6421 21.5281 0.000140
0 451.7145 427.6601 18.5476 23.7155 0.000136
0 635.8987 491.9116 8.2026 27.7030 0.000126
0 263.2588 8.0563 18.1379 16.0169 0.000121
0 562.7185 496.6381 27.2085 28.7727 0.000102
