0 327.0627 218.3792 26.1143 39.3055 0.881418
0 300.3892 178.4921 18.7637 19.1028 0.875921
0 308.5140 313.0647 30.1410 43.7214 0.867823
0 297.5293 374.4640 31.0687 25.7783 0.840572
0 333.2694 284.5651 15.1102 30.2365 0.018334
0 634.3082 9.8194 11.3837 19.6389 0.008809
0 636.8218 15.2764 6.3563 29.9961 0.005774
0 627.1138 8.0313 25.7723 15.9471 0.002567
0 630.3998 14.7301 18.8844 29.0490 0.002054
0 232.5092 413.4705 31.9626 75.6206 0.000959
0 2.5951 140.3667 5.1902 40.7397 0.000728
0 426.6315 488.9912 18.5692 24.1783 0.000567
0 323.8721 291.4471 16.8827 34.2915 0.000485
0 330.9924 487.5016 14.0956 11.8454 0.000471
0 458.3899 505.2132 17.3643 13.5735 0.000457
0 425.5418 403.1851 16.0448 20.3937 0.000399
0 2.3074 156.9243 4.6148 28.8658 0.000325
0 231.3698 436.2448 26.9179 30.2424 0.000316
0 635.8215 506.4923 8.3571 11.0153 0.000276
0 439.3432 302.9797 15.9697 18.2999 0.000241
0 318.8655 279.6144 18.1396 33.8035 0.000193
0 225.8929 440.1459 16.1689 21.9771 0.000190
0 483.1642 10.0529 15.4506 20.1057 0.000183
0 56.7783 205.2378 17.9613 24.9566 0.000169
0 160.9519 38.7467 19.3290 24.7386 0.000155
0 327.4449 275.2332 17.6426 23.2369 0.000146
0 174.3519 5.0937 20.6646 10.1873 0.000133
0 532.3688 507.5477 18.2214 8.8337 0.000128
0 412.4116 7.9509 25.0613 15.9018 0.000112
0 2.5401 168.4830 5.0801 35.3057 0.000111
