0 310.4388 363.5131 29.1581 36.0441 0.883760
0 318.9109 172.5263 19.7642 30.9051 0.881529
0 327.3974 212.3948 23.9884 38.2175 0.868855
0 326.0146 284.3272 27.1780 39.7985 0.670245
0 635.5355 11.6379 8.9290 23.2759 0.005186
0 333.8480 282.8209 17.6550 37.0789 0.005171
0 628.0990 9.6372 23.8021 19.2744 0.003518
0 320.5157 191.9300 19.3328 30.7667 0.003252
0 636.9907 18.6096 5.9451 36.2321 0.001269
0 267.0297 404.3749 24.6792 32.6625 0.000607
0 330.8557 487.8082 14.2709 12.9780 0.000515
0 232.7044 437.4812 28.9112 31.3550 0.000443
0 439.2417 303.4340 14.7916 15.1896 0.000428
0 608.7048 254.5327 15.8931 18.5916 0.000415
0 2.3729 161.0434 4.7458 23.4591 0.000411
0 226.4772 442.4149 16.5800 21.2199 0.000368
0 231.9376 415.3228 31.7426 74.6135 0.000316
0 319.8201 269.7573 16.9875 25.6976 0.000281
0 160.8028 42.8896 18.8433 24.9414 0.000234
0 630.6910 19.2246 18.0601 37.3235 0.000232
0 2.6376 141.8658 5.2752 42.0448 0.000226
0 314.0882 281.6490 16.4521 37.6241 0.000160
0 426.2447 404.6747 16.5460 21.8958 0.000147
0 329.7588 272.2778 20.6813 35.6912 0.000142
0 458.3051 505.5008 17.4387 12.9593 0.000139
0 4.3255 425.4174 8.6511 31.5801 0.000130
0 65.2814 509.2253 24.4392 5.5494 0.000127
0 177.3030 7.2724 18.6987 14.2007 0.000125
0 635.3080 505.7774 9.3839 12.4453 0.000101
