0 326.4621 223.6006 22.8989 20.5395 0.866521
0 310.5714 119.1457 15.5569 13.9572 0.535143
0 338.6674 188.3960 20.9442 35.7565 0.006675
0 634.9254 11.5105 10.0840 23.0209 0.003579
0 330.8199 284.3212 13.0356 33.9934 0.002525
0 629.0376 10.9244 21.6964 21.7830 0.001726
0 635.9053 506.0320 8.1504 11.9360 0.001112
0 268.7877 89.2530 11.0793 14.1348 0.000719
0 626.4370 6.0753 27.1260 12.0836 0.000614
0 326.3945 485.0200 13.6418 12.2492 0.000598
0 452.9632 505.4457 21.0796 13.1086 0.000527
0 636.8801 501.4066 6.2399 20.4152 0.000456
0 631.4966 507.4822 15.2788 9.0356 0.000368
0 171.8438 4.2685 18.8122 8.5370 0.000314
0 637.1550 492.3853 5.6901 27.0858 0.000210
0 262.5257 3.8537 19.9369 7.7073 0.000208
0 409.5082 8.5585 28.2775 17.1170 0.000140
0 202.1740 102.0173 25.3994 20.8792 0.000135
0 371.9030 22.9071 10.3792 29.7072 0.000121
0 434.8577 299.4063 15.2134 16.6746 0.000107
