0 261.5265 388.4247 15.7357 37.9695 0.835687
0 424.2738 241.7158 14.2515 39.5437 0.805792
0 310.4245 301.4002 12.7384 28.0123 0.723607
0 413.3127 200.4779 13.6450 20.1360 0.028034
0 114.0385 508.7835 15.3981 6.4329 0.018507
0 280.6068 232.9327 8.5697 8.6831 0.018342
0 395.3595 303.0200 12.0145 35.3666 0.016578
0 467.9069 7.2748 22.2361 14.5496 0.013402
0 5.2454 376.0845 10.4908 38.9599 0.009356
0 72.0910 198.5614 15.5107 19.9671 0.004140
0 109.3955 9.3461 14.9204 18.6128 0.002113
0 108.2177 508.2970 24.0942 7.3712 0.001096
0 478.0449 7.2634 36.1102 14.5268 0.000720
0 4.9801 391.3395 9.9603 44.9689 0.000602
0 121.1921 508.2651 30.2465 7.4698 0.000379
0 22.2288 13.2044 8.5219 26.4088 0.000314
0 441.7451 142.2426 19.1385 27.9392 0.000303
0 415.6197 207.0087 13.6669 33.4889 0.000234
0 311.2758 238.0310 8.7535 14.4084 0.000220
0 528.5631 5.3886 18.7095 10.7772 0.000190
0 111.3476 504.0291 16.7116 15.9419 0.000158
0 534.9932 6.9331 27.2415 13.8661 0.000139
0 272.8999 362.8112 10.1580 18.0090 0.000131
0 24.8691 6.4207 11.1013 12.8415 0.000130
0 346.6349 136.8157 9.5288 21.9421 0.000124
0 464.3539 11.8856 25.2516 23.5112 0.000124
0 187.9018 216.0238 8.2690 11.9219 0.000104
