0 383.6242 302.1652 17.6210 33.6132 0.856847
0 485.1000 220.4986 18.3558 39.7198 0.562527
0 324.6543 372.1452 12.9791 20.2375 0.145991
0 151.3690 169.5387 12.4023 16.8825 0.035634
0 178.2126 8.9792 13.7901 17.9584 0.006894
0 6.8775 504.8896 13.7549 14.2207 0.006108
0 525.3174 156.2173 17.6377 31.5235 0.001966
0 406.6681 232.5453 8.1865 17.6758 0.000940
0 329.3904 368.3814 10.5747 16.9731 0.000877
0 180.2264 321.5607 9.0394 12.7944 0.000580
0 11.7580 503.4925 23.2501 17.0150 0.000417
0 265.3803 198.4760 7.5647 9.9646 0.000259
0 2.5334 414.9241 5.0667 28.3229 0.000249
0 396.2853 508.1100 12.6707 7.7799 0.000175
0 486.9763 207.3326 19.2598 34.8031 0.000163
0 555.1407 6.9584 13.5854 13.9167 0.000149
0 562.9716 13.1633 20.1003 26.3266 0.000138
0 276.2334 151.3599 6.0782 18.4060 0.000138
0 228.3775 137.1068 6.9768 12.8532 0.000134
0 334.1381 349.9807 11.1758 29.2673 0.000132
0 352.5372 466.7614 12.1202 32.0426 0.000123
