0 364.8128 201.9184 24.4390 33.3493 0.867370
0 244.0306 267.3964 17.6719 39.6293 0.833819
0 298.8258 227.7354 13.5343 36.1575 0.808454
0 331.0269 273.7673 14.4456 15.7871 0.018438
0 306.9203 218.3738 9.7720 18.5598 0.009338
0 149.9871 4.6129 15.2129 9.2257 0.005740
0 553.1735 226.2853 9.8645 11.8799 0.003239
0 617.3594 40.3151 9.7053 24.7807 0.002884
0 349.0916 134.7481 9.8230 14.6983 0.002095
0 553.2088 461.5281 17.7277 17.1746 0.001411
0 2.3317 278.1687 4.6633 30.8364 0.001355
0 203.6233 25.3140 11.5283 31.1379 0.001158
0 619.8802 6.7644 11.6097 12.9713 0.000852
0 10.3135 477.1719 13.4809 15.9154 0.000848
0 566.6931 506.6629 23.0175 10.6743 0.000734
0 351.6975 137.7646 12.3322 19.4322 0.000450
0 151.8202 13.8856 13.5685 27.4160 0.000424
0 3.2708 227.2174 6.5401 32.7444 0.000376
0 521.8298 125.0336 13.2412 14.8728 0.000357
0 349.0526 145.2725 9.7001 32.5750 0.000334
0 303.3226 226.9864 13.9998 32.8670 0.000282
0 348.8477 127.2924 9.8480 21.7308 0.000253
0 376.4383 26.2464 10.7832 37.3164 0.000242
0 548.2986 458.2733 27.3601 22.5215 0.000226
0 195.6158 134.6322 8.2659 28.7942 0.000206
0 2.5819 261.3450 5.1638 43.8649 0.000174
0 615.6316 6.7677 13.5662 12.9159 0.000166
0 155.2356 5.2211 21.7707 10.4353 0.000162
0 132.2601 277.0918 10.9216 20.0724 0.000152
0 323.5710 19.2353 6.6274 21.9771 0.000138
0 284.1383 153.4711 6.8282 21.3503 0.000125
0 7.0659 506.6845 13.9338 10.6309 0.000120
0 141.3830 4.2629 26.9130 8.4721 0.000101
