0 528.8435 238.6462 11.8048 20.1811 0.080571
0 4.9209 429.9444 9.8417 25.3142 0.006481
0 310.3232 196.6069 11.5037 21.4179 0.005459
0 315.7980 230.7343 14.3789 25.7498 0.004016
0 130.7989 377.8631 13.5872 15.9226 0.003699
0 547.7016 207.9727 20.9529 28.2767 0.003242
0 188.7694 65.6989 8.8339 18.4992 0.002439
0 243.3384 508.7906 22.4616 6.3495 0.001407
0 315.9182 7.0916 10.1886 14.1831 0.000933
0 396.2230 306.0413 10.6819 27.4916 0.000670
0 16.1100 4.3094 16.5978 8.6188 0.000670
0 464.4692 505.6740 26.2411 12.6519 0.000567
0 468.3744 140.2715 11.4732 25.9184 0.000447
0 313.7929 214.5556 17.8640 56.1558 0.000430
0 463.8164 494.7443 27.8624 34.4777 0.000389
0 107.5576 13.8466 21.1931 27.5789 0.000388
0 458.6771 500.3969 26.4261 23.1838 0.000363
0 316.2712 236.9322 12.6339 15.0380 0.000336
0 473.6008 342.4187 18.1609 49.2417 0.000301
0 258.9123 4.1641 15.3997 8.3281 0.000264
0 455.6523 493.3361 19.4542 35.4019 0.000173
0 118.4680 6.8148 28.5402 13.6296 0.000171
0 116.7174 13.4733 31.3618 26.9467 0.000140
0 138.5633 252.3405 10.6940 21.7576 0.000106
0 5.2047 417.7690 10.4093 48.8461 0.000102
0 449.4804 505.6885 20.7458 12.6229 0.000101
