0 186.1648 323.9023 13.2076 19.0543 0.742021
0 306.1594 296.8244 12.3539 22.4126 0.269887
0 591.5918 219.6530 24.1045 25.0994 0.013149
0 160.4801 11.2793 21.2321 22.3094 0.012714
0 507.1856 271.0056 10.9570 20.9005 0.009909
0 309.8145 3.5359 16.5819 7.0719 0.002750
0 118.5224 508.7586 20.2991 6.4827 0.001869
0 2.7158 128.6559 5.4315 24.2914 0.001867
0 2.8465 139.7095 5.6929 43.0818 0.001734
0 364.3078 192.7406 10.8969 28.2040 0.001577
0 2.8565 113.5598 5.7130 43.8346 0.001131
0 513.8650 148.4277 11.0902 27.7424 0.001025
0 570.4908 249.2992 11.4928 20.4334 0.000767
0 371.3019 5.2487 16.2185 10.4973 0.000702
0 483.3419 497.8963 19.2316 28.1782 0.000660
0 606.5728 219.7377 13.5310 21.8956 0.000600
0 379.7248 267.5341 14.6125 27.5768 0.000421
0 237.1306 61.2545 9.8234 16.3060 0.000365
0 29.0023 4.6198 18.2263 9.2396 0.000296
0 34.2129 415.9222 14.4893 23.0118 0.000216
0 130.7535 3.5652 10.9903 7.0488 0.000193
0 181.3382 324.1003 23.7683 21.2113 0.000193
0 367.9496 7.1585 11.7466 14.3169 0.000174
0 322.2965 453.1295 7.9319 20.5729 0.000147
0 110.3872 508.4977 28.5682 7.0045 0.000144
0 2.4452 292.9660 4.8903 45.5376 0.000124
0 633.9010 227.2759 12.1979 30.3748 0.000118
