0 140.3406 423.2671 52.8096 134.1418 0.930106
0 274.5812 405.3329 40.5784 119.9857 0.907746
0 379.5461 386.4550 27.8691 70.6682 0.872503
0 619.0660 419.2811 24.7197 37.3038 0.186868
0 632.7836 37.0424 14.4327 74.0848 0.134943
0 592.4513 399.5153 22.5094 51.2926 0.002771
0 605.9309 416.0606 32.2256 45.8779 0.001994
0 636.2484 53.4462 7.5033 87.9421 0.001280
0 599.1232 406.5137 33.3871 60.5394 0.000509
0 627.2325 417.2545 25.5349 40.7914 0.000280
0 12.7437 395.0666 25.4875 108.8363 0.000279
0 625.3842 33.5845 27.3491 67.1573 0.000271
0 619.3503 380.5016 32.2620 114.8363 0.000254
0 267.4218 3.4264 28.0819 6.8527 0.000190
0 533.3097 3.3156 16.8069 6.6312 0.000160
0 612.8679 408.7977 20.5552 57.7747 0.000124
0 12.8768 359.1370 25.6837 52.3418 0.000104
0 632.0730 350.2855 15.4852 62.1569 0.000100
