0 495.4331 304.5242 42.9967 145.0434 0.916055
0 337.7106 281.2629 29.9675 78.3870 0.905419
0 88.2168 318.3518 33.6401 63.2645 0.897301
0 629.1023 370.3270 21.7954 79.7146 0.005899
0 629.1309 414.4565 21.7382 98.0082 0.005680
0 76.7134 260.9745 8.0995 34.1745 0.003367
0 624.2771 391.1227 13.3887 36.4086 0.001542
0 624.0637 375.6901 15.4338 65.4283 0.000614
0 480.0358 27.7440 31.2823 55.4880 0.000223
0 3.1235 159.4637 6.2469 56.9054 0.000177
0 627.5504 328.9251 18.7305 157.9585 0.000136
0 624.3475 408.5275 14.8593 69.4016 0.000128
