0 602.5374 350.5689 27.1427 34.7606 0.893160
0 586.8094 133.1666 22.2031 35.1180 0.889490
0 292.7422 217.3017 23.9122 44.6158 0.861344
0 56.7251 205.2887 20.7240 35.2099 0.763865
0 406.3190 137.1205 14.4548 20.9836 0.688607
0 130.1378 19.4578 29.8411 38.9155 0.010960
0 323.7651 297.7270 13.6949 16.0784 0.004393
0 273.6822 139.2697 18.7023 16.7232 0.003944
0 19.5276 226.8392 10.1927 18.7516 0.003414
0 344.8003 151.9553 21.1449 32.0583 0.003320
0 319.2090 299.3603 20.9738 18.6941 0.002587
0 247.8820 422.7816 15.2147 15.8842 0.001983
0 108.3047 146.0312 23.5787 23.0018 0.001749
0 438.1892 248.0977 19.7938 54.7689 0.001721
0 174.7021 507.9799 30.1260 8.0402 0.001185
0 300.0433 146.2990 10.5028 23.6129 0.001146
0 634.5194 483.6126 10.9612 45.4943 0.000916
0 405.5498 153.1502 14.8910 31.1927 0.000884
0 405.7702 122.1530 15.7662 46.1593 0.000792
0 472.4957 508.7545 18.0969 6.4911 0.000680
0 65.2876 5.3055 13.3985 9.8882 0.000605
0 3.1429 227.4326 6.2383 28.3063 0.000577
0 478.7783 508.2824 20.8419 7.4351 0.000464
0 420.4006 109.0901 15.9907 23.8731 0.000458
0 634.0701 502.5441 11.8597 18.9119 0.000449
0 635.5778 468.7723 8.8444 27.2914 0.000393
0 327.2938 301.8275 14.4878 22.1531 0.000371
0 323.5652 291.1132 14.1308 24.9999 0.000358
0 279.7455 141.7647 27.3900 19.4285 0.000350
0 17.1217 5.0716 30.0498 9.9368 0.000331
0 554.7079 508.0983 14.7222 7.8035 0.000324
0 185.1056 508.3428 34.2595 7.3143 0.000316
0 4.8894 21.3278 9.7788 26.4364 0.000278
0 12.3743 227.1631 18.1447 21.1335 0.000262
0 290.7114 145.7861 22.0059 23.1854 0.000258
0 46.5726 416.4547 20.7951 29.2562 0.000235
0 47.2832 185.9937 16.0560 21.6018 0.000234
0 328.2127 290.8169 14.4476 23.8851 0.000224
0 204.5536 230.7257 20.8096 15.2243 0.000210
0 29.6134 5.6774 32.8097 11.3327 0.000209
0 2.8373 242.4361 5.6747 35.3166 0.000209
0 163.6703 508.3051 27.3141 7.3898 0.000208
0 339.7064 146.6963 18.0424 22.7049 0.000203
0 2.8511 213.3027 5.6022 41.0038 0.000201
0 440.7953 508.0762 30.5012 7.8477 0.000186
0 7.2621 7.4369 14.5242 14.8633 0.000164
0 323.3281 306.8782 19.2120 32.4744 0.000160
0 14.9272 508.8865 23.4717 6.2270 0.000153
0 464.1316 508.5558 24.7079 6.8884 0.000151
0 396.9112 129.1086 31.7718 40.2500 0.000146
0 305.0349 145.8440 12.5475 24.7955 0.000136
0 434.6786 505.7514 24.0229 12.4971 0.000136
0 300.4383 30.9857 16.8364 14.7471 0.000128
0 139.7990 18.6230 28.0190 37.2460 0.000120
0 630.5884 504.6503 16.7971 14.6995 0.000120
