0 431.6647 219.5701 26.8535 39.1023 0.901618
0 449.9391 287.8997 24.0484 35.2676 0.892582
0 353.6520 93.3175 15.9366 28.8043 0.855366
0 127.3350 208.9921 19.3492 17.2226 0.017805
0 218.6436 345.2117 17.1544 16.6744 0.004554
0 2.6111 227.9862 5.2221 42.9323 0.004105
0 2.6528 203.7325 5.3056 52.6656 0.001799
0 201.2120 203.1632 15.9165 25.2248 0.001766
0 216.9319 351.4662 19.6705 22.7526 0.001170
0 186.7069 22.1724 32.2911 44.3448 0.000881
0 476.9773 507.7843 15.8232 8.4315 0.000835
0 207.6346 200.4541 23.5529 30.9619 0.000742
0 2.6089 186.8679 5.2177 39.6769 0.000631
0 161.5544 212.3175 19.2738 25.1961 0.000539
0 216.6026 338.4701 19.3649 28.2371 0.000523
0 411.5323 508.5143 18.6495 6.9714 0.000456
0 147.2354 209.2764 13.1434 24.6904 0.000435
0 124.6672 201.8610 24.4861 31.4488 0.000417
0 172.1640 207.2526 11.2018 15.9810 0.000375
0 236.8315 9.8212 21.6089 19.5243 0.000350
0 424.4550 508.4292 17.8922 6.9448 0.000326
0 461.5598 506.8929 16.6963 10.2142 0.000323
0 469.9568 506.8172 15.9690 10.3656 0.000322
0 2.6333 248.5211 5.2178 75.6682 0.000313
0 216.8279 196.6256 13.1432 29.4824 0.000283
0 444.2850 153.4660 20.5640 15.3607 0.000266
0 452.0754 507.4037 19.6077 9.1925 0.000256
0 562.1125 508.5178 24.1074 6.9645 0.000254
0 123.8715 96.7821 14.6501 15.3325 0.000219
0 378.8451 509.0200 19.8511 5.9600 0.000208
0 2.8232 317.8222 5.6465 29.5385 0.000192
0 486.1907 508.2942 21.7929 7.4117 0.000182
0 140.6021 208.5677 18.3561 20.5505 0.000174
0 150.3939 166.2192 16.5908 28.3826 0.000174
0 443.6131 507.7902 21.1166 8.3174 0.000153
0 8.2284 459.3013 16.3746 32.9247 0.000148
0 2.7745 345.4835 5.4475 34.7137 0.000130
0 307.2237 6.4113 19.1224 12.8226 0.000126
0 2.7544 270.4677 5.4350 44.8243 0.000122
0 475.6751 502.4595 16.0256 19.0811 0.000122
0 2.7970 299.3307 5.5720 53.5199 0.000115
0 408.7635 503.2119 19.0987 17.5763 0.000114
0 178.0677 205.2355 15.6616 16.6670 0.000108
0 633.8950 420.5566 12.2100 50.7345 0.000107
0 436.1273 508.1410 18.3504 7.6457 0.000104
