0 493.9362 251.9135 15.2109 43.8477 0.349006
0 374.7238 253.9116 13.4546 34.5612 0.273799
0 230.9425 388.5612 10.1077 14.1356 0.102051
0 521.3635 268.0218 25.4867 26.2639 0.038659
0 2.2977 272.6139 4.5953 37.7799 0.008392
0 231.7010 393.9571 11.2834 23.9153 0.005749
0 226.4101 387.8920 17.9544 14.2633 0.004213
0 2.5386 286.2095 5.0773 49.6301 0.003610
0 508.2958 267.0015 32.1123 23.1246 0.001439
0 499.0904 261.8782 23.4813 33.9223 0.001412
0 51.1242 241.9529 7.5631 24.4319 0.001051
0 612.1136 207.4871 20.0010 35.6125 0.000905
0 2.7955 259.2035 5.5629 55.8649 0.000747
0 500.9397 250.9790 29.2277 49.2206 0.000428
0 579.9224 6.7656 15.5054 13.5171 0.000379
0 636.6737 359.8289 6.6526 33.1946 0.000210
0 636.1703 505.0135 7.6594 13.9730 0.000206
0 539.5096 154.9042 15.6914 22.1839 0.000203
0 586.3933 136.7837 19.0116 26.4817 0.000148
0 259.3889 18.9122 10.1184 35.9048 0.000145
0 584.5394 6.6489 10.7910 13.2617 0.000141
