0 300.4500 309.3721 15.5414 27.3851 0.864607
0 635.6820 14.2087 8.6360 28.4175 0.007450
0 422.3682 8.0455 24.8882 16.0910 0.003926
0 2.7978 451.7538 5.5956 28.4252 0.003091
0 156.0812 401.7567 17.3275 10.8585 0.002318
0 544.0176 10.5700 21.5143 21.1401 0.001439
0 637.5012 419.0688 4.9976 36.2511 0.001306
0 635.2739 31.6695 9.4521 48.3200 0.000756
0 636.9403 431.6219 6.1194 45.4380 0.000610
0 72.2621 227.2695 14.3335 22.6788 0.000457
0 633.4317 20.0930 13.1366 40.0097 0.000299
0 553.8246 6.4365 35.6289 12.8722 0.000268
0 420.9559 19.9004 26.7982 39.7259 0.000258
0 485.2602 84.5317 31.1936 36.2272 0.000231
0 636.3373 447.3890 7.3254 25.2552 0.000226
0 3.1310 464.2568 6.2620 44.1372 0.000225
0 565.9586 4.2287 32.9304 8.4574 0.000207
0 251.3793 3.7726 22.4460 7.5453 0.000204
0 244.1283 4.4090 27.0375 8.8066 0.000186
0 625.3951 7.7604 29.2098 15.4021 0.000180
0 634.9559 45.6208 10.0881 23.7505 0.000160
0 594.6675 2.8378 22.6409 5.6756 0.000149
0 576.4625 3.4304 43.5643 6.8609 0.000133
0 443.8640 7.4013 42.7482 14.7548 0.000131
0 408.7196 21.2959 44.1390 42.5918 0.000104
