0 438.4996 302.6297 25.0160 33.2636 0.899114
0 530.9988 397.6615 23.0012 25.4094 0.876441
0 244.8103 50.8840 17.3555 26.3537 0.710960
0 195.5681 238.9020 12.2780 15.0376 0.076232
0 2.6910 317.4993 5.3463 47.3053 0.007451
0 3.1335 301.6237 6.2588 55.2472 0.003564
0 583.1104 509.6735 20.1417 4.6531 0.002971
0 195.1480 246.5375 12.7465 30.2076 0.001834
0 255.6434 507.8917 20.3487 8.2166 0.001612
0 197.8643 507.7349 19.1552 8.4598 0.001476
0 287.1476 170.3649 18.6793 39.6689 0.001432
0 171.3100 259.6694 15.7436 34.6178 0.001253
0 2.6988 451.8072 5.3976 36.6327 0.000935
0 169.6848 267.6251 16.1452 25.2432 0.000860
0 7.3696 6.6939 14.7391 13.2331 0.000758
0 3.4252 284.4916 6.8504 55.4427 0.000737
0 2.9203 438.0065 5.8407 42.7847 0.000707
0 514.1475 16.3081 23.2124 32.6051 0.000685
0 290.4697 164.8378 11.9904 28.1187 0.000668
0 3.4688 421.1442 6.7873 32.2653 0.000653
0 396.2298 2.8659 17.5455 5.7318 0.000494
0 3.0399 335.6420 6.0160 53.9225 0.000448
0 6.8607 12.7424 13.7215 25.1083 0.000420
0 51.2538 255.0405 21.0807 20.5162 0.000397
0 188.2699 242.6376 27.6470 23.5079 0.000378
0 202.5389 282.6164 10.4355 13.3267 0.000351
0 184.4758 251.2057 28.4543 36.2687 0.000350
0 264.2672 508.1502 26.5491 7.6996 0.000256
0 159.7359 267.8122 18.3445 24.0429 0.000252
0 243.6177 508.2293 29.7052 7.5413 0.000235
0 223.5630 2.7865 22.9652 5.5730 0.000233
0 310.4755 432.2232 11.7504 26.3414 0.000231
0 539.4435 507.8705 15.3254 8.2591 0.000228
0 16.0935 7.8226 30.5402 15.5817 0.000209
0 10.1975 412.0634 14.2686 22.4819 0.000185
0 196.3099 502.2791 22.1147 19.1283 0.000182
0 215.2597 508.6311 30.7168 6.7378 0.000180
0 506.0908 19.1602 35.2882 38.3203 0.000172
0 231.8447 508.5731 27.3519 6.8538 0.000154
0 106.6055 43.4091 27.8394 22.4148 0.000153
0 195.7558 279.1173 12.8279 15.4124 0.000149
0 277.6673 170.5296 37.3568 45.6880 0.000149
0 18.8831 18.0405 35.5736 35.9553 0.000149
0 103.9137 3.6290 20.3619 7.2579 0.000141
0 538.1880 504.3913 17.2195 15.2175 0.000141
0 275.0991 508.4341 26.9781 7.1318 0.000138
0 596.8884 508.8007 28.5352 6.3986 0.000133
0 186.4435 50.8813 39.3210 70.1479 0.000132
0 3.6436 405.8069 6.8445 26.9945 0.000131
0 284.1756 508.3952 23.1772 7.2095 0.000126
0 533.8137 507.5673 19.5774 8.8654 0.000122
0 630.7709 11.2604 18.2419 22.4018 0.000110
0 3.2145 471.9409 6.4290 48.5328 0.000102
