0 128.0574 348.4992 30.0923 71.6687 0.907990
0 49.9825 342.7946 10.5470 36.7008 0.829649
0 287.2629 343.7624 10.8016 45.0039 0.790739
0 551.3358 365.5328 8.0432 10.6616 0.001893
0 29.2454 15.6139 26.6459 31.2278 0.001470
0 637.5690 370.4401 4.8621 50.9535 0.001278
0 637.0151 392.3975 5.9697 97.6266 0.000516
0 120.0279 347.8439 15.1176 70.0852 0.000391
0 49.8288 358.5149 11.1321 70.2855 0.000337
0 42.7868 342.4578 22.7445 38.7958 0.000253
0 632.0900 368.4026 15.1552 45.1359 0.000203
0 142.3782 5.8261 32.9224 11.4588 0.000187
0 40.5000 16.0205 41.7930 32.0410 0.000155
0 553.8970 359.8390 10.3234 21.8767 0.000122
