0 26.7513 340.9398 17.7737 61.4044 0.879044
0 2.8619 340.3773 5.6879 64.0906 0.216160
0 634.5848 415.6795 10.8304 85.3305 0.038846
0 354.3065 372.8395 6.9379 10.8057 0.003716
0 11.8952 340.5756 21.5831 63.5339 0.001506
0 636.4193 38.0428 7.1615 76.0857 0.001222
0 626.5325 422.1577 26.3328 93.2123 0.000955
0 2.8994 369.6630 5.7989 109.8925 0.000563
0 627.5021 37.4239 24.9957 74.8477 0.000356
0 354.8034 381.0085 8.9525 28.8679 0.000296
0 637.1368 59.4088 5.7264 50.0798 0.000250
0 354.9784 364.6447 8.0332 31.1110 0.000186
0 351.9316 375.8474 11.6273 18.0602 0.000182
0 138.7475 348.6067 7.3179 34.5228 0.000149
0 3.7847 410.7175 7.5694 119.4612 0.000116
0 636.4144 85.4940 7.1713 89.0516 0.000113
