0 438.7720 304.1559 24.8060 29.4723 0.895833
0 531.8472 397.6535 23.0098 25.7830 0.873914
0 244.8675 50.5199 17.3930 26.5715 0.613022
0 196.4591 239.6286 11.0527 16.2008 0.140278
0 2.8402 309.1521 5.6804 49.7206 0.006620
0 290.1281 163.1641 13.4011 24.1940 0.001712
0 257.1462 508.2389 21.0222 7.5222 0.001530
0 195.7782 248.5880 11.9479 32.9719 0.001376
0 3.2975 289.3519 6.5950 48.1566 0.001280
0 51.1709 254.7285 20.9073 20.8021 0.001070
0 2.6956 450.0340 5.3912 33.8683 0.000882
0 7.0638 6.7692 14.1276 13.4377 0.000874
0 2.9430 329.9498 5.8860 50.4949 0.000698
0 539.7493 507.9796 13.8262 8.0408 0.000694
0 3.5529 421.0954 6.7763 29.7416 0.000628
0 6.5149 13.3800 13.0298 26.5530 0.000564
0 2.8893 438.1077 5.7787 40.4421 0.000557
0 538.7677 504.2832 15.0015 15.4337 0.000464
0 586.6838 509.6295 21.0244 4.7409 0.000402
0 196.3174 507.6262 21.3925 8.6901 0.000380
0 223.3266 2.7552 22.6416 5.5104 0.000373
0 264.5376 508.3369 23.5716 7.3262 0.000369
0 193.9547 236.3981 16.3863 23.2638 0.000313
0 16.3432 7.6772 30.4451 15.2985 0.000291
0 188.2219 241.8389 27.9532 22.8707 0.000269
0 184.8443 57.9984 37.8947 61.3639 0.000260
0 294.8434 72.0782 8.6514 22.2523 0.000258
0 533.8831 507.7036 20.0046 8.5927 0.000252
0 513.9185 17.3995 24.6405 34.7991 0.000242
0 609.1408 232.0672 18.8931 20.9619 0.000225
0 205.0938 508.6352 24.4910 6.7296 0.000217
0 30.8870 17.3240 36.9100 34.5137 0.000205
0 168.1298 268.1709 14.5683 22.4360 0.000200
0 9.8157 414.6653 13.5013 20.4850 0.000184
0 283.7542 169.8552 26.5669 41.3511 0.000180
0 40.5995 23.7017 29.9605 47.1426 0.000162
0 66.3175 15.8062 26.7458 31.5014 0.000140
0 395.8058 3.1038 17.1584 6.2075 0.000122
0 8.3336 306.2896 16.4066 47.8103 0.000121
0 309.5961 437.2070 9.4440 16.0862 0.000121
0 282.9066 508.5659 23.8800 6.8681 0.000117
0 187.7068 506.9529 34.3734 10.0500 0.000117
0 240.9872 508.4345 24.0881 7.1310 0.000112
0 3.2769 370.2515 6.4282 42.5615 0.000111
0 104.4337 3.6837 20.4794 7.3673 0.000110
0 523.5612 504.4816 14.3119 14.3788 0.000107
0 231.4514 508.7119 23.1145 6.5762 0.000103
