0 417.8836 383.4749 32.4393 84.8501 0.901564
0 322.8745 382.7742 26.0605 65.2494 0.014839
0 320.3400 370.6847 21.2080 40.3228 0.012352
0 316.0865 363.9666 12.2961 28.5394 0.004717
0 637.4675 386.0525 5.0651 41.6926 0.001211
0 4.6552 22.0803 9.3105 44.1607 0.000953
0 311.1638 364.4693 8.3314 25.1145 0.000663
0 330.0387 366.3459 16.3709 31.8330 0.000604
0 480.8387 364.9352 11.9115 67.9559 0.000487
0 9.7583 20.6105 19.5167 41.1545 0.000475
0 3.5633 373.0173 7.1185 75.1000 0.000424
0 161.8480 347.8423 12.0428 42.4030 0.000275
0 9.3884 40.9539 18.7767 81.9078 0.000249
0 16.1144 10.0879 32.2289 20.1681 0.000244
0 18.9257 26.4293 37.8513 52.8585 0.000129
0 5.1755 351.9493 8.2016 33.4283 0.000120
0 4.1082 44.0830 8.2165 88.1660 0.000115
