0 389.3926 399.1027 27.2434 110.4861 0.866830
0 637.3682 360.3230 5.2636 71.7727 0.000322
0 637.0656 385.9926 5.8686 112.7307 0.000318
0 637.1624 431.4281 5.6516 110.2393 0.000262
0 124.4295 362.6930 21.8987 88.3401 0.000173
0 3.0802 396.0590 6.1604 88.8192 0.000157
0 132.6161 339.0645 8.2231 38.2382 0.000084
0 3.5069 329.8781 6.9702 27.2414 0.000069
0 638.3403 363.7081 3.3193 53.3139 0.000052
0 638.6635 341.9634 2.6731 37.4952 0.000044
0 132.1873 362.8857 14.1494 85.4484 0.000040
0 10.6264 44.2886 20.9465 81.7116 0.000033
0 10.4963 69.2157 20.4486 38.0698 0.000032
0 132.3381 335.0818 7.5110 20.6345 0.000031
0 637.9747 378.4662 4.0507 60.8604 0.000027
0 637.3000 337.1988 5.3999 53.3042 0.000026
