0 216.7931 226.5187 21.3946 26.1438 0.856579
0 180.7705 27.2337 21.6205 27.6027 0.835841
0 524.9624 287.5311 15.7327 15.7643 0.831932
0 600.9264 327.3044 13.7084 19.9674 0.024104
0 310.0410 146.3340 9.9663 11.7594 0.011093
0 291.7718 508.8889 23.3001 6.2221 0.001516
0 86.0839 127.3374 19.1768 43.5556 0.001382
0 128.0369 344.9555 19.9391 12.1371 0.001354
0 497.7714 153.3822 14.0990 16.5660 0.001296
0 473.0628 506.6985 26.0334 10.5742 0.000946
0 95.4884 54.9482 14.8369 15.3655 0.000462
0 269.2656 2.9366 19.6643 5.7811 0.000410
0 434.4011 179.1396 16.4582 26.0196 0.000279
0 85.6013 508.7213 28.4940 6.5554 0.000265
0 85.5882 140.6926 15.7979 16.3773 0.000225
0 305.7519 508.6714 27.7448 6.6571 0.000217
0 129.6833 508.4556 26.0729 7.0887 0.000212
0 419.8999 500.2379 21.3917 20.1606 0.000207
0 605.3547 138.9991 24.4828 34.9596 0.000196
0 283.2813 391.3932 10.3255 14.5381 0.000193
0 318.1863 508.7583 22.8261 6.4834 0.000169
0 3.0041 366.0704 6.0081 34.3158 0.000158
0 282.5540 508.8253 30.9169 6.3494 0.000151
0 498.0860 507.6860 35.3187 8.6281 0.000139
0 467.4875 505.0782 35.1112 13.8336 0.000136
0 3.0293 334.8951 6.0586 43.8857 0.000135
0 4.8013 461.9870 9.6026 27.1798 0.000124
0 341.1657 508.7022 24.6590 6.5956 0.000121
0 114.7996 508.6963 27.5026 6.6073 0.000116
0 262.8244 3.1952 19.6013 5.9436 0.000112
0 482.3012 507.2926 37.9604 9.4082 0.000110
0 5.8017 426.3760 11.5970 36.6937 0.000109
0 99.3114 508.9443 31.2471 6.1115 0.000109
0 151.6335 3.0846 24.1268 6.0366 0.000105
0 485.6337 504.4203 48.7557 15.1594 0.000102
0 6.6949 414.1580 13.3898 41.0839 0.000098
0 434.1910 30.2188 11.4964 13.9864 0.000094
0 110.6111 120.9955 12.3042 18.0845 0.000089
0 202.0284 102.5944 17.4543 16.0782 0.000089
0 3.1755 353.0112 6.3510 41.9386 0.000086
0 332.2966 508.4801 24.4925 7.0398 0.000079
0 6.0679 506.5497 12.1357 10.9005 0.000073
0 186.5488 395.0365 17.2486 32.9720 0.000065
0 136.2928 508.5882 27.8805 6.8237 0.000064
0 118.7673 115.8054 27.4137 27.9300 0.000063
0 265.6433 48.3546 16.9220 25.4812 0.000061
0 468.4069 264.3662 15.5428 33.5853 0.000059
0 4.1779 388.7977 8.3557 45.6676 0.000054
0 456.2280 507.4374 25.6962 9.1251 0.000045
0 145.4886 3.5956 13.3401 7.1913 0.000044
0 256.9401 2.5040 21.6223 4.9650 0.000039
0 443.2515 503.2989 24.3287 16.4010 0.000037
0 638.0227 149.6553 3.9545 42.8917 0.000037
0 230.8565 229.8625 12.0315 30.3651 0.000036
0 429.8411 173.9229 10.5438 16.4079 0.000036
0 355.8189 508.3629 27.0337 7.2742 0.000035
0 4.6363 444.4956 9.2726 43.2932 0.000034
0 547.5436 466.0780 20.7325 21.4590 0.000034
0 308.3906 389.8194 12.5985 8.2922 0.000032
0 252.9321 3.5402 17.4907 7.0804 0.000031
0 279.3530 3.7195 26.7797 7.1608 0.000030
0 599.9452 313.7301 23.1769 43.2642 0.000030
0 73.8619 507.3201 23.1406 9.3598 0.000029
0 94.2901 128.6051 31.9030 40.8568 0.000028
0 263.1006 14.5301 18.6045 19.6539 0.000028
0 160.2300 4.4616 25.3563 8.9232 0.000028
0 178.4116 19.3189 23.9686 38.6378 0.000027
0 1.6841 92.5243 3.3682 36.3380 0.000026
0 140.0299 3.1059 21.1913 6.0324 0.000026
0 369.2165 226.9415 26.2372 31.7429 0.000025
0 525.0513 279.4459 16.3350 32.2491 0.000025
