0 106.4573 205.8126 17.0234 77.9953 0.830998
0 324.5094 178.4293 12.9194 45.5555 0.811033
0 475.5823 178.2975 8.6394 31.1032 0.742194
0 467.3349 178.4867 8.3621 27.1152 0.630585
0 287.7136 177.8218 11.5707 29.0283 0.006690
0 382.1337 182.3214 6.2693 15.6245 0.002538
0 320.6263 179.7638 6.9207 41.0218 0.002406
0 2.6388 221.8625 5.2591 62.4584 0.002048
0 382.9022 194.3682 8.1610 39.5968 0.001654
0 484.0960 177.9967 8.5729 29.7583 0.001122
0 2.0561 202.2260 4.0972 59.4395 0.000695
0 3.1975 227.9043 6.3831 93.8836 0.000643
0 1.8346 187.2986 3.6692 39.1677 0.000381
0 470.4575 176.0117 6.7273 31.2339 0.000359
0 380.8507 190.6985 7.2852 33.3269 0.000336
0 382.9722 201.0548 11.0256 59.6414 0.000311
0 16.4722 505.6420 30.8303 12.7161 0.000271
0 307.6255 161.8700 6.1245 14.7220 0.000216
0 138.4186 185.9018 5.9472 22.4169 0.000200
0 116.0161 206.2811 31.4758 79.1292 0.000140
0 327.1156 169.6069 9.0411 29.0630 0.000117
0 286.5408 167.9348 6.4067 9.4904 0.000111
0 291.0118 176.9671 8.5365 26.0535 0.000107
0 327.0696 161.2903 8.6019 11.9251 0.000095
0 7.2998 227.9926 14.3455 92.7161 0.000079
0 379.4181 179.9942 6.1285 16.7536 0.000073
0 479.5891 175.9175 12.2401 31.8153 0.000065
0 414.2315 164.5327 9.5266 27.7609 0.000065
0 285.8022 180.7195 6.7980 32.9743 0.000060
0 384.1312 180.6309 8.1580 17.3005 0.000058
0 236.2717 214.3043 8.8996 85.0576 0.000056
0 7.6059 210.7239 13.6219 58.6069 0.000051
0 53.5097 189.6801 8.5221 42.1318 0.000046
0 636.9442 207.7799 6.1116 84.0182 0.000041
0 386.2839 186.6351 11.7999 38.0715 0.000040
0 634.7146 28.9325 10.5344 57.8649 0.000035
0 316.2028 182.8620 8.3763 35.1009 0.000034
0 283.6287 507.5578 25.2788 8.8843 0.000031
0 5.0019 491.5519 9.9843 40.8210 0.000030
0 636.0052 229.6345 7.9894 118.2413 0.000030
0 101.4032 185.3864 10.9488 47.7948 0.000028
