0 387.8503 296.7254 17.5476 20.4832 0.867459
0 6.5359 428.3589 12.7084 20.4200 0.015601
0 113.5769 113.1238 8.4784 12.5013 0.001291
0 428.2596 90.5424 8.6010 13.8300 0.001250
0 6.9802 415.0931 13.9603 48.7621 0.000971
0 317.9951 150.8424 8.2262 40.5256 0.000562
0 7.1795 436.5270 14.3080 39.8773 0.000523
0 534.2271 52.5037 8.0838 13.3344 0.000485
0 161.2681 282.0578 25.5062 30.4202 0.000169
0 357.7576 146.3812 10.9320 64.2485 0.000159
0 4.3099 31.8000 8.6198 32.0339 0.000133
0 363.1397 260.8028 8.2874 11.0303 0.000126
0 635.8695 132.1623 8.2610 33.8084 0.000110
0 8.9008 22.6600 17.7843 43.3250 0.000106
0 623.6914 507.4215 20.7216 9.1571 0.000094
0 153.2149 278.1780 12.5386 23.8168 0.000080
0 357.7686 153.5489 6.6907 42.3423 0.000068
0 382.1850 264.1518 14.9231 20.0809 0.000068
0 331.4373 470.4236 11.5404 11.0602 0.000051
0 8.1165 49.0126 16.1320 55.6946 0.000046
0 555.9828 189.0128 15.9359 26.7684 0.000044
0 151.9832 273.6673 10.1143 14.5341 0.000034
0 3.6345 166.0006 7.2689 52.2149 0.000031
0 386.8821 279.9860 20.6592 51.9147 0.000030
0 127.5038 508.0350 20.1519 7.9213 0.000029
0 261.1521 62.8089 9.0771 21.9510 0.000029
0 415.2664 23.9856 22.5004 47.9712 0.000029
0 635.7764 102.0786 8.4473 52.2623 0.000028
0 13.1472 440.2050 24.1707 44.9049 0.000028
0 358.0301 120.9460 10.2300 15.1303 0.000026
