0 362.2072 249.7573 20.6158 18.8610 0.793658
0 407.6979 103.1132 16.1593 17.6689 0.550959
0 207.8054 343.1852 23.5471 49.9820 0.040454
0 2.8784 500.5975 5.7568 22.4899 0.019452
0 3.3581 404.4976 6.7163 31.1007 0.016712
0 3.5356 418.1045 7.0712 55.2964 0.012306
0 99.0521 453.1543 17.9548 20.3160 0.012276
0 2.9638 488.9424 5.9277 45.7642 0.007462
0 150.6980 364.6768 22.5341 11.6482 0.002874
0 206.6897 357.9289 24.6688 23.0953 0.002560
0 234.0644 380.0520 16.5695 33.5492 0.001753
0 207.3406 364.3760 23.6980 10.9299 0.001645
0 114.6724 3.1662 26.3051 6.3213 0.001329
0 7.7188 500.9155 15.1712 22.1570 0.001219
0 20.0680 212.8623 20.8020 40.4536 0.000933
0 5.3559 504.8378 10.7119 14.3244 0.000726
0 7.0503 416.5835 13.9575 57.1681 0.000700
0 7.1339 260.8912 13.0191 15.3888 0.000613
0 3.2089 440.6564 6.3970 44.2990 0.000488
0 8.1053 506.1043 15.6875 11.7913 0.000482
0 8.7535 25.0090 17.5069 46.2446 0.000398
0 2.9925 467.1137 5.9850 62.1440 0.000336
0 98.0088 4.2553 44.9601 8.5107 0.000332
0 107.3735 6.6436 35.6960 13.2650 0.000332
0 8.4019 489.2474 16.5980 45.0012 0.000291
0 15.2432 251.5825 26.6315 26.4283 0.000261
0 6.1377 213.8695 12.2423 36.8556 0.000232
0 6.6326 405.1802 13.2652 31.8572 0.000228
0 637.7675 466.3477 4.4650 43.8466 0.000207
0 3.3890 390.9312 6.7065 49.9466 0.000195
0 3.8531 453.4720 7.6895 66.9617 0.000185
0 637.5571 87.0976 4.8857 69.5196 0.000135
0 8.3620 34.0738 16.7239 27.5115 0.000123
0 109.6165 14.7791 23.0401 29.4167 0.000123
0 3.4290 278.7946 6.8482 38.0765 0.000118
0 234.1071 370.1545 19.8626 16.3576 0.000106
0 3.4653 205.9904 6.9306 50.4743 0.000102
0 3.8887 262.5024 7.4945 23.5531 0.000101
0 219.1341 377.9496 46.6389 37.3130 0.000094
0 8.6908 44.6156 17.3816 48.0546 0.000088
0 189.0584 293.6804 11.0993 18.8394 0.000079
0 5.4487 266.8473 10.7810 29.2112 0.000078
0 418.7306 254.6418 28.9448 19.6246 0.000077
0 212.8209 365.4101 28.0665 31.9052 0.000069
0 210.3934 353.8734 19.5480 27.6057 0.000067
0 353.1143 248.2050 35.6770 21.2524 0.000065
0 1.8344 446.9999 3.6688 33.5098 0.000062
0 122.4596 3.7147 33.6743 7.4243 0.000061
0 362.1163 259.2716 21.1279 37.8890 0.000060
0 198.9232 346.8713 31.5062 44.7537 0.000055
0 7.7673 439.9721 14.5627 45.7944 0.000054
0 106.1185 454.0529 25.5498 22.2308 0.000051
0 141.7211 361.5985 33.6221 18.4492 0.000049
0 412.5075 267.6354 23.9097 40.1866 0.000049
0 4.2966 475.5338 8.5932 63.4203 0.000044
0 95.2122 7.9765 46.4693 15.9530 0.000039
0 1.7545 431.5419 3.5091 37.1747 0.000039
0 403.1425 105.9762 18.7826 13.1306 0.000038
0 14.0112 498.9361 27.3349 26.1278 0.000038
0 207.3098 371.6047 24.6100 24.4617 0.000037
0 2.6024 180.5545 5.2048 54.9906 0.000037
0 414.5648 256.8360 27.7358 33.6989 0.000034
0 3.9077 252.9886 7.7333 28.2411 0.000034
0 38.8481 6.8747 40.7476 13.7323 0.000032
0 2.8265 195.3688 5.6531 43.1667 0.000032
0 610.2864 191.1644 27.2373 34.3596 0.000030
0 2.1171 273.2720 4.2342 43.2680 0.000030
0 14.8715 17.9059 29.2109 35.7240 0.000029
0 3.9490 232.4412 7.8980 38.9769 0.000029
0 11.1965 241.1729 22.0465 31.8884 0.000026
0 403.2044 108.6454 21.2811 26.6859 0.000026
