0 198.7987 331.9028 12.0438 11.7806 0.218445
0 226.0695 419.4586 18.3728 34.6228 0.005462
0 195.1048 328.9688 17.9223 17.0977 0.001420
0 375.6440 80.4343 7.4158 9.2089 0.001075
0 198.7685 324.3642 13.6367 23.7288 0.000763
0 364.6169 111.2096 28.6583 69.8566 0.000536
0 12.7274 507.8957 22.6796 8.2086 0.000494
0 204.3809 332.8307 19.8493 12.9869 0.000340
0 188.3199 404.8495 17.7553 12.0506 0.000258
0 195.1735 334.5861 17.4860 14.2772 0.000242
0 2.3816 338.2056 4.7632 42.1229 0.000219
0 368.2781 25.1224 18.1917 44.6672 0.000202
0 88.3488 3.9673 28.3008 7.9345 0.000197
0 189.8493 332.6353 29.1351 13.4633 0.000196
0 7.6784 501.8021 15.3114 20.0363 0.000188
0 2.4321 327.8262 4.8641 30.7248 0.000188
0 3.6577 292.8391 7.3153 21.7322 0.000178
0 2.9395 311.0905 5.8789 58.6502 0.000176
0 193.0671 401.0358 25.5018 16.2189 0.000166
0 2.9126 268.3218 5.8252 47.4457 0.000124
0 383.9066 507.3974 27.3670 9.2051 0.000096
0 475.3503 239.3452 13.7277 10.8014 0.000093
0 4.1756 386.8546 8.3423 27.7145 0.000083
0 334.5410 75.1957 11.0888 16.2796 0.000076
0 432.3320 246.0979 12.5350 28.8254 0.000075
0 99.5436 3.5281 31.9997 7.0562 0.000073
0 3.7006 493.0336 7.3515 29.1716 0.000072
0 2.5449 477.0540 5.0899 30.9399 0.000067
0 127.1428 306.5233 9.6505 17.2192 0.000063
0 3.3777 285.7618 6.7386 29.3217 0.000060
0 439.1196 273.5070 17.3261 13.4742 0.000055
0 139.8592 508.3493 31.3796 7.3014 0.000052
0 5.7837 398.1852 11.5029 28.5734 0.000046
0 3.0168 464.6479 6.0336 29.3820 0.000046
0 366.4351 6.9685 18.5327 13.0476 0.000044
0 78.0306 227.8543 9.3011 10.5686 0.000043
0 308.5892 2.9474 22.2118 5.8948 0.000040
0 202.1557 326.8136 15.5744 16.9832 0.000037
0 108.3662 404.8052 12.9332 19.4492 0.000035
0 192.2144 323.3038 24.0267 26.9131 0.000033
0 2.5790 257.3159 5.1581 25.4447 0.000032
0 3.1330 348.2723 6.2660 51.7433 0.000028
0 72.9316 5.0292 47.5149 10.0583 0.000028
0 129.5920 305.9392 11.7038 23.4500 0.000025
