0 528.7821 293.8435 22.4979 22.3923 0.879617
0 46.4611 309.0031 20.2613 24.3153 0.481998
0 98.8800 54.8261 13.9760 15.5410 0.023334
0 608.1280 325.2952 13.5792 15.3452 0.016259
0 88.9649 128.6167 18.5910 41.4940 0.004197
0 270.7587 47.9426 16.1686 25.3436 0.003934
0 612.4941 138.3382 24.1172 32.8971 0.001828
0 314.6966 145.3492 11.3396 12.8673 0.001637
0 299.7727 509.0358 23.5094 5.9285 0.001164
0 39.7920 306.2920 16.9733 19.2368 0.000798
0 503.2289 152.7500 13.4604 15.2916 0.000704
0 1.5572 434.1248 3.1144 34.7330 0.000611
0 479.7557 507.2510 26.5825 9.4980 0.000607
0 2.9604 432.0552 5.9208 38.0181 0.000384
0 112.6907 121.1672 13.1027 19.8911 0.000332
0 3.2770 349.4203 6.5540 45.2870 0.000292
0 3.0841 366.5067 6.1681 36.5261 0.000279
0 491.6574 507.4838 39.3051 9.0325 0.000274
0 428.4496 501.4953 17.8054 18.0049 0.000251
0 447.0980 506.0605 26.5882 11.8790 0.000216
0 268.5822 3.1990 16.7005 5.9444 0.000211
0 326.1820 508.7547 23.4743 6.4906 0.000205
0 202.6787 275.2818 14.8445 24.6530 0.000197
0 89.1348 118.5279 15.7881 23.0250 0.000159
0 133.0041 347.6567 17.1531 11.3574 0.000158
0 314.1341 508.5757 24.1750 6.8485 0.000151
0 461.1901 507.7934 24.6276 8.4132 0.000142
0 3.3485 490.2125 6.6971 36.3497 0.000141
0 89.7941 509.0273 27.8203 5.9454 0.000135
0 2.0311 488.1286 4.0621 28.4149 0.000132
0 418.3792 507.5985 19.0474 8.8030 0.000124
0 290.4178 509.2292 31.4023 5.5416 0.000116
0 38.2262 307.7327 30.2496 21.4900 0.000116
0 362.0688 508.0414 26.1567 7.9172 0.000115
0 351.5959 508.0974 28.4230 7.8052 0.000114
0 454.5246 507.3847 24.0762 9.2305 0.000113
0 426.8294 502.1700 29.5977 19.0219 0.000111
0 440.6642 179.7592 17.0597 26.7719 0.000105
0 633.7083 497.6204 12.5835 28.7592 0.000103
0 104.3719 53.4605 24.9471 21.2409 0.000102
0 4.5255 503.5294 9.0511 16.9411 0.000094
0 264.2856 3.1203 20.3482 5.9980 0.000091
0 6.9349 429.5413 13.6120 37.3485 0.000089
0 187.8173 188.5457 13.3977 20.0746 0.000081
0 267.4475 15.4070 16.8126 21.6263 0.000081
0 504.3122 508.1125 33.2834 7.7748 0.000077
0 438.9373 29.8539 13.0475 17.0230 0.000075
0 602.4336 508.5045 29.2842 6.9909 0.000074
0 286.6898 395.0016 13.3483 15.8089 0.000074
0 2.4617 477.0462 4.9225 39.7040 0.000073
0 205.7012 103.9149 18.1944 14.7089 0.000072
0 122.0299 73.9083 15.4021 9.8184 0.000069
0 286.6543 391.2806 11.4624 10.0648 0.000068
0 556.7325 102.1059 22.3828 42.2547 0.000066
0 28.2642 59.7452 16.0254 17.2467 0.000062
0 3.0365 381.5677 6.0730 36.2291 0.000060
0 80.4311 508.2543 26.6120 7.4913 0.000058
0 121.2933 120.6953 25.3404 20.5753 0.000056
0 47.9041 284.0338 17.2519 25.9436 0.000056
0 133.0895 508.5842 24.9576 6.8315 0.000056
0 340.4533 508.5450 28.3665 6.9100 0.000055
0 146.9656 3.1353 17.1094 6.1816 0.000052
0 129.8958 379.6764 12.5345 22.2493 0.000052
0 1.6903 449.4107 3.3806 43.7264 0.000051
0 634.0296 480.3950 11.9408 60.8441 0.000045
0 97.8736 128.6100 32.2875 40.3729 0.000044
0 170.8361 381.4361 12.5146 14.0592 0.000043
0 7.1139 347.4614 14.2277 34.8556 0.000042
0 93.3935 122.9373 18.3196 30.8394 0.000041
0 561.2844 267.6053 12.8342 19.4417 0.000036
0 3.1508 446.0820 6.3015 38.8450 0.000036
0 278.5558 3.5451 22.3445 6.7599 0.000036
0 100.8640 508.7221 28.8702 6.5557 0.000036
0 191.4149 398.5149 18.1502 26.7488 0.000036
0 125.3249 508.4849 25.7475 7.0302 0.000036
0 36.1264 104.3556 28.3267 26.8562 0.000033
0 436.4243 505.2748 24.5801 13.2386 0.000033
0 424.6621 505.8213 28.6494 12.3574 0.000032
0 11.6566 508.1975 20.9623 7.6049 0.000032
0 141.3861 65.0588 21.2532 28.1450 0.000031
0 251.2690 3.8191 16.6360 7.5428 0.000030
0 276.7608 271.0029 9.1565 14.7856 0.000030
0 507.7489 176.4244 13.3065 15.6055 0.000028
0 88.1059 141.2108 16.0676 15.7805 0.000028
0 124.0587 3.2831 21.6427 6.5662 0.000028
0 608.1571 312.6667 24.1819 44.0008 0.000028
0 609.4609 311.4393 16.6805 32.4601 0.000027
0 143.6520 54.4356 17.1149 29.2242 0.000027
0 514.6857 507.2249 35.4709 9.5501 0.000025
