0 514.0227 339.5474 14.8252 14.6201 0.725008
0 8.1618 398.1303 16.3101 83.4880 0.004179
0 3.8789 385.2741 7.7577 63.3231 0.003198
0 4.0106 110.6217 8.0212 55.1746 0.002192
0 419.9187 500.2921 35.2922 23.3943 0.001912
0 508.4304 342.0034 25.4810 18.7553 0.000709
0 10.3742 115.6855 20.7315 71.7974 0.000547
0 3.4242 365.1638 6.8456 55.8677 0.000320
0 7.9980 108.4467 15.9961 45.7793 0.000316
0 7.7700 9.1467 15.4725 18.2828 0.000213
0 428.1659 506.1123 31.6395 11.7754 0.000184
0 432.1360 508.8149 28.5207 6.3701 0.000171
0 430.7776 502.6191 46.2441 18.4825 0.000131
0 566.7222 4.0708 22.1565 8.1416 0.000093
0 4.2322 501.3460 8.4643 21.3061 0.000083
0 407.3361 501.0003 41.5106 21.8668 0.000077
0 513.4610 332.6261 16.4016 26.3407 0.000062
0 549.6362 401.8488 10.7901 10.8345 0.000060
0 440.9531 506.6402 39.6305 10.7196 0.000052
0 5.1197 127.6921 10.2394 63.8374 0.000046
0 375.4545 502.4484 16.0116 19.0945 0.000045
0 572.7228 7.5728 20.6454 15.1455 0.000044
0 430.2346 499.6758 27.8779 24.4669 0.000044
0 15.5390 11.1413 30.3855 22.2631 0.000040
0 441.4084 498.6136 41.8208 26.5759 0.000031
0 521.2582 339.1620 28.6862 14.3855 0.000031
0 406.0853 505.9459 40.6158 12.1082 0.000028
0 490.9204 508.7101 23.7893 6.5798 0.000027
