0 476.4709 424.2273 26.5236 29.4551 0.856671
0 634.2120 11.7889 11.5761 23.5381 0.000162
0 510.7724 427.6389 17.3495 12.0759 0.000098
0 372.2356 509.7931 20.2991 4.4139 0.000096
0 469.7594 424.5101 14.2629 29.2380 0.000092
0 635.8862 20.7102 8.2276 41.4203 0.000065
0 483.1716 508.6281 23.3928 6.7438 0.000063
0 621.8253 181.8764 18.2446 13.9465 0.000045
0 102.0688 509.0296 19.1334 5.9409 0.000044
0 366.7985 509.2763 24.3167 5.3456 0.000043
0 628.1003 9.4076 23.7993 18.6153 0.000041
0 121.7946 34.1946 14.9300 17.5194 0.000039
0 482.3711 507.6930 12.7825 8.1053 0.000036
0 504.2038 426.4276 20.0302 19.7079 0.000033
0 13.0102 6.9950 22.7717 12.9482 0.000032
0 582.0479 504.7890 14.8865 14.0730 0.000027
