0 257.4893 57.5915 20.6181 34.8824 0.804271
0 281.5219 95.2520 24.2941 24.3240 0.715280
0 606.9464 365.5947 16.4442 15.3106 0.000791
0 629.3838 200.0083 21.1935 43.3702 0.000661
0 598.8592 507.7721 27.2302 8.4557 0.000361
0 459.6406 509.6360 31.0516 4.7279 0.000252
0 240.4362 509.3832 27.8748 5.1507 0.000202
0 71.3700 9.8632 33.1993 19.7263 0.000200
0 71.8086 4.8905 33.5978 9.7759 0.000135
0 158.6636 299.2296 8.7469 9.8438 0.000125
0 267.8246 66.1439 29.6228 47.4112 0.000102
0 66.0695 15.1789 35.4300 30.3560 0.000098
0 453.5001 508.5904 39.2076 6.8192 0.000095
0 3.2415 49.9914 6.4831 47.1099 0.000093
0 269.1487 67.3631 46.3187 66.9566 0.000072
0 364.3226 5.7316 13.5723 10.8999 0.000060
0 357.9085 5.4281 20.2877 10.7128 0.000059
0 275.4888 76.1088 28.1867 57.7893 0.000046
0 467.1115 507.9524 49.2889 8.0952 0.000044
0 590.5184 505.7215 43.3975 12.5570 0.000044
0 289.3281 95.4036 27.8217 24.7884 0.000041
0 5.6154 298.7370 11.2307 47.2816 0.000041
0 636.0143 185.0700 7.9715 57.0701 0.000039
0 77.0037 14.8116 32.5037 29.6232 0.000037
0 453.6464 4.2930 26.2505 8.5859 0.000034
0 243.5601 330.2728 12.5558 14.3103 0.000034
0 269.3233 56.6920 22.2772 35.4526 0.000034
0 2.6539 231.3856 5.2141 32.3049 0.000031
0 157.7493 12.7564 26.4129 25.2940 0.000025
