0 302.1800 340.5851 24.5035 21.2662 0.869125
0 213.9052 507.0004 16.5983 9.9991 0.031061
0 194.8527 475.8231 16.7113 15.8784 0.023401
0 142.7971 508.1775 20.8274 7.6450 0.019273
0 587.0702 10.8429 24.1179 21.6620 0.008330
0 425.8916 3.0619 19.4369 6.1127 0.002670
0 261.9781 14.6587 20.9962 27.8417 0.001618
0 2.2905 83.2303 4.5810 57.7084 0.001504
0 206.3518 507.3061 26.8705 9.3878 0.001335
0 176.2142 438.0618 16.2860 25.6512 0.001241
0 133.1074 507.4334 35.3920 9.1163 0.001212
0 4.7442 93.4863 9.4883 75.4144 0.001193
0 3.3262 76.1045 6.6415 41.8697 0.001082
0 139.4628 504.3597 27.0139 15.1686 0.001031
0 171.5918 509.0507 19.5127 5.8986 0.000958
0 4.6939 299.3419 9.3824 33.9198 0.000910
0 200.1305 508.2085 21.1222 7.4659 0.000855
0 350.7154 226.6178 10.2104 15.8882 0.000828
0 284.2682 508.5760 24.6767 6.8480 0.000801
0 3.4417 436.5621 6.8835 33.3085 0.000750
0 218.9485 508.1335 22.0747 7.7329 0.000748
0 308.3997 250.2020 11.4261 13.3215 0.000655
0 5.4427 189.4310 10.8827 36.0769 0.000622
0 4.7294 309.5340 9.4588 35.4818 0.000507
0 628.1365 11.5439 21.8198 23.0739 0.000493
0 304.4557 509.0254 22.4977 5.9493 0.000488
0 468.8956 377.8656 18.5745 25.6861 0.000487
0 174.3164 431.7280 17.4375 21.7045 0.000486
0 179.1146 441.2748 11.4338 18.0649 0.000453
0 1.4955 379.2452 2.9910 38.9341 0.000436
0 124.3326 508.0807 30.4921 7.3383 0.000431
0 5.7188 116.4664 11.4375 44.4406 0.000431
0 20.5927 495.3660 13.5139 11.6461 0.000418
0 21.5874 6.1894 34.7996 12.3676 0.000390
0 160.1156 508.6956 34.8452 6.6089 0.000379
0 293.3033 508.7444 26.1758 6.5111 0.000375
0 253.8433 6.6300 29.5805 13.0295 0.000355
0 636.5331 321.6416 6.9337 36.0637 0.000344
0 250.7937 11.5952 32.7960 22.6997 0.000338
0 151.2969 506.0540 31.9346 11.8089 0.000333
0 418.9633 3.3287 27.1772 6.6574 0.000317
0 191.5456 508.0928 24.4217 7.7671 0.000302
0 616.4495 12.7018 35.5651 25.4035 0.000301
0 636.9142 109.2282 6.1717 41.4998 0.000283
0 6.5762 199.8816 13.1522 43.4661 0.000282
0 8.3906 214.8217 16.6364 25.8283 0.000277
0 3.5969 484.1961 7.1938 33.5144 0.000242
0 302.3158 251.6591 19.2605 21.4961 0.000241
0 4.3363 9.2314 8.6725 18.3003 0.000239
0 3.1120 49.5922 6.2173 63.2129 0.000236
0 131.8059 499.6482 34.1756 23.5828 0.000234
0 2.7518 468.3554 5.5036 29.3150 0.000229
0 3.0258 456.1711 6.0517 31.5536 0.000221
0 288.7763 252.4063 17.2392 24.9041 0.000213
0 7.3544 7.3226 14.6837 14.3011 0.000209
0 270.5626 505.9315 25.2016 12.1370 0.000207
0 264.3032 504.3950 23.4859 15.2000 0.000205
0 242.6270 18.0609 39.1485 33.9328 0.000205
0 275.7559 508.7265 26.8946 6.5469 0.000197
0 2.6287 390.9594 5.2543 43.4104 0.000192
0 172.4755 444.1650 22.0584 15.1962 0.000191
0 439.4720 281.9709 17.3818 18.4265 0.000190
0 5.8894 181.1197 11.6996 22.0444 0.000182
0 238.8898 285.3188 20.8384 22.8209 0.000176
0 162.9448 355.9129 21.6456 14.9717 0.000175
0 3.8920 427.1293 7.7839 35.1714 0.000169
0 178.2067 509.0824 20.5532 5.8352 0.000163
0 3.5467 410.0973 7.0347 33.2440 0.000153
0 599.5660 9.4696 28.7776 18.9393 0.000152
0 136.9873 311.0219 11.9428 16.4281 0.000149
0 614.8065 21.5660 39.8615 43.1006 0.000144
0 297.4496 253.2712 26.0969 23.6122 0.000139
0 6.4967 186.5223 12.9933 18.2372 0.000137
0 545.0263 67.0502 38.3643 48.7050 0.000136
0 605.4015 309.1902 32.9470 23.6136 0.000135
0 109.8225 507.7054 27.1320 8.5890 0.000133
0 354.3637 235.4747 16.6971 28.7470 0.000132
0 258.5315 506.6160 27.8546 10.7681 0.000125
0 2.3779 479.4371 4.7558 35.2377 0.000124
0 617.3466 6.8967 33.6588 13.7759 0.000123
0 3.5979 23.7285 7.1959 46.6497 0.000117
0 354.4273 228.3753 15.7148 18.8023 0.000117
0 2.0343 301.4839 4.0685 36.4167 0.000116
0 4.8289 492.5479 9.6578 26.7418 0.000113
0 315.0089 508.4973 25.3775 7.0054 0.000108
0 243.4819 279.5731 28.0701 30.4491 0.000108
0 262.2055 4.7890 25.4948 9.4445 0.000108
0 393.4301 187.9337 17.3428 23.0321 0.000108
0 164.5643 508.8094 18.6484 6.3812 0.000103
0 635.2109 500.7939 9.5782 22.4123 0.000102
0 167.1111 222.1870 20.3915 21.3539 0.000098
0 117.1172 504.4375 22.2905 14.1275 0.000096
0 3.5077 324.8331 7.0154 49.0684 0.000092
0 143.2393 499.0959 22.0301 24.9905 0.000092
0 244.2922 7.2118 33.9224 14.4237 0.000088
0 381.1239 508.0415 24.5819 7.9170 0.000087
0 636.9810 334.4255 6.0378 40.4121 0.000086
0 389.2747 219.7854 12.0164 17.6361 0.000083
0 247.9881 19.0975 23.9083 25.7000 0.000082
0 3.0654 13.3791 6.1308 26.7581 0.000076
0 2.9493 362.2494 5.8462 49.2717 0.000076
0 366.0151 212.4552 20.4482 23.1396 0.000075
0 353.6480 249.7419 15.5235 11.7258 0.000074
0 219.0724 32.7533 26.2047 12.6749 0.000072
0 281.3328 251.0826 22.0005 31.0509 0.000069
0 232.4914 286.8460 19.3304 20.0192 0.000069
0 229.8366 297.0575 24.1975 38.1749 0.000068
0 2.8370 446.4897 5.6740 34.1810 0.000067
0 226.5894 33.0918 13.0609 12.2197 0.000067
0 351.1412 4.5414 22.2747 9.0829 0.000066
0 185.9368 508.8977 27.4510 6.2046 0.000064
0 634.6810 19.6018 10.6379 39.0768 0.000063
0 269.9524 508.2668 21.3226 7.4665 0.000063
0 120.2488 499.8594 21.5795 20.7762 0.000062
0 434.2745 4.1212 30.2037 8.2424 0.000061
0 226.1902 508.5753 21.3239 6.8494 0.000061
0 2.7198 419.2472 5.4396 41.4552 0.000060
0 236.2739 291.2941 17.5718 27.2578 0.000057
0 5.1819 130.2505 10.3637 44.9562 0.000057
0 233.7120 508.0113 23.5726 7.9774 0.000057
0 153.7872 501.9222 36.1331 19.7380 0.000055
0 115.7647 497.6244 14.5914 16.1852 0.000053
0 178.2889 445.9762 12.5851 10.8431 0.000052
0 395.4525 248.4060 12.5740 15.0505 0.000052
0 444.1038 279.6839 15.0836 16.3591 0.000051
0 636.4909 135.2040 7.0182 47.7502 0.000051
0 254.4261 15.2292 22.6500 26.7683 0.000049
0 242.6057 291.2340 28.9230 36.4495 0.000048
0 3.5415 121.4538 7.0830 39.1650 0.000047
0 325.3857 508.2403 29.6449 7.5193 0.000046
0 6.6309 172.8373 13.2618 43.3064 0.000046
0 7.1364 434.0490 13.8564 33.2644 0.000046
0 2.6171 491.8064 5.2341 40.3872 0.000046
0 248.3127 507.2783 23.1167 9.4434 0.000044
0 29.5844 5.1368 27.6859 10.2182 0.000043
0 453.4452 145.4364 17.8727 18.1060 0.000042
0 2.7902 195.8380 5.5803 43.5630 0.000041
0 1.7132 366.5906 3.4263 40.0184 0.000041
0 148.5334 6.7189 24.6704 13.3174 0.000041
0 4.1742 501.6340 8.3484 20.7320 0.000040
0 344.3065 208.4222 12.4250 18.6764 0.000039
0 225.3577 304.1741 16.0892 31.2719 0.000039
0 608.6149 5.1073 31.2842 10.1366 0.000038
0 241.4283 21.4893 21.1894 25.2799 0.000038
0 430.3237 281.8287 17.9200 16.8803 0.000037
0 257.3598 273.7780 9.6372 23.0663 0.000036
0 282.7569 504.5308 29.0219 14.9384 0.000036
0 147.1160 457.7374 14.1946 12.4487 0.000036
0 183.6776 490.5879 11.6825 15.2211 0.000036
0 426.7525 236.5074 15.9543 21.7166 0.000035
0 358.6001 229.6030 11.8588 19.2002 0.000033
0 321.6427 224.5618 17.5779 22.0101 0.000033
0 311.6779 249.9289 14.7803 16.7764 0.000033
0 1.9935 318.8664 3.9870 59.6302 0.000032
0 367.5182 506.9409 31.4242 10.1182 0.000031
0 538.8210 4.0400 31.2756 8.0799 0.000031
0 78.9178 508.8913 29.0498 6.2174 0.000031
0 253.8422 509.2959 23.3329 5.4083 0.000031
0 282.4230 13.2426 29.0247 26.1308 0.000030
0 510.9331 284.2420 22.3489 47.9382 0.000030
0 161.8629 504.5445 31.8521 14.9109 0.000030
0 336.5033 56.7193 24.9763 28.0300 0.000029
0 173.1077 263.2651 27.4380 41.6036 0.000029
0 138.3358 274.6873 14.6424 24.5139 0.000029
0 348.8861 394.4399 15.9106 18.0382 0.000028
0 384.2294 219.1122 17.3364 21.0888 0.000027
0 614.1007 313.0273 51.2686 36.4600 0.000027
0 197.3222 503.6485 16.7459 14.4333 0.000027
0 284.2354 259.9898 16.3726 15.6797 0.000027
0 42.5046 5.0693 41.8789 10.1385 0.000026
0 636.6993 446.1172 6.6014 30.1938 0.000025
0 431.7903 235.9074 13.7129 20.9716 0.000025
