0 448.0332 329.0795 29.9957 104.8990 0.901722
0 262.9772 297.8675 21.4852 39.4110 0.879870
0 179.6557 362.5040 42.1406 191.2862 0.872421
0 5.4068 275.1472 10.8134 108.1721 0.004396
0 635.7517 253.4325 8.4957 86.0539 0.003299
0 105.1684 300.6775 23.7004 54.9992 0.002483
0 636.2321 231.5882 7.5359 50.2396 0.001438
0 335.1288 291.8610 24.6540 58.3438 0.000813
0 631.3386 258.8157 17.2412 99.2688 0.000727
0 296.4387 5.7235 29.6662 11.4349 0.000698
0 622.2247 246.8064 35.0184 72.1424 0.000570
0 632.1985 233.4267 15.5713 57.4745 0.000570
0 3.1225 265.8556 6.2450 119.4890 0.000532
0 3.0431 307.5509 6.0861 141.9303 0.000503
0 158.5336 361.3117 73.1648 190.9108 0.000502
0 406.7779 11.5789 36.7260 23.1448 0.000280
0 635.0852 448.4682 9.8295 124.6767 0.000158
0 7.7021 287.9578 15.3999 130.2893 0.000122
0 274.8369 8.0905 53.0591 16.1810 0.000113
0 205.6956 365.1466 52.5544 191.4836 0.000088
0 635.6771 206.4776 8.6457 94.1089 0.000078
0 637.2192 282.4245 5.5617 119.2317 0.000065
0 627.4402 418.0600 22.9062 48.5514 0.000061
0 11.7168 236.5205 23.4336 115.3683 0.000051
0 275.8368 15.9701 57.6953 31.9402 0.000050
0 626.7408 236.1511 26.5183 57.0899 0.000045
0 284.3930 5.8256 49.5139 11.6511 0.000044
0 314.3985 5.5745 53.0825 11.1490 0.000040
0 630.2946 428.6993 19.4109 74.6692 0.000039
0 416.1737 13.5227 28.3967 27.0454 0.000039
0 305.6409 8.3153 48.1452 16.6307 0.000038
0 632.1309 214.5770 15.6448 63.2422 0.000034
0 455.0174 338.3422 15.4967 86.6271 0.000033
0 634.1175 169.9253 11.7650 142.9029 0.000032
0 440.0081 342.2740 14.3538 74.3453 0.000032
0 629.9619 444.2310 19.8647 135.5379 0.000031
0 1.8575 287.6703 3.7150 69.6521 0.000031
0 170.6487 277.5885 15.5530 23.6294 0.000027
0 637.6636 212.6528 4.6729 68.8072 0.000026
0 634.6860 148.3338 10.5498 78.7421 0.000026
0 15.7492 275.6082 28.8418 104.7373 0.000026
0 2.1869 340.8512 4.3738 94.0903 0.000025
