0 352.4190 216.9491 27.0541 29.0577 0.887443
0 147.1448 218.5022 29.7225 44.5330 0.872792
0 295.7722 175.7710 18.6458 26.9418 0.826171
0 164.3205 487.6936 40.3450 27.3741 0.010417
0 162.1618 458.9211 46.0271 80.8884 0.003513
0 287.7728 176.4569 31.2579 27.5654 0.000791
0 134.7137 2.1521 21.7388 4.2630 0.000229
0 192.5078 141.6049 28.1417 34.0099 0.000101
0 142.4715 2.6652 29.8441 5.2860 0.000087
0 11.4155 433.5363 22.8309 107.3276 0.000069
0 637.4747 47.5391 5.0507 47.7549 0.000035
0 4.8728 26.0203 9.7456 49.4447 0.000029
0 295.7657 164.0387 18.9673 49.6478 0.000027
