0 356.1793 246.9818 24.3866 27.5503 0.874517
0 303.0340 208.4856 18.4944 24.3932 0.861868
0 204.4523 163.5865 23.3282 19.9840 0.088163
0 214.9994 377.4612 14.3274 13.8922 0.017133
0 216.6825 384.0746 17.1129 27.2690 0.003857
0 261.0785 284.2899 14.9412 37.8870 0.002673
0 220.5749 378.0820 24.3174 17.5139 0.002094
0 218.0796 371.7444 21.2557 24.4276 0.001310
0 517.2732 500.0818 47.8730 23.7559 0.000768
0 176.2875 501.0860 52.5991 21.8047 0.000343
0 485.5369 389.0819 24.8552 42.1525 0.000268
0 224.6884 386.0519 28.7633 33.4710 0.000210
0 210.2672 384.1399 21.0551 25.0756 0.000105
0 161.0653 506.5780 73.4783 10.6509 0.000087
0 3.7433 221.3934 7.4865 31.1758 0.000062
0 363.3296 274.6181 11.6602 14.9017 0.000058
0 484.9590 378.8854 22.5402 20.6616 0.000055
0 522.0648 493.8933 60.2188 36.2133 0.000054
0 256.3431 267.7294 16.1684 47.3095 0.000038
