0 181.2687 188.8572 27.2709 18.3575 0.842758
0 323.5308 243.6549 20.8797 21.7639 0.813877
0 371.2852 389.9539 19.3079 21.1231 0.805787
0 106.8940 4.6292 29.1821 9.2263 0.010145
0 434.0048 214.7839 11.8754 13.0877 0.003297
0 119.9553 5.0442 46.3707 10.0884 0.000949
0 181.4588 174.8640 27.6138 46.7906 0.000668
0 104.5095 7.3795 33.0703 14.7590 0.000638
0 105.4968 12.6081 27.9757 24.8037 0.000293
0 363.1537 380.9424 21.8104 27.5424 0.000172
0 286.3917 132.6973 15.6711 19.2680 0.000157
0 427.9236 214.2484 23.5923 14.9054 0.000137
0 169.9750 505.6207 26.9472 12.7586 0.000117
0 307.2417 309.7806 13.1102 9.4718 0.000066
0 6.8215 494.7556 13.6430 34.4888 0.000063
0 438.0050 213.8778 15.8977 16.3726 0.000051
0 231.1160 252.1593 26.1886 14.6549 0.000039
0 95.2439 4.3992 41.8770 8.7984 0.000038
0 181.9417 155.5450 29.7247 88.1655 0.000036
0 610.4011 506.6334 24.7972 10.7332 0.000033
0 162.8113 4.4767 22.6900 8.9534 0.000029
0 356.6968 383.5899 26.9520 26.3368 0.000028
0 118.8848 10.1526 49.7898 20.3052 0.000027
0 360.6233 372.5953 18.2954 28.1322 0.000027
