0 298.5303 252.3324 15.3916 16.5082 0.823457
0 253.4110 285.5359 12.1651 16.8412 0.756459
0 296.2593 298.4197 13.7682 17.8909 0.638268
0 331.4073 278.1426 11.3674 19.1661 0.153079
0 333.5194 269.6174 15.7312 35.3069 0.023223
0 634.8496 127.7275 10.3008 40.9108 0.020726
0 574.7178 20.2767 40.0174 40.5516 0.005405
0 70.9493 2.6587 25.4420 5.2948 0.001551
0 1.7135 401.4423 3.4271 40.5783 0.000707
0 300.6249 298.8825 20.8811 21.4634 0.000637
0 634.6874 110.4318 10.6253 56.4913 0.000608
0 633.5250 138.9822 12.7614 50.9474 0.000551
0 637.5815 468.9895 4.8369 33.4555 0.000536
0 565.0977 18.9793 20.4415 37.9406 0.000328
0 320.5800 264.5394 27.3331 38.4572 0.000304
0 636.7272 307.6818 6.5457 37.7189 0.000245
0 58.7069 3.4365 42.6638 6.8725 0.000190
0 345.8807 4.0253 24.8622 8.0506 0.000160
0 3.9968 400.8638 7.9180 40.9961 0.000157
0 637.1522 484.4243 5.6957 52.1465 0.000153
0 262.2152 198.9700 13.8920 15.2274 0.000146
0 306.6291 254.4501 28.4348 21.2493 0.000143
0 637.4709 447.7864 5.0582 74.0042 0.000129
0 329.6536 273.8834 14.3070 26.4077 0.000111
0 140.6455 2.7868 20.9136 5.5701 0.000106
0 297.7831 244.5290 16.3791 31.4666 0.000105
0 226.0177 187.3260 11.0391 12.7603 0.000103
0 291.5950 300.1951 20.0063 20.4198 0.000097
0 292.2922 254.3362 22.6277 19.7775 0.000090
0 80.5903 3.5443 33.8716 6.9926 0.000082
0 307.9510 295.9966 23.1406 21.4534 0.000081
0 7.0331 403.3650 14.0524 37.8571 0.000074
0 252.7939 278.9524 12.6307 29.8165 0.000063
0 239.6914 182.6432 17.5424 13.0378 0.000062
0 341.3214 265.4036 22.2145 28.9719 0.000059
0 631.1779 125.2765 17.0020 33.5245 0.000058
0 295.4456 292.9826 11.6412 21.7149 0.000057
0 243.6831 183.6180 10.3858 9.5886 0.000052
0 327.3856 266.5446 18.0922 39.4238 0.000051
0 247.4238 182.4819 21.4960 11.1276 0.000049
0 431.0467 102.9539 10.5381 13.2086 0.000049
0 633.7803 6.4431 12.4394 12.8862 0.000048
0 637.3620 116.8201 5.2760 43.5180 0.000045
0 165.6854 160.2158 19.0510 13.5298 0.000043
0 634.7517 52.2002 10.4966 59.0266 0.000041
0 529.9679 13.1253 19.0764 26.1839 0.000038
0 302.2782 288.5624 22.0404 27.0824 0.000037
0 630.4857 4.5269 18.8137 8.9824 0.000032
0 417.3457 509.0241 20.8104 5.9517 0.000032
0 635.0086 75.6887 9.9828 60.0763 0.000030
0 73.5121 4.6130 34.6302 9.2260 0.000030
0 73.2648 8.6410 32.9282 17.2819 0.000028
0 259.4321 285.8259 22.8323 17.5759 0.000026
0 133.8835 3.4789 30.1192 6.9579 0.000026
