0 283.7964 168.2450 17.4120 28.8999 0.827903
0 227.3929 193.4976 13.7968 17.6911 0.738531
0 290.1134 237.2435 10.7940 14.4471 0.069339
0 71.0004 198.6281 11.7251 14.1234 0.025373
0 6.9596 469.0799 13.9192 46.7311 0.004703
0 7.3421 487.3146 14.6842 49.3561 0.003795
0 229.8288 200.3634 18.7812 31.5291 0.002279
0 234.5953 206.6027 27.9997 44.2938 0.002161
0 376.2277 17.6685 19.6513 35.3344 0.002047
0 294.2263 234.8430 18.6024 18.9885 0.001341
0 635.6697 30.5227 8.6609 51.7925 0.001322
0 316.1603 149.0873 19.5907 26.0696 0.001258
0 7.0087 478.6126 14.0088 24.4197 0.001163
0 636.0854 62.1472 7.8254 55.6472 0.001112
0 288.8230 233.2225 12.1442 22.8336 0.000839
0 149.0537 3.5659 24.7874 7.1248 0.000747
0 368.2643 19.0057 21.1529 38.0114 0.000680
0 77.2865 199.3209 24.6250 14.3249 0.000577
0 635.8827 47.9872 8.1873 24.5501 0.000534
0 287.4549 229.6945 19.2886 28.3838 0.000509
0 634.0380 17.2474 11.9164 34.4949 0.000263
0 242.2327 3.6043 19.9131 7.2085 0.000206
0 284.4082 236.0915 22.4022 16.1366 0.000158
0 312.8028 3.9438 15.2910 7.7191 0.000139
0 13.6387 4.0329 26.7370 8.0521 0.000123
0 33.1516 2.6435 28.0071 5.2382 0.000117
0 19.3550 2.9756 33.2636 5.9512 0.000114
0 306.3689 5.1007 22.7562 9.3238 0.000098
0 6.5363 450.5607 12.7634 69.4773 0.000095
0 573.9700 3.2146 21.1431 6.4173 0.000081
0 319.9554 3.7561 19.5605 7.5122 0.000077
0 331.4447 144.6585 48.9212 89.5299 0.000074
0 457.9899 214.2333 24.9645 40.9512 0.000060
0 636.4492 77.1019 7.1016 51.3592 0.000060
0 160.9151 3.9343 31.1567 7.8685 0.000056
0 247.5613 107.1968 8.8448 16.4303 0.000053
0 8.7971 6.3280 17.5941 12.6424 0.000052
0 228.9929 8.2018 35.2740 16.4035 0.000050
0 481.1938 30.8389 14.2698 40.2022 0.000049
0 247.1767 6.4216 27.6917 12.8432 0.000039
0 373.2180 15.3272 10.1315 30.6543 0.000038
0 629.6700 4.8842 19.3220 9.7683 0.000036
0 66.6473 198.2838 16.8789 14.4129 0.000035
0 220.8284 192.1543 23.1913 18.7304 0.000035
0 222.7409 90.6112 9.6674 13.1850 0.000032
0 130.3361 506.4503 23.1517 11.0994 0.000032
0 234.2359 193.9662 26.2177 19.0705 0.000032
0 628.8853 28.3707 22.2294 54.1290 0.000031
0 627.8496 7.3821 23.8425 14.5480 0.000030
0 566.2119 3.3972 21.5785 6.7944 0.000029
0 469.2131 5.4292 19.4667 10.8584 0.000029
0 582.7618 37.5855 25.4563 15.3570 0.000027
