0 225.5708 410.1891 24.9876 37.8701 0.860119
0 271.2860 348.5007 11.9125 26.4822 0.747166
0 298.5937 307.3141 13.8930 18.3265 0.527174
0 302.5694 311.5370 16.0145 17.8373 0.054029
0 221.9151 340.9406 12.4509 32.5341 0.006925
0 297.3042 301.7277 13.8265 24.6421 0.005019
0 218.6443 334.9400 19.4919 44.8469 0.003715
0 534.1720 109.4621 17.0459 12.9116 0.001939
0 258.2811 316.7438 9.5725 10.7437 0.001549
0 276.4607 350.1355 19.2638 29.3620 0.001469
0 394.4216 53.4329 17.7516 20.7218 0.000551
0 266.3690 349.8696 16.0525 28.7496 0.000518
0 531.0179 105.6834 23.9051 19.2527 0.000506
0 259.2399 312.3978 9.9108 14.9061 0.000332
0 223.8050 347.1281 9.8317 21.8724 0.000320
0 219.2183 319.0026 17.9218 29.4045 0.000292
0 221.7279 328.0473 11.8928 20.0647 0.000230
0 298.3985 315.2466 14.4938 26.3429 0.000210
0 223.7461 323.6140 11.0127 19.3266 0.000176
0 294.4830 310.8737 14.6257 23.6299 0.000143
0 228.5529 347.9678 17.5033 22.1424 0.000129
0 293.0488 303.7774 10.5137 18.8079 0.000107
0 636.6529 302.4300 6.6941 33.8517 0.000107
0 210.5434 321.4212 12.8836 15.6156 0.000104
0 306.6331 305.6354 24.0010 25.0754 0.000101
0 291.2474 307.6597 15.4602 19.5986 0.000097
0 599.1665 5.6875 38.8892 11.3750 0.000089
0 207.2809 322.8559 10.0898 12.7527 0.000084
0 313.2170 508.5797 25.5524 6.8406 0.000074
0 213.1727 316.9176 16.4109 24.1124 0.000067
0 259.1810 321.7340 11.4363 20.2046 0.000067
0 215.7524 333.7721 17.4443 23.8221 0.000061
0 587.0251 4.1227 44.6555 8.2454 0.000060
0 218.7665 309.6441 10.4473 10.3023 0.000048
0 636.5085 287.4444 6.9829 35.1587 0.000046
0 219.4786 408.2903 13.5829 35.2712 0.000044
0 629.9840 313.6056 20.0320 46.5443 0.000042
0 636.0791 319.5300 7.8418 62.2773 0.000040
0 219.0379 316.0316 11.9991 22.9753 0.000036
0 284.2475 345.6729 14.9990 25.4321 0.000035
0 629.4593 302.2680 20.3195 23.9597 0.000029
0 274.3978 342.2717 12.0063 21.5332 0.000029
0 194.0258 345.8381 6.5651 14.1191 0.000029
0 325.1067 247.9253 11.0878 15.1567 0.000027
0 223.1817 356.2821 10.9214 37.4011 0.000027
0 525.7126 3.8319 16.3475 7.6638 0.000026
