0 358.2017 296.5829 44.5667 89.0068 0.898812
0 315.3332 288.2174 35.1727 59.1802 0.894594
0 179.2677 299.4693 13.5463 12.9907 0.000380
0 537.6192 5.0261 40.6192 10.0356 0.000298
0 529.4771 2.5692 26.7877 5.0749 0.000280
0 524.8309 4.6174 34.0146 9.2348 0.000120
0 540.0200 9.1133 51.1193 18.2265 0.000086
0 179.0673 311.3930 14.5525 54.3630 0.000069
0 161.5847 5.1327 32.7331 10.2654 0.000064
0 413.2943 12.0726 47.9024 24.1031 0.000060
0 637.6260 319.6008 4.7479 58.3994 0.000059
0 524.0089 10.4243 37.3975 20.8486 0.000046
0 400.8751 12.2271 24.0178 24.4542 0.000037
0 2.9602 304.5475 5.9204 57.4352 0.000034
