0 312.6484 292.3607 40.9207 69.2118 0.891866
0 541.4200 330.0883 25.7425 83.1804 0.881860
0 355.8560 263.9934 35.9189 124.7079 0.880893
0 405.1093 313.2388 9.4898 13.7405 0.003764
0 536.4431 305.9429 14.9474 35.2065 0.000637
0 114.4440 306.2458 18.2830 38.2153 0.000551
0 144.5506 303.3553 7.6651 10.7131 0.000502
0 410.9694 313.4247 20.1698 13.1893 0.000287
0 362.3759 317.7524 11.4102 17.7227 0.000249
0 116.3421 303.2599 21.8293 21.4652 0.000234
0 11.2200 6.6071 22.1280 13.1841 0.000111
0 396.7786 314.8734 26.3749 17.8055 0.000106
0 143.3580 301.0343 7.5913 15.5978 0.000086
0 301.5267 289.0997 20.3668 63.0293 0.000078
0 125.9150 303.5948 40.7630 20.2814 0.000056
0 637.2286 340.2021 5.5427 95.9286 0.000049
0 4.6040 132.9166 9.2080 54.4380 0.000048
0 362.9519 302.0832 12.5413 48.5382 0.000041
0 535.5074 298.5813 11.3928 21.8761 0.000040
0 362.2405 276.3671 14.3232 100.3931 0.000036
0 144.7184 297.2385 8.2701 21.7180 0.000032
0 347.0946 251.1161 27.1994 95.8943 0.000028
0 547.8572 363.3744 14.2068 19.7716 0.000025
