0 300.0543 353.9297 19.7939 19.6599 0.823101
0 140.3852 508.7901 23.6703 6.4198 0.012336
0 210.9980 507.6240 20.0878 8.7520 0.009739
0 629.5675 12.7295 20.8649 25.4589 0.004691
0 202.7333 507.7869 27.2710 8.3966 0.003932
0 5.0382 193.2466 10.0765 34.3139 0.002978
0 291.5360 255.5810 25.4337 24.5100 0.001762
0 586.3233 12.9682 23.8989 24.9378 0.001677
0 257.5037 18.1622 17.3007 28.0610 0.001516
0 259.1772 505.8141 27.3325 12.3300 0.001444
0 170.3444 447.4657 24.6866 16.0754 0.001310
0 177.7164 448.4486 10.4555 12.2184 0.001081
0 171.0352 439.7099 22.4164 29.4812 0.000993
0 168.1237 508.8438 18.4434 6.3124 0.000898
0 193.7301 508.1544 25.6421 7.6588 0.000869
0 306.1604 251.4968 12.2153 11.5485 0.000800
0 304.9807 255.0844 14.2203 17.2198 0.000790
0 251.9486 6.0490 27.4927 11.7796 0.000658
0 150.4690 507.9492 28.1249 8.1014 0.000596
0 258.3965 10.5435 19.0866 16.3863 0.000587
0 392.8651 250.9791 14.5302 16.1513 0.000580
0 218.5553 507.9873 26.4881 8.0253 0.000557
0 192.7173 479.0383 15.7717 14.8707 0.000550
0 3.1648 433.0486 6.3295 37.9518 0.000524
0 250.5624 10.8892 27.4352 19.8421 0.000521
0 425.6679 4.4437 21.2840 8.7632 0.000510
0 4.1074 119.2873 8.2149 45.3458 0.000504
0 3.0270 446.2572 6.0541 33.7715 0.000498
0 139.7795 504.4988 26.2123 15.0024 0.000496
0 297.8742 257.1545 24.3313 22.3992 0.000493
0 114.8282 500.9884 20.8463 18.9868 0.000486
0 367.5641 218.5262 14.0686 22.2292 0.000425
0 242.0510 285.2671 29.5453 28.3206 0.000406
0 273.5570 508.0108 35.0809 7.9785 0.000392
0 172.0719 509.4381 19.1864 5.1239 0.000376
0 473.1989 306.7153 11.4499 14.1032 0.000356
0 636.1024 328.1838 7.7952 31.3376 0.000346
0 284.8034 508.6124 25.8191 6.7753 0.000337
0 3.6266 12.3469 7.2531 24.4668 0.000310
0 6.8706 208.7517 13.7409 43.2477 0.000294
0 4.9225 182.7309 9.8449 38.0929 0.000280
0 122.6324 505.7179 30.1893 12.5643 0.000280
0 134.8123 507.7708 36.0734 8.4584 0.000268
0 7.4869 219.8539 14.8006 21.0959 0.000268
0 622.7526 9.6050 27.6583 19.2099 0.000262
0 3.6036 299.8247 7.2073 40.8839 0.000262
0 109.4592 505.9474 25.2119 12.0450 0.000261
0 292.7581 508.9459 20.4710 6.1081 0.000256
0 170.4968 432.5189 19.7253 15.4133 0.000251
0 393.6591 255.7009 15.0014 15.2781 0.000242
0 3.2740 24.6532 6.5479 48.3633 0.000241
0 300.1348 252.1331 20.8292 16.1328 0.000237
0 121.6526 508.2653 29.7928 7.3987 0.000232
0 467.0692 381.2373 18.2704 22.2334 0.000227
0 280.2974 255.3220 19.1461 25.6762 0.000227
0 309.1349 508.4444 19.9950 7.1111 0.000222
0 298.1660 508.5930 20.9284 6.8138 0.000215
0 236.1372 287.1207 19.0602 22.6389 0.000210
0 3.8548 135.1668 7.7096 50.3925 0.000198
0 247.0173 507.6313 28.9112 8.7373 0.000184
0 262.2471 15.0053 21.2529 24.5090 0.000179
0 134.8535 311.8921 11.2392 18.6993 0.000172
0 396.0980 193.4103 15.9305 21.7637 0.000166
0 5.9230 8.9643 11.8260 17.9285 0.000161
0 15.8757 6.5262 29.9823 12.9532 0.000158
0 2.9917 417.2449 5.9542 37.5469 0.000153
0 395.8350 260.6503 15.9554 21.3698 0.000150
0 106.0307 508.2566 25.0769 7.4868 0.000145
0 141.3840 462.9172 9.1045 9.9438 0.000142
0 154.1292 278.2982 25.5355 22.6022 0.000141
0 287.6723 509.7194 19.9285 4.5612 0.000140
0 179.4351 508.9458 20.9210 6.1083 0.000140
0 636.7306 339.6108 6.5390 41.6483 0.000135
0 3.0444 485.4805 6.0888 28.0313 0.000134
0 428.3182 283.1872 16.7667 14.9375 0.000132
0 86.4076 2.4222 26.2988 4.8374 0.000131
0 2.7349 463.1413 5.4698 26.5684 0.000129
0 97.1909 244.2824 13.4582 8.3614 0.000121
0 19.0359 496.6769 14.2806 12.4161 0.000117
0 4.1619 6.2861 8.3238 12.5721 0.000117
0 351.4361 249.1413 18.4689 18.1351 0.000116
0 361.1431 219.4782 17.2868 25.2355 0.000115
0 4.4950 492.2418 8.9253 24.0529 0.000114
0 282.1867 263.2378 15.6473 15.0549 0.000112
0 435.5963 284.3528 13.9828 16.0557 0.000104
0 389.5907 193.3054 14.4094 22.5671 0.000102
0 605.7321 7.3335 24.1522 14.6669 0.000098
0 286.3144 257.7558 18.0426 21.8414 0.000097
0 162.1446 359.0164 22.2064 13.9531 0.000094
0 619.5457 5.0333 27.3021 10.0605 0.000093
0 271.1199 13.8960 37.5207 27.3940 0.000092
0 267.5759 505.1390 34.7417 13.7220 0.000092
0 474.2393 311.2706 13.3827 23.2440 0.000091
0 602.6320 313.5127 30.0798 20.4302 0.000088
0 637.3089 110.6234 5.3822 40.2057 0.000086
0 243.1791 13.6805 35.7288 26.4149 0.000083
0 2.7855 406.9420 5.5710 30.3982 0.000078
0 243.4176 4.5183 31.4250 8.9912 0.000078
0 634.6179 20.6674 10.7643 40.9005 0.000074
0 382.4569 199.0795 15.8419 20.5856 0.000074
0 385.6362 224.6071 12.9722 20.6109 0.000073
0 353.5590 232.0469 13.7643 21.5027 0.000073
0 162.7580 448.2106 12.0555 15.8175 0.000072
0 3.8920 311.7692 7.7840 33.6154 0.000072
0 417.9151 4.3323 22.5815 8.6646 0.000070
0 429.4586 416.7203 15.5907 33.2108 0.000069
0 292.2792 19.8267 21.6205 18.4310 0.000068
0 156.9550 509.0897 29.3387 5.8206 0.000067
0 292.9503 262.8212 27.1361 18.9182 0.000067
0 177.7998 439.7403 13.9506 28.1012 0.000067
0 131.8703 502.4695 41.6646 18.8780 0.000065
0 636.0553 314.9914 7.8893 40.2129 0.000065
0 393.4096 508.4953 22.8307 7.0093 0.000064
0 316.9941 508.1294 22.1994 7.7413 0.000063
0 147.4409 8.8588 27.2205 17.7176 0.000062
0 481.7003 72.5568 22.6273 50.0410 0.000059
0 472.2270 8.6302 19.9761 17.2604 0.000058
0 504.3198 309.3985 20.8301 18.0599 0.000056
0 380.0675 507.9996 25.9883 8.0009 0.000055
0 9.8858 3.6065 19.7715 7.2129 0.000055
0 506.4746 506.9904 14.0174 10.0192 0.000054
0 365.9167 224.5288 15.2243 28.5796 0.000053
0 251.3091 508.6311 23.7070 6.7377 0.000053
0 7.7796 181.7620 15.4333 47.4045 0.000052
0 5.2577 503.8725 10.5154 16.2549 0.000051
0 320.2530 230.2054 18.1161 22.3224 0.000050
0 617.3309 27.3295 40.6908 54.6134 0.000050
0 310.2501 255.2658 17.0406 18.7594 0.000049
0 2.7040 474.4461 5.4079 30.2556 0.000049
0 27.9701 5.9264 25.7152 11.8528 0.000048
0 351.8886 241.2021 16.7709 21.8440 0.000046
0 533.8066 10.7409 26.4829 21.4817 0.000046
0 348.3237 229.3588 11.7170 14.8359 0.000044
0 223.3956 35.1097 15.6222 11.9944 0.000044
0 246.8684 20.7120 24.8090 24.3250 0.000044
0 1.4584 384.1271 2.9167 41.0562 0.000044
0 544.5168 67.8684 35.1138 47.7757 0.000043
0 397.8156 265.4134 16.2559 14.7359 0.000043
0 477.1664 299.9046 19.7551 26.8106 0.000042
0 77.5489 509.4298 29.9292 5.1404 0.000042
0 3.7273 506.2492 7.4545 11.5016 0.000042
0 9.8566 9.9886 19.6996 19.9772 0.000041
0 421.9784 280.3899 15.3365 18.7545 0.000039
0 340.2719 215.0445 14.1509 17.7633 0.000039
0 54.7059 245.4044 15.2420 17.1852 0.000039
0 478.9801 306.3072 22.8207 15.7197 0.000039
0 308.1421 503.9640 19.4159 16.0720 0.000037
0 323.9579 508.6484 25.7147 6.7031 0.000037
0 427.0006 274.2628 16.1078 24.8738 0.000036
0 2.2545 294.5590 4.5090 44.3917 0.000036
0 192.7697 503.3429 22.7025 15.2452 0.000036
0 336.9038 217.1661 16.7787 20.6012 0.000036
0 636.4936 138.6640 7.0128 46.0149 0.000035
0 442.3125 284.3153 15.2169 15.8510 0.000035
0 306.3675 4.6925 17.2619 9.3849 0.000034
0 606.8313 17.1904 32.4377 34.3808 0.000033
0 266.1000 7.2414 30.4313 14.4828 0.000032
0 5.2268 157.6969 10.4536 72.0326 0.000031
0 389.3149 249.1996 19.9296 26.0807 0.000031
0 141.4705 267.0851 27.6348 41.5375 0.000030
0 367.7281 507.0230 27.0786 9.9539 0.000030
0 107.6490 501.1551 23.6039 20.4864 0.000030
0 345.5859 212.0015 12.9431 23.7279 0.000029
0 436.2878 415.0108 13.4359 31.9100 0.000029
0 388.7429 452.0208 15.8538 11.5032 0.000029
0 151.6621 500.3338 38.7277 23.3324 0.000028
0 398.4507 266.0233 15.7307 27.5595 0.000028
0 347.0612 4.8304 16.2868 9.6608 0.000028
0 636.2488 118.8822 7.5024 48.7848 0.000028
0 94.5008 507.9352 29.2318 8.1296 0.000028
0 133.4534 280.3003 16.8468 29.5376 0.000028
0 341.7696 508.4148 23.8601 7.1704 0.000028
0 418.7346 405.1253 16.0050 29.3423 0.000027
0 387.9595 508.1656 26.1027 7.6687 0.000027
0 540.8359 57.6118 28.2803 26.6906 0.000027
0 2.5783 315.0513 5.1566 53.4830 0.000026
0 384.1243 256.4606 25.0646 16.5296 0.000025
0 302.1805 245.4366 16.5203 25.8375 0.000025
