0 365.2926 226.9549 67.1149 113.1966 0.900023
0 314.5624 276.2752 35.2106 107.9696 0.890994
0 200.1272 316.5514 17.5082 58.7945 0.825556
0 406.5402 312.3422 9.9130 13.5786 0.007713
0 415.3675 312.8507 26.7185 13.1486 0.001594
0 114.2669 307.2072 19.3388 45.3270 0.000220
0 145.4779 301.6029 7.4382 12.8916 0.000210
0 636.1551 9.7870 7.6897 19.5739 0.000130
0 186.5027 315.0853 15.8634 52.9075 0.000127
0 111.9936 3.9048 31.7933 7.7887 0.000125
0 347.5401 196.3913 38.9281 51.8771 0.000108
0 399.6148 310.7203 21.9540 16.9740 0.000100
0 121.2825 305.3755 13.5954 36.9904 0.000076
0 634.2363 84.7966 11.5274 152.5125 0.000072
0 121.7535 300.7838 11.6313 23.2620 0.000069
0 357.0809 191.3303 24.6674 41.6962 0.000063
0 634.7537 14.1655 10.4927 28.3310 0.000056
0 630.9144 28.2138 18.0196 56.4060 0.000056
0 382.8038 223.3963 33.2694 99.1383 0.000056
0 635.6876 30.2897 8.6247 60.5793 0.000048
0 635.7117 159.7173 8.5767 104.8843 0.000047
0 116.0856 301.1970 22.8956 24.2911 0.000045
0 314.6342 241.7094 34.9681 38.0634 0.000037
0 636.2262 332.5402 7.5475 85.3354 0.000033
0 123.9751 295.8568 15.0744 29.8015 0.000029
0 630.3174 10.5386 19.3652 21.0589 0.000029
0 636.7188 436.1965 6.5625 66.7677 0.000028
