0 448.5456 335.9328 30.8083 93.9865 0.883013
0 559.6733 302.2996 43.1716 102.0144 0.863441
0 55.4712 366.6946 25.1262 83.8061 0.855887
0 139.2863 345.7177 20.5573 55.4044 0.002210
0 3.2844 440.5614 6.5688 117.9888 0.000974
0 511.4556 466.3364 17.2968 11.5453 0.000836
0 610.2917 3.6565 28.8485 7.2875 0.000605
0 635.8025 290.1614 8.3950 69.1782 0.000501
0 617.1972 5.1854 41.3723 10.3707 0.000292
0 171.5269 326.8049 29.8956 83.7072 0.000279
0 7.6374 296.5030 15.2747 82.6390 0.000268
0 633.1292 306.7516 13.7407 99.4997 0.000147
0 608.7958 8.1663 37.1139 16.3326 0.000118
0 3.4332 399.2413 6.8664 81.1374 0.000101
0 637.2869 378.4759 5.4263 95.3531 0.000095
0 621.9603 307.0353 36.0073 97.2557 0.000082
0 566.5503 271.3229 31.2677 45.1666 0.000069
0 4.3922 307.3710 8.7729 69.3377 0.000058
0 67.4525 13.0382 39.1189 26.0763 0.000052
0 54.1044 344.7597 22.7379 45.8758 0.000035
0 632.1297 279.2156 15.4485 49.9445 0.000033
0 635.6773 124.3460 8.6454 89.0820 0.000033
0 440.9207 337.2867 15.9293 86.3939 0.000033
0 437.1775 34.9563 82.9858 69.9126 0.000032
0 487.7972 326.5656 48.8985 115.8485 0.000028
0 8.1262 439.2038 16.0563 145.5923 0.000028
0 2.6312 307.0177 5.2623 74.4661 0.000027
0 617.9496 11.1777 44.1007 22.3553 0.000026
0 3.6110 496.0938 7.2220 31.8123 0.000026
0 384.2610 335.6690 38.5474 51.2882 0.000025
