0 271.8698 283.0976 35.8697 127.0446 0.889760
0 331.2133 269.0325 41.3175 124.5137 0.886880
0 198.8233 300.4880 9.8609 17.6378 0.001658
0 516.7588 311.8079 10.7844 13.6747 0.001418
0 190.0705 264.8662 32.2392 90.4942 0.001292
0 533.0868 314.8034 43.7251 10.3795 0.001157
0 546.2370 314.7398 11.8380 9.7098 0.000217
0 632.4674 279.8472 15.0652 102.1600 0.000194
0 611.2318 287.6119 53.4075 143.0312 0.000147
0 339.7551 367.7256 26.8440 142.9271 0.000130
0 2.0271 313.8392 4.0542 37.0887 0.000117
0 523.6310 312.1225 24.4421 14.9716 0.000115
0 144.9743 30.7400 33.9349 61.4800 0.000086
0 503.8339 313.5728 42.0361 14.2676 0.000054
0 2.9048 326.0273 5.8096 46.3458 0.000050
0 540.6462 313.4614 19.2070 12.8328 0.000046
0 283.8038 289.3724 12.9081 107.3653 0.000045
0 495.2936 317.0934 39.1886 15.3743 0.000044
0 286.8835 289.2116 8.2621 96.6917 0.000044
0 277.4114 307.6503 25.4758 73.7542 0.000039
0 263.0604 306.7632 19.0814 69.9564 0.000037
0 625.9929 282.4541 16.0482 105.0412 0.000036
0 3.4145 357.6391 6.8290 72.3420 0.000033
0 5.5787 313.1876 9.5870 32.1493 0.000032
0 485.5556 317.9965 17.9515 15.4476 0.000031
0 41.5028 5.7158 37.8223 11.3333 0.000027
