0 316.1404 247.5785 40.6057 127.6589 0.887532
0 392.5199 233.9060 87.3843 125.0236 0.887087
0 368.2985 300.4409 18.1272 61.2269 0.804436
0 543.3150 306.7257 15.7198 17.2782 0.000714
0 523.8033 47.8842 14.1119 93.3997 0.000273
0 3.6164 325.8703 7.1622 81.5044 0.000170
0 2.9738 300.0949 5.9415 49.8011 0.000147
0 372.0396 219.8553 45.2715 97.2825 0.000138
0 200.2058 3.3053 23.7942 6.5945 0.000115
0 604.6049 306.2401 12.2543 10.0442 0.000107
0 602.8715 305.5027 6.7627 8.5750 0.000096
0 586.5024 32.8647 34.7427 65.7293 0.000048
0 340.8469 79.3396 32.4712 40.4438 0.000034
0 559.9529 30.5225 80.7484 61.0451 0.000034
0 522.3962 16.6198 15.4684 33.0618 0.000030
0 407.6880 283.2993 15.0198 23.4792 0.000030
