0 351.5729 315.2093 14.4857 26.2707 0.852190
0 275.3231 321.9994 11.6171 21.2709 0.813831
0 125.5950 302.8548 6.2818 14.4818 0.006245
0 153.6299 292.5525 7.6108 20.4029 0.005008
0 13.5316 263.2960 27.0632 110.1686 0.000416
0 147.4480 295.1345 20.4534 26.0151 0.000339
0 364.4950 5.4696 35.3937 10.9354 0.000248
0 623.6177 290.6433 10.3682 25.1747 0.000229
0 268.7555 323.5919 23.3528 23.2542 0.000127
0 5.9020 263.3152 11.8040 114.6566 0.000121
0 4.1486 247.4583 8.2971 79.7456 0.000119
0 128.9478 302.1411 11.9077 16.2151 0.000050
0 520.1281 283.0478 14.4763 41.3358 0.000048
0 352.3723 5.5867 40.0332 11.1733 0.000048
0 9.6508 304.3309 12.9983 27.8281 0.000048
0 280.6684 321.4496 16.3434 22.0854 0.000043
0 2.2784 277.9242 4.5568 82.9718 0.000039
0 151.1198 296.0067 12.4634 31.6279 0.000038
0 18.6957 283.1045 24.3594 70.8364 0.000036
0 3.9150 321.0923 7.8300 81.4778 0.000029
