0 353.8346 221.7007 31.0745 78.8925 0.902619
0 91.1004 241.6702 27.4666 68.0871 0.900655
0 634.8911 223.6380 10.1958 57.5412 0.002555
0 633.2406 211.0267 13.5186 80.4982 0.000949
0 627.5797 196.5162 24.8360 108.2544 0.000762
0 275.9272 216.1989 12.7888 61.0808 0.000361
0 635.8781 239.2628 8.2438 74.7449 0.000326
0 586.5609 415.3658 36.0642 49.0255 0.000303
0 339.9521 509.3597 27.2998 5.2806 0.000243
0 2.2970 228.5579 4.5940 64.1007 0.000198
0 635.5568 356.0496 8.8863 54.0652 0.000131
0 636.5722 384.5024 6.8556 75.9493 0.000106
0 411.4098 14.8418 53.7936 29.6835 0.000088
0 84.8404 245.8169 15.5791 59.3652 0.000071
0 99.3211 242.8209 11.9286 64.0578 0.000066
0 634.3324 236.9453 11.3352 113.6926 0.000043
0 1.3908 218.9195 2.7816 49.2441 0.000043
0 577.8243 413.1168 20.1252 51.9462 0.000036
