0 340.4446 242.9110 20.3163 57.0575 0.858559
0 128.3414 239.5400 14.2218 65.8333 0.830490
0 393.0122 229.4463 13.8610 48.7147 0.000412
0 633.9875 202.9705 12.0022 98.2000 0.000322
0 3.5687 288.2370 7.1374 100.0346 0.000183
0 249.8085 243.5464 11.8120 54.6785 0.000045
0 626.8191 57.8932 26.3618 115.7863 0.000045
0 383.4405 232.1529 8.7004 53.7742 0.000042
0 627.5912 17.0144 24.7012 34.0288 0.000038
0 4.8691 260.4334 9.3722 38.3531 0.000029
0 332.9162 243.2401 18.5038 59.5317 0.000027
0 628.8105 106.0461 22.3406 212.0921 0.000025
