0 350.3914 230.7265 20.8090 62.1261 0.855159
0 123.8531 233.7709 30.2528 56.4544 0.820239
0 2.6723 268.3960 5.3445 89.3838 0.047975
0 2.0448 250.0979 4.0858 60.1740 0.000977
0 6.8202 269.7525 13.4337 89.6071 0.000912
0 636.6747 224.8954 6.6504 80.1883 0.000636
0 582.3285 233.6808 7.7437 42.2458 0.000214
0 3.1408 210.6693 6.2814 103.6219 0.000152
0 2.5923 231.0563 5.1845 80.8729 0.000151
0 3.7631 297.2889 7.5262 99.0888 0.000068
0 526.2849 215.8184 16.7352 56.6796 0.000046
0 134.2732 233.3961 29.6379 55.2814 0.000043
0 2.7446 476.0099 5.4892 54.0289 0.000043
0 632.2645 225.2804 15.1733 76.0430 0.000039
0 344.7961 235.1638 12.8403 52.4261 0.000039
0 636.5474 245.7433 6.9052 148.2936 0.000036
0 2.4633 295.5713 4.9008 45.8141 0.000034
0 104.1635 239.2930 44.5188 48.3763 0.000031
