0 285.2572 242.8826 29.3799 92.9141 0.892892
0 421.0229 222.0885 22.1592 93.6765 0.001084
0 4.3445 258.1478 8.6889 55.9736 0.000233
0 4.3315 248.6112 8.6630 23.6932 0.000224
0 2.9451 244.4088 5.8901 65.8628 0.000126
0 4.0038 304.1105 8.0076 185.9374 0.000063
0 53.3251 13.2675 25.2759 26.4452 0.000062
0 2.5092 395.8467 5.0184 95.4549 0.000041
0 3.2359 408.3149 6.4717 139.0266 0.000040
0 2.8419 327.2661 5.6838 150.2254 0.000039
0 4.1545 238.8192 8.3090 41.7929 0.000032
0 633.0135 231.6127 13.9730 105.1121 0.000032
0 5.5120 399.1925 11.0240 99.8540 0.000027
0 416.5744 104.8929 36.4775 94.7983 0.000026
