0 211.4297 317.6768 35.3263 75.5823 0.887773
0 131.3447 119.5710 19.0500 45.0053 0.870386
0 330.4768 294.3568 23.7437 68.6676 0.850668
0 193.4254 255.0840 21.7144 57.9644 0.838799
0 589.1629 507.1618 36.3567 9.6765 0.012634
0 605.2891 507.0830 52.7202 9.7549 0.003150
0 287.3994 236.6261 14.5754 26.6281 0.001642
0 636.2188 131.9330 7.5624 82.6163 0.001173
0 579.5913 504.4988 56.9689 14.9761 0.000446
0 637.2723 442.0574 5.4554 60.9871 0.000334
0 634.4385 150.3386 11.1230 144.6812 0.000284
0 229.4625 243.4322 11.3553 34.3860 0.000255
0 228.6424 507.7407 26.5643 8.4236 0.000119
0 632.7532 126.8855 14.2268 73.4689 0.000105
0 637.0985 420.0246 5.8031 64.7081 0.000094
0 635.5877 96.7456 8.8247 124.0475 0.000081
0 568.3467 499.3698 77.2710 25.2362 0.000070
0 219.6104 4.8282 12.2231 9.6151 0.000069
0 636.3941 461.4655 7.1393 99.3785 0.000056
0 226.8531 4.5155 21.3412 9.0021 0.000049
0 542.6429 498.5497 23.5249 26.8513 0.000047
0 425.1022 508.7327 24.2792 6.5346 0.000036
0 228.2358 236.2333 12.5906 26.1446 0.000033
0 629.9121 159.5836 20.1757 174.5530 0.000030
