0 409.6484 380.9783 29.2227 54.8857 0.895091
0 233.2485 314.4905 24.6540 52.1767 0.817253
0 323.7391 302.3237 28.3315 50.1919 0.752642
0 315.1227 295.2277 19.5822 45.1492 0.289917
0 315.6604 280.0710 17.7201 15.3833 0.031935
0 3.3393 264.7326 6.6784 47.5368 0.003061
0 3.6285 239.6245 7.2570 56.1971 0.002321
0 166.7141 194.9547 39.5361 34.5564 0.001169
0 4.1197 286.6210 8.2391 60.7631 0.000381
0 293.8570 251.7882 18.7178 32.1578 0.000273
0 335.2426 18.5372 19.1022 36.2773 0.000210
0 319.3019 280.7675 21.8211 33.7150 0.000204
0 28.3458 507.8009 17.3798 8.3338 0.000193
0 7.7060 277.5100 15.3558 62.5951 0.000185
0 6.9785 329.6068 13.9437 44.7760 0.000184
0 2.9987 250.9767 5.9973 40.2816 0.000179
0 285.2819 251.1270 17.7261 32.3552 0.000158
0 281.2255 251.4780 15.2789 26.2708 0.000136
0 3.1037 473.4227 6.2073 52.2251 0.000105
0 4.2681 354.3561 8.5361 82.1287 0.000095
0 3.1660 374.7065 6.3321 57.5500 0.000095
0 4.4095 311.6393 8.7983 46.8635 0.000095
0 3.5032 396.4347 6.9800 58.1271 0.000083
0 321.9425 281.9393 24.6212 19.5288 0.000080
0 316.2677 270.4171 14.9977 32.0648 0.000073
0 38.4722 126.7950 10.1773 9.1925 0.000056
0 298.3804 258.4896 15.3530 26.2852 0.000055
0 7.9713 299.0218 15.8174 48.6454 0.000050
0 3.3451 498.4855 6.6902 27.0290 0.000044
0 332.9742 304.2758 26.8846 54.5724 0.000044
0 6.9150 263.7101 13.6470 39.8418 0.000043
0 156.3232 192.5926 18.5799 29.6999 0.000036
0 4.2494 221.9987 8.4987 81.8524 0.000036
0 328.6270 6.2152 26.4407 12.1625 0.000033
0 3.8314 177.7769 7.5390 59.0701 0.000029
0 242.9431 312.3266 24.5840 54.1650 0.000028
0 310.3685 279.9229 15.1144 19.8501 0.000028
0 2.2187 180.9263 4.4374 45.4034 0.000027
