0 351.2617 265.0709 31.8557 41.1467 0.887256
0 422.1286 376.8790 24.2933 42.2032 0.868877
0 310.3470 338.8077 17.1365 34.0830 0.791132
0 313.0307 377.8982 16.1419 35.1587 0.706886
0 320.9433 387.6481 22.4354 51.1496 0.015898
0 62.5566 507.2612 28.0881 9.4776 0.001765
0 397.2765 370.6297 17.9247 24.8695 0.001416
0 327.0409 391.6178 15.4072 45.0092 0.000916
0 323.5357 376.5099 18.0020 32.9434 0.000906
0 6.1898 438.4927 12.3458 58.5836 0.000387
0 2.4729 132.0253 4.9458 56.8840 0.000242
0 21.6696 321.2816 43.3392 62.6328 0.000234
0 323.9356 400.6126 18.7017 30.9005 0.000223
0 307.8280 373.4800 16.2039 34.4054 0.000217
0 319.6232 371.8965 14.8303 27.0297 0.000189
0 307.6688 382.0678 21.9909 38.8239 0.000182
0 172.3495 281.6555 16.5482 29.1353 0.000175
0 311.1443 356.9943 14.4629 23.5289 0.000167
0 408.7000 375.4184 21.5635 40.0550 0.000138
0 177.7372 279.1352 23.4565 32.5910 0.000113
0 637.5807 432.4078 4.8385 43.0168 0.000099
0 316.3015 391.6897 13.6290 43.0059 0.000085
0 3.8274 459.2924 7.6548 69.2015 0.000079
0 328.1097 401.9038 10.1528 24.4101 0.000073
0 5.5925 469.4433 11.1266 51.0333 0.000063
0 16.4358 508.0392 29.3847 7.9216 0.000056
0 49.0608 506.1608 48.0382 11.6784 0.000054
0 312.1803 330.4906 16.0140 43.6746 0.000053
0 313.8617 348.2223 13.3502 26.9178 0.000052
0 331.5121 387.5081 17.2901 44.4485 0.000051
0 1.7906 120.6888 3.5812 47.4895 0.000051
0 312.2255 389.6733 25.7542 55.8695 0.000048
0 334.8313 376.8463 18.0160 27.5853 0.000045
0 302.2170 339.5189 28.4099 33.2623 0.000044
0 614.8728 493.2614 34.5720 36.9666 0.000041
0 286.4683 339.0889 15.2124 32.9868 0.000036
0 291.3173 223.2062 8.3605 18.7627 0.000034
0 315.0131 360.4951 12.2362 23.1500 0.000034
0 318.0611 397.3676 21.2083 40.9220 0.000033
0 612.9728 383.2970 21.7383 32.9023 0.000032
0 74.8729 507.9951 35.4766 8.0099 0.000030
0 314.6276 328.7742 11.1838 22.4082 0.000028
0 636.7597 491.8709 6.4806 38.4886 0.000028
0 3.6906 503.3159 7.3812 17.3682 0.000028
0 8.0613 450.7388 16.1226 59.5238 0.000027
0 11.0814 472.0718 22.0895 46.3096 0.000027
0 339.2649 369.7542 14.3501 23.6484 0.000026
0 351.0600 254.0592 31.6635 19.7488 0.000025
