0 328.1274 252.4400 22.5083 41.1074 0.883735
0 333.2234 299.7730 19.9452 36.1880 0.863521
0 263.4222 326.6624 22.2984 43.6012 0.862551
0 264.6878 380.7316 15.8683 36.3871 0.725246
0 8.4111 474.4819 16.8221 47.3058 0.002836
0 277.6923 393.7077 19.4517 40.2098 0.001766
0 7.2449 464.1936 14.4761 45.9197 0.000691
0 269.6518 384.3008 18.1225 40.6826 0.000454
0 282.6885 397.0415 12.3777 35.8428 0.000389
0 258.6829 375.8891 17.3517 32.8490 0.000277
0 5.0800 446.1226 10.1598 61.4173 0.000252
0 3.3397 433.6561 6.6793 51.2511 0.000240
0 269.8234 373.4148 17.1408 27.7378 0.000238
0 285.4064 391.2750 19.1516 36.3577 0.000225
0 278.9764 381.8524 19.1281 34.0754 0.000168
0 264.4431 360.5503 17.8338 35.9538 0.000159
0 3.2153 409.3182 6.4307 57.0700 0.000158
0 3.6176 254.2465 7.2352 63.6367 0.000139
0 11.0900 508.8981 21.5409 6.1335 0.000134
0 265.5170 339.3392 19.2263 24.7140 0.000133
0 264.3795 349.8913 20.4243 51.8752 0.000126
0 3.3790 288.8585 6.7580 81.8733 0.000122
0 8.8387 504.5261 17.6774 14.9368 0.000112
0 330.2743 241.7171 17.8079 19.5169 0.000111
0 9.1585 491.2263 18.2928 39.3914 0.000104
0 269.1873 344.0992 12.2263 17.9591 0.000104
0 105.1166 507.9980 38.6195 8.0041 0.000098
0 272.3607 394.2595 15.1393 40.9460 0.000083
0 632.1157 498.7282 15.4282 22.3271 0.000081
0 3.3834 232.4280 6.7167 64.1950 0.000071
0 273.9576 377.3781 16.2516 34.3887 0.000070
0 2.9203 421.8335 5.8406 32.9923 0.000069
0 231.0101 341.8275 12.6075 28.3374 0.000050
0 252.3782 381.5494 21.4274 38.5201 0.000046
0 4.9557 420.2083 9.8842 44.3551 0.000040
0 257.6846 328.2329 11.4689 38.8157 0.000036
0 4.1434 480.1689 8.2868 56.8263 0.000034
0 282.7938 405.8399 11.4468 18.3887 0.000032
0 403.4719 508.6526 36.2227 6.6948 0.000030
0 255.9054 392.8564 17.6514 34.5786 0.000029
0 270.0937 336.2505 11.5967 30.6374 0.000025
