0 362.9282 251.4206 28.6745 68.1962 0.889392
0 232.2459 330.8233 31.8768 62.5142 0.889138
0 202.0311 240.0174 24.0001 70.1965 0.882704
0 509.0380 250.3955 27.1532 37.1952 0.844013
0 224.1059 25.8784 24.9156 51.5973 0.022291
0 240.9248 309.9395 14.6834 23.5060 0.001318
0 363.7436 225.6267 24.3850 24.8418 0.000391
0 239.6480 317.3327 17.5396 37.2256 0.000362
0 454.7452 201.2365 14.8755 35.0763 0.000359
0 361.1253 234.5152 24.3060 40.6454 0.000308
0 101.9066 496.8627 12.3256 21.4642 0.000296
0 630.4758 158.3872 13.9912 28.9330 0.000165
0 365.7523 219.5855 17.0869 19.8010 0.000161
0 369.4653 224.6937 14.7668 21.3065 0.000133
0 99.6445 488.1105 14.6539 19.1470 0.000108
0 563.0677 88.0768 23.5876 37.9915 0.000106
0 105.9846 498.2756 10.3216 23.4417 0.000103
0 48.9910 241.6255 22.7531 29.4003 0.000064
0 6.7784 147.9409 13.5529 45.4638 0.000062
0 105.5710 498.6223 19.5911 26.7107 0.000043
0 454.0397 210.3710 18.2633 24.7480 0.000038
0 630.2946 10.9984 18.3518 21.8337 0.000035
0 3.5398 402.0218 7.0658 64.7980 0.000030
0 632.2252 138.3863 15.4192 70.0567 0.000029
0 518.9791 241.0782 15.0602 38.9075 0.000026
