0 244.0506 159.1070 30.2509 58.4814 0.888839
0 191.6804 234.8961 29.1936 50.7276 0.879415
0 308.7242 368.0950 25.9590 63.9801 0.869235
0 256.7631 127.2040 15.9506 34.1276 0.777113
0 107.2540 506.7357 28.3412 10.5253 0.001582
0 93.4296 498.9790 43.8787 24.0963 0.001189
0 98.0270 506.6336 41.7655 10.7238 0.001018
0 79.8103 497.1037 30.3553 21.5663 0.000462
0 76.4908 503.5987 21.2793 16.3984 0.000189
0 86.7635 504.5631 39.8540 14.8737 0.000174
0 381.3223 179.5626 13.5841 39.5538 0.000174
0 119.5824 507.6741 39.8716 8.5640 0.000163
0 6.4707 507.0234 12.9414 9.9531 0.000066
0 246.4129 146.6540 26.6095 32.4455 0.000058
0 4.2521 495.1447 8.4455 33.3018 0.000052
0 397.4568 323.7894 9.9840 21.7377 0.000050
0 184.9827 509.0919 46.0807 5.8162 0.000048
0 638.0444 290.3646 3.9111 79.0659 0.000038
0 637.3539 306.1192 5.2922 76.0231 0.000037
0 252.0519 144.1266 16.1307 25.9282 0.000034
0 426.0992 508.3614 34.2515 7.2772 0.000032
0 112.3324 502.8811 42.7779 18.2001 0.000030
0 9.2004 509.3277 18.4007 5.3447 0.000028
0 345.4181 416.9203 16.8674 53.7992 0.000028
0 344.8152 436.0469 15.8779 15.0276 0.000028
0 9.7575 121.4551 14.7257 16.3416 0.000027
