0 195.1240 211.5250 27.0505 61.0650 0.896227
0 311.5503 371.6336 24.9969 66.6497 0.869074
0 233.4807 157.6638 20.2786 57.9888 0.858397
0 213.0887 139.2622 17.4123 43.5905 0.850968
0 94.5519 502.0522 46.6457 19.7976 0.054242
0 81.7772 506.4400 37.1163 11.1093 0.002623
0 107.4128 503.6030 36.0944 16.7508 0.001972
0 248.4611 508.0639 37.0067 7.8723 0.000419
0 449.1359 163.4701 13.5995 16.0473 0.000296
0 116.0013 505.0347 45.4194 13.7006 0.000292
0 80.7264 507.4626 24.0357 9.0748 0.000235
0 268.8615 135.3996 14.3492 22.7804 0.000159
0 81.5534 502.3821 23.2137 19.2358 0.000150
0 311.6417 328.2566 18.4308 34.8568 0.000123
0 2.2438 68.1001 4.4875 51.8980 0.000108
0 9.0765 506.9607 18.1530 10.0786 0.000091
0 18.2482 508.6350 34.3807 6.7302 0.000081
0 29.2006 507.6755 47.1962 8.6490 0.000074
0 1.6718 172.2615 3.3435 45.3659 0.000067
0 263.8104 507.0309 48.9238 9.9382 0.000043
0 224.5373 2.5186 18.9567 5.0023 0.000042
0 6.4419 498.1813 12.8837 27.6375 0.000037
0 313.1224 354.2719 20.7671 49.5647 0.000036
0 404.2916 316.8543 11.9601 31.0908 0.000034
0 4.9534 508.4084 9.9068 7.1832 0.000034
0 212.5580 125.0476 15.6216 16.9210 0.000029
0 401.1422 298.0789 16.1229 32.9528 0.000029
0 403.7988 305.8129 9.9636 12.0090 0.000027
0 69.1626 505.9546 43.3345 12.0908 0.000025
0 26.2125 503.3366 50.2339 17.3268 0.000025
