0 297.3901 323.1994 18.5328 39.1887 0.864640
0 252.3442 509.2072 21.0501 5.5855 0.028639
0 246.3787 508.5550 29.4758 6.8900 0.002570
0 7.0798 37.0976 14.1595 61.1956 0.001761
0 248.6364 319.9250 13.1672 21.8468 0.000458
0 635.7647 411.5573 8.4706 38.9488 0.000366
0 263.2550 508.5468 38.9355 6.8756 0.000341
0 6.7702 66.2634 13.5241 82.5484 0.000233
0 637.2832 401.3150 5.4336 37.0543 0.000218
0 461.7094 507.6846 17.6096 8.6307 0.000189
0 15.9491 100.8531 31.8643 65.1737 0.000185
0 633.1553 400.4915 13.2480 33.2867 0.000183
0 8.1724 327.9646 11.3084 18.2052 0.000124
0 2.2195 413.4399 4.4390 36.8872 0.000123
0 11.3652 71.5082 22.6505 104.3033 0.000114
0 2.3555 404.7510 4.7111 28.1248 0.000098
0 636.3749 428.2952 7.2501 46.1531 0.000093
0 298.3741 335.9426 17.1741 15.1351 0.000072
0 635.7746 385.2915 8.4508 67.7479 0.000069
0 13.3576 28.6937 26.7151 57.3873 0.000062
0 403.0398 343.3022 8.6069 29.8749 0.000047
0 631.0168 12.4818 10.7012 24.7090 0.000037
0 252.7430 504.1642 21.3100 15.6715 0.000036
0 632.5228 376.2245 14.7427 83.4615 0.000032
0 611.2120 474.7649 17.8403 16.7266 0.000026
