0 342.0799 334.3308 13.4492 26.8632 0.864397
0 307.8010 185.5441 15.6121 27.3850 0.863141
0 321.2795 229.5111 18.4522 31.2491 0.846685
0 300.4700 346.5130 8.5344 8.3783 0.472211
0 330.7366 201.6215 25.0837 20.3193 0.061494
0 300.9257 350.2392 9.4678 15.6625 0.003689
0 69.9279 6.3260 36.5236 12.6166 0.003656
0 81.9449 6.4711 19.1575 12.9204 0.003543
0 3.7363 502.6789 7.4726 18.6421 0.002988
0 93.2303 6.3253 39.0668 12.5867 0.001773
0 636.2672 85.3440 7.4645 43.9871 0.001264
0 8.4133 502.9934 16.7956 18.0132 0.001191
0 296.3536 346.1197 15.3468 9.5145 0.001016
0 325.7842 261.3246 16.6151 11.9332 0.000699
0 2.7324 494.7308 5.4599 34.5384 0.000694
0 237.6102 326.3428 14.3373 10.3720 0.000624
0 226.3661 347.4824 10.4240 13.5255 0.000480
0 303.1061 344.9381 13.6091 12.5049 0.000368
0 308.4462 347.3085 21.5044 10.8402 0.000174
0 632.4166 79.4087 14.8014 48.3274 0.000123
0 637.4697 73.3927 5.0605 44.6757 0.000119
0 223.0269 341.3365 16.1580 25.6442 0.000117
0 305.0571 353.1200 15.1950 21.1867 0.000115
0 300.2653 342.4783 9.3278 15.8600 0.000111
0 81.2380 6.6333 38.9128 13.2666 0.000101
0 227.1734 350.5466 10.3040 12.0122 0.000093
0 636.6852 69.2966 6.6296 66.3806 0.000092
0 473.0348 3.2231 21.3310 6.4462 0.000086
0 584.4618 509.4527 20.9179 5.0947 0.000082
0 586.1237 509.9679 14.7607 4.0642 0.000075
0 14.7384 502.3258 29.3905 19.0167 0.000064
0 539.1340 484.1706 32.6792 34.9695 0.000061
0 329.4798 224.9992 28.3088 38.1136 0.000047
0 330.0218 211.9857 28.5682 68.3587 0.000046
0 327.7181 257.6378 11.2921 11.2429 0.000045
0 296.5781 350.3847 15.5355 16.4725 0.000041
0 482.3153 4.4423 31.5376 8.8561 0.000037
0 300.7528 355.2046 10.9307 25.7911 0.000036
0 490.5196 5.5337 34.6957 11.0656 0.000035
0 103.2714 11.5693 59.3528 23.1050 0.000033
0 465.9325 3.4016 31.0808 6.8032 0.000031
0 4.5555 489.8987 9.1111 44.2026 0.000030
0 314.3505 205.0430 24.0510 64.7484 0.000029
0 9.3443 490.9762 18.3287 42.0476 0.000027
0 315.4271 187.0422 26.9242 31.8918 0.000027
0 66.5747 9.0605 47.0246 17.7491 0.000026
0 361.5970 424.0556 14.6589 13.6290 0.000026
