0 270.9630 301.2952 20.9781 27.0223 0.875988
0 221.7155 226.7224 25.6466 22.1324 0.797642
0 379.7273 187.1442 14.1525 20.7927 0.236513
0 410.8015 266.2442 17.7914 21.6400 0.054531
0 198.5807 232.0331 15.2028 18.1235 0.020439
0 375.1215 190.0738 20.1752 22.5734 0.011026
0 366.6149 193.0424 10.0626 19.6990 0.009338
0 307.8457 437.0929 15.8493 26.7473 0.005951
0 259.4270 232.9613 16.5500 13.7673 0.005530
0 397.2148 182.2663 13.7066 16.4543 0.004951
0 342.8854 5.3833 32.5211 10.7548 0.004653
0 329.4828 197.2975 14.2279 19.3863 0.004354
0 357.9312 509.0588 28.1556 5.8824 0.004172
0 2.4722 64.9965 4.9445 24.7505 0.003756
0 60.4148 8.4710 26.0905 16.8177 0.003734
0 403.5915 182.1328 13.5923 17.4148 0.003716
0 632.4306 390.2116 14.7738 22.6506 0.002831
0 16.4324 64.7936 24.5634 22.6166 0.002780
0 121.1557 244.7852 15.9263 14.8952 0.002654
0 327.2193 6.5639 58.8349 13.0639 0.002638
0 22.8437 64.2555 17.2548 22.7359 0.002480
0 2.4254 74.0562 4.8509 34.2998 0.002355
0 305.1980 5.7741 39.5988 11.5482 0.002344
0 480.8297 4.7036 42.1136 9.3839 0.002326
0 287.3243 240.4763 16.8149 17.7331 0.002176
0 337.0531 192.3705 12.5108 15.8093 0.001851
0 553.3551 5.5274 24.5406 10.9560 0.001316
0 100.3958 448.7754 26.6145 41.4550 0.001248
0 362.9079 437.2685 19.7054 28.7352 0.001224
0 374.6113 437.8734 9.5228 16.3264 0.001025
0 310.0937 205.1020 12.2547 17.0778 0.001008
0 74.4599 139.3564 12.1807 14.2049 0.000960
0 3.1306 371.2527 6.2545 38.7620 0.000938
0 312.3287 431.5537 13.3894 29.5646 0.000891
0 329.5762 191.7239 13.5947 14.0406 0.000870
0 361.6731 443.6524 13.4253 16.9982 0.000718
0 9.1817 369.1149 18.3634 36.7953 0.000678
0 2.7937 382.7253 5.5875 40.4037 0.000579
0 346.2429 508.8862 32.1554 6.2233 0.000569
0 385.5584 189.0799 15.6747 26.6398 0.000533
0 2.9765 398.9397 5.9502 48.0167 0.000524
0 409.4243 220.4055 8.4663 10.6659 0.000515
0 355.4288 438.9596 26.5760 25.9076 0.000490
0 350.6752 178.9621 16.1606 16.9015 0.000490
0 538.9851 32.8419 33.0934 52.2064 0.000486
0 497.9982 5.1956 46.0525 10.3864 0.000467
0 365.7996 185.7797 10.8381 22.7023 0.000467
0 399.9823 199.3576 14.9782 20.8538 0.000456
0 2.7686 52.8923 5.5372 40.1980 0.000447
0 408.2596 183.4687 13.5242 19.2311 0.000430
0 621.5402 387.0373 20.7195 19.6010 0.000390
0 399.7511 189.1221 15.8203 33.0769 0.000382
0 173.2511 123.3595 29.4578 22.3928 0.000371
0 210.5657 508.7821 25.8713 6.4359 0.000345
0 396.4176 190.9374 12.6431 27.0093 0.000335
0 438.9020 508.2856 19.8595 6.8826 0.000331
0 231.9901 218.2895 17.9657 23.0045 0.000308
0 633.9191 378.2788 12.1617 37.9518 0.000305
0 386.5033 181.5995 14.8396 24.4988 0.000300
0 4.3120 413.4380 8.6051 47.0967 0.000297
0 635.2958 431.4526 9.4085 25.9107 0.000296
0 362.5538 214.8675 12.0206 23.1066 0.000279
0 2.6801 303.1723 5.3601 31.5833 0.000258
0 341.1891 184.5477 12.5317 20.2543 0.000253
0 274.1881 218.6779 19.8134 22.3371 0.000252
0 347.1987 187.6790 15.0272 13.8906 0.000240
0 288.5622 6.1031 54.1880 12.2063 0.000230
0 402.5930 190.2175 15.9953 23.6098 0.000230
0 302.2094 508.2191 27.7256 7.5618 0.000228
0 578.2920 6.8177 28.3371 13.5875 0.000216
0 385.8272 184.2239 18.5708 14.6391 0.000211
0 564.0471 5.5986 35.8839 11.1581 0.000209
0 364.2149 131.6758 15.8696 21.7887 0.000203
0 45.3334 509.0069 26.0520 5.9862 0.000193
0 331.6954 289.0717 16.3871 14.7281 0.000183
0 636.3893 182.9669 7.2214 41.8563 0.000177
0 118.3975 419.4392 14.5333 17.0359 0.000144
0 95.2245 508.0373 28.0082 7.9253 0.000144
0 4.7235 83.0276 9.4470 39.9803 0.000137
0 357.4650 187.6431 14.3600 20.1290 0.000136
0 336.6327 202.5605 14.7027 17.9912 0.000134
0 3.6062 432.7920 7.2124 60.5706 0.000134
0 351.1473 174.7331 20.3297 19.0203 0.000131
0 9.8744 73.9355 18.4611 36.9932 0.000129
0 630.7396 397.3165 16.2737 33.8329 0.000125
0 359.8958 194.7430 12.7563 20.7368 0.000125
0 340.3615 215.2620 13.8852 20.3031 0.000122
0 119.7267 508.3973 23.5112 7.2054 0.000118
0 559.4382 272.6763 16.6577 14.7675 0.000116
0 294.6698 3.6436 40.8987 7.2872 0.000115
0 620.2800 419.2852 12.4375 14.6185 0.000114
0 224.9347 214.3685 22.2254 28.8386 0.000113
0 314.2065 201.0431 9.3130 17.4094 0.000112
0 4.5222 448.3013 9.0444 58.0054 0.000106
0 318.8876 430.6288 16.7512 27.8706 0.000104
0 242.6681 5.3550 32.9778 10.7037 0.000104
0 376.5594 182.1272 17.7252 28.4230 0.000103
0 366.5305 239.3499 12.6386 16.5487 0.000102
0 53.0112 508.9641 25.9711 6.0718 0.000099
0 170.2360 3.9700 22.6736 7.9400 0.000098
0 635.6215 421.8487 8.7570 26.9848 0.000097
0 106.5926 508.0414 29.6726 7.9172 0.000096
0 357.9329 215.8344 12.7440 23.7619 0.000096
0 213.1152 230.1733 28.7518 19.4390 0.000093
0 268.4136 222.1465 22.5325 25.3410 0.000093
0 83.4580 508.5596 27.7848 6.8809 0.000091
0 362.6686 178.3328 15.1211 20.3884 0.000091
0 316.6005 195.1512 12.4640 22.1671 0.000091
0 634.9514 410.9628 10.0973 33.0939 0.000091
0 588.9968 5.7184 32.8932 11.4368 0.000090
0 6.9945 362.2045 13.9890 38.1555 0.000087
0 358.8770 205.6314 11.8910 19.2313 0.000087
0 369.4672 132.2810 13.8075 21.5545 0.000086
0 336.3565 508.8130 32.3541 6.3741 0.000086
0 324.9636 12.8082 68.7666 24.8651 0.000084
0 632.3402 408.9468 15.0801 34.6975 0.000080
0 637.4562 391.8565 5.0876 31.8131 0.000079
0 322.1696 489.9772 20.0104 27.0112 0.000078
0 309.4596 423.2688 14.8990 30.3857 0.000078
0 368.4399 509.1200 33.2033 5.7600 0.000078
0 635.5046 7.2132 8.9907 14.4263 0.000076
0 251.0855 4.5065 27.4883 9.0001 0.000076
0 325.7977 205.2756 11.7112 19.5779 0.000075
0 423.7372 224.5976 22.4790 19.4722 0.000074
0 365.1458 5.6979 33.6300 11.1055 0.000074
0 369.4809 242.2270 13.3747 25.1567 0.000073
0 354.5637 10.2809 38.8865 20.2513 0.000071
0 20.6841 45.9489 28.5555 58.0543 0.000071
0 204.8942 231.4113 20.1723 18.2531 0.000071
0 362.7499 222.1939 12.9525 19.5503 0.000070
0 528.3437 507.9336 21.0434 8.0627 0.000070
0 8.9852 201.8175 17.9396 34.7383 0.000069
0 3.7426 461.5410 7.4620 41.5356 0.000068
0 624.9839 390.0128 18.5269 20.5619 0.000068
0 579.0356 371.6955 14.2473 15.3374 0.000066
0 288.7108 508.7146 37.4572 6.5707 0.000065
0 278.2968 222.2010 16.8637 20.8050 0.000065
0 3.0858 316.7948 6.1716 45.8037 0.000065
0 517.4527 5.7810 55.5360 11.4485 0.000064
0 261.3131 221.2987 18.9385 27.0041 0.000064
0 431.7224 493.9479 14.5071 20.3773 0.000063
0 417.4481 222.2050 18.5360 15.8939 0.000060
0 42.2717 504.7746 30.8514 14.4508 0.000060
0 446.2266 508.4136 22.3271 7.1728 0.000060
0 632.3911 421.9377 14.5923 17.9014 0.000058
0 235.1956 211.3345 15.6188 20.6565 0.000058
0 545.8192 3.8706 24.0782 7.5482 0.000058
0 333.7245 195.2080 18.2196 17.1502 0.000058
0 324.5681 508.4282 31.9055 7.1435 0.000057
0 3.8879 346.8889 7.7757 54.4548 0.000057
0 85.3336 380.5999 22.0624 25.4013 0.000056
0 240.8822 213.9481 16.3278 15.3293 0.000055
0 91.1894 378.3889 14.5269 25.0203 0.000053
0 331.9759 188.2846 13.9619 25.0246 0.000049
0 637.4066 225.8408 5.1868 33.7997 0.000048
0 241.0505 222.7184 14.6423 20.8901 0.000047
0 331.9989 207.2453 15.1857 20.1427 0.000046
0 162.3883 121.7621 18.9421 16.7434 0.000046
0 461.0201 324.6638 11.3853 14.6769 0.000046
0 107.8114 447.7546 18.9493 16.1114 0.000045
0 159.6578 4.5740 24.9351 9.1480 0.000044
0 5.3387 10.3686 10.6774 20.7372 0.000044
0 195.3052 232.5064 11.7530 15.0564 0.000044
0 219.9827 240.1371 26.5070 34.8914 0.000044
0 369.6636 207.8852 17.8289 28.7263 0.000044
0 410.4975 88.0724 14.4146 20.9379 0.000044
0 7.7498 66.6008 14.9489 25.2069 0.000043
0 10.7793 54.8495 20.5359 38.5344 0.000043
0 192.4698 233.9889 13.6019 14.1489 0.000043
0 399.7412 179.0390 15.9972 19.1835 0.000042
0 544.0184 508.0894 21.7957 7.8212 0.000041
0 12.4840 208.1683 12.8751 19.5154 0.000041
0 144.6759 153.2775 24.8076 38.1813 0.000040
0 537.0513 507.7961 21.2769 8.4077 0.000040
0 359.7657 129.6587 15.0057 22.2038 0.000040
0 81.3697 292.2899 15.7512 15.6699 0.000040
0 409.4833 189.1094 15.3986 20.4603 0.000040
0 59.3240 508.5024 25.0612 6.9952 0.000039
0 346.4173 194.8193 15.1671 19.7043 0.000039
0 5.3639 371.6866 10.7278 42.3527 0.000038
0 551.0190 508.3836 21.9713 7.2327 0.000038
0 28.1048 52.7157 26.1957 43.1272 0.000037
0 2.1002 113.0108 4.2005 33.6171 0.000036
0 67.6905 508.4472 26.4954 7.1055 0.000036
0 320.4960 421.5776 16.4669 28.2284 0.000036
0 534.7912 6.0084 40.6584 11.2939 0.000034
0 563.7729 508.5366 19.0461 6.9268 0.000034
0 258.5567 5.2236 44.8302 10.3532 0.000034
0 635.9608 201.3250 8.0785 58.0454 0.000034
0 293.9391 239.6144 25.4417 19.0665 0.000033
0 26.7895 3.5545 22.9372 7.1089 0.000033
0 634.3164 399.8058 11.3672 37.5050 0.000033
0 432.1839 225.7915 12.3094 21.0317 0.000033
0 73.7174 382.7059 25.7982 27.7535 0.000033
0 141.5020 508.7987 25.8716 6.4026 0.000033
0 5.8372 42.0495 11.6743 56.9756 0.000033
0 3.1197 35.3564 6.2394 42.6082 0.000032
0 363.4914 181.5644 20.3625 21.5386 0.000032
0 351.3261 4.8880 26.8516 9.7760 0.000032
0 347.8572 216.3189 15.0543 23.5381 0.000032
0 635.7131 441.8535 8.5737 32.4037 0.000031
0 303.5151 202.9381 16.7396 14.6171 0.000031
0 479.5646 325.9631 11.4753 14.5304 0.000031
0 637.0503 14.3505 5.8995 28.7009 0.000031
0 625.9802 419.1326 16.7854 15.0847 0.000031
0 3.7037 22.2489 7.4074 44.4978 0.000031
0 362.1512 504.2726 31.3269 15.4547 0.000031
0 635.6018 161.0458 8.7964 50.2574 0.000030
0 27.3933 36.8824 32.1646 72.5983 0.000030
0 408.7065 94.6761 12.2834 9.0760 0.000029
0 544.5579 7.8553 23.1777 14.3211 0.000029
0 60.7524 207.2328 17.0744 21.4623 0.000029
0 402.7742 207.5181 18.3369 31.8615 0.000028
0 130.6450 191.5232 20.6237 23.0457 0.000028
0 18.8996 54.0379 27.3291 33.6633 0.000028
0 510.2782 4.7743 35.0453 9.4975 0.000028
0 146.3365 4.9540 25.6288 9.9080 0.000027
0 133.4782 185.2463 15.7595 17.9097 0.000027
0 225.7372 508.2482 34.2987 7.5035 0.000027
0 2.3939 440.6777 4.7877 49.2930 0.000027
0 4.2985 98.3445 8.5970 29.7365 0.000026
0 375.8947 4.9000 25.4082 9.4541 0.000026
0 371.2464 435.7499 14.3694 24.9959 0.000026
0 138.2809 184.2019 12.2899 15.6663 0.000026
0 347.4084 207.8194 14.2300 22.6469 0.000026
0 74.4629 7.0063 39.5424 14.0125 0.000026
0 637.5910 241.0796 4.8180 65.9434 0.000025
0 367.5330 224.9221 15.8126 22.2452 0.000025
