0 74.3036 14.8253 32.3646 29.5663 0.282156
0 78.0594 249.1372 17.6541 18.2012 0.055146
0 310.5728 298.1357 20.2268 19.7359 0.017711
0 47.8731 168.2065 35.4180 31.5850 0.008794
0 11.7921 43.0659 23.5843 63.5387 0.002598
0 502.6118 10.1291 23.1553 20.2483 0.002471
0 52.8642 184.2418 43.4192 64.3829 0.001277
0 397.8487 2.8817 15.9237 5.7631 0.001232
0 57.9613 205.5146 56.6383 107.0485 0.001142
0 490.0119 10.3011 44.0847 20.6022 0.001118
0 54.0303 15.3632 50.6401 29.9896 0.000694
0 318.3652 302.4176 30.5156 28.8383 0.000564
0 12.7329 27.4665 22.2312 37.0227 0.000424
0 405.2818 3.3991 23.1347 6.7798 0.000384
0 18.2575 21.2696 12.8064 16.9418 0.000375
0 12.2486 16.4457 23.2331 31.3919 0.000370
0 13.7168 21.4519 20.1347 18.7683 0.000240
0 64.0748 14.7057 29.3962 29.3293 0.000224
0 51.7936 2.5574 29.2076 5.0993 0.000120
0 17.0931 14.1214 17.4489 28.0109 0.000114
0 58.2326 10.1117 31.3721 20.2234 0.000100
0 491.8335 6.9754 33.6028 13.9505 0.000086
0 414.6240 3.5838 24.8369 7.0543 0.000069
0 169.2202 509.3449 30.3110 5.3102 0.000068
0 513.3974 6.8034 31.4311 13.6068 0.000066
0 83.0866 252.7811 28.4653 26.1092 0.000066
0 60.7286 5.1779 25.5775 10.2721 0.000066
0 307.4961 302.5892 27.9782 28.7257 0.000065
0 81.4549 9.6908 32.0004 19.3222 0.000060
0 76.8145 232.6321 19.9940 51.3188 0.000057
0 233.8591 277.4714 14.9713 12.0935 0.000049
0 71.1126 249.7977 33.9362 22.7769 0.000039
0 397.4071 8.6106 18.8671 17.2211 0.000038
0 296.7189 26.3594 22.5238 52.6145 0.000036
0 4.2419 47.6573 8.4838 71.8158 0.000035
0 23.0393 16.4391 19.4165 25.7320 0.000034
0 31.8702 14.8757 34.6960 28.3359 0.000033
0 47.7722 5.8637 36.2287 11.7274 0.000032
0 46.5298 10.9882 42.6772 21.9764 0.000029
0 231.8979 273.9648 16.7720 17.3229 0.000028
0 480.1133 4.4611 21.5265 8.9222 0.000027
0 201.7923 508.9565 25.1987 6.0870 0.000026
0 39.3034 2.8189 34.6016 5.6378 0.000026
0 179.9107 509.1154 34.9323 5.7691 0.000026
