0 243.8534 186.0173 15.6379 19.8979 0.857450
0 102.3766 451.0782 10.8959 13.9930 0.291791
0 349.4081 208.1918 13.1145 12.7882 0.240093
0 154.0173 374.1474 11.8895 15.5877 0.233754
0 329.9457 150.6906 25.5800 21.7725 0.169792
0 345.6746 153.8190 29.1804 23.0005 0.072687
0 346.1361 255.7769 17.1511 22.9357 0.065026
0 338.2642 148.2222 27.6269 18.5923 0.055862
0 355.7288 254.3117 34.6472 26.4967 0.011560
0 334.4246 97.5575 11.6248 13.3438 0.009576
0 368.7877 250.5246 10.1265 11.5598 0.006266
0 344.0837 43.7528 16.1724 9.2527 0.001710
0 30.7748 242.2345 11.3798 13.0566 0.001150
0 323.9603 159.4992 22.6375 24.0540 0.001060
0 97.3147 452.0526 19.5963 16.9790 0.001015
0 497.7366 158.2040 20.2431 20.5564 0.000911
0 322.2901 151.4680 16.9813 20.9048 0.000907
0 351.2687 178.4745 41.8501 73.7661 0.000726
0 363.3415 158.7412 17.1844 23.2641 0.000634
0 364.1293 158.3246 31.2578 27.2595 0.000612
0 102.1857 456.9896 12.3271 26.0264 0.000563
0 348.8247 217.8532 13.7115 31.7089 0.000482
0 331.4025 155.7913 34.5335 30.4513 0.000443
0 353.0413 157.3580 35.1786 26.9314 0.000418
0 355.2839 208.3225 24.2370 15.4005 0.000318
0 355.0562 240.7817 37.1218 55.2346 0.000149
0 148.1455 374.7043 20.9059 16.3057 0.000129
0 321.0966 166.5599 19.5217 18.0662 0.000128
0 367.0427 254.7925 12.7428 20.7725 0.000127
0 152.9645 366.3821 12.7031 29.8008 0.000120
0 4.1472 230.8651 8.2943 39.9904 0.000118
0 347.9681 233.6993 15.0181 40.1051 0.000116
0 461.6082 366.5491 12.8034 12.2429 0.000111
0 50.1504 3.1017 22.0652 6.1944 0.000100
0 343.7547 241.9324 20.7795 46.3407 0.000087
0 342.2621 208.5331 26.4410 18.1135 0.000084
0 340.1150 97.6332 21.5847 15.6302 0.000081
0 91.7813 455.2059 31.2856 21.8605 0.000078
0 157.5978 371.8659 17.6184 20.7416 0.000066
0 153.4552 367.5492 10.3666 17.5075 0.000061
0 350.8295 256.0107 16.9047 20.9902 0.000052
0 237.3227 188.0070 24.0393 22.8386 0.000049
0 350.7035 202.3886 15.4899 25.1339 0.000045
0 92.7477 450.4450 22.6107 17.0489 0.000043
0 154.1013 383.8705 12.2378 33.3093 0.000041
0 327.5871 97.1002 26.8877 18.9611 0.000037
0 31.8933 246.8958 13.5157 20.6278 0.000032
0 334.2763 92.9449 11.9830 23.7918 0.000031
0 341.6592 141.9925 28.9797 29.9610 0.000031
0 23.3254 240.9304 17.2801 16.2001 0.000027
0 163.0180 373.9883 22.8085 16.4575 0.000027
