0 326.2364 206.9323 20.7670 53.9135 0.692671
0 467.5097 211.7684 17.9774 25.0875 0.315628
0 331.5607 205.1904 13.3620 27.5369 0.035952
0 203.8522 209.8858 14.2054 19.4630 0.008547
0 329.1717 197.8716 17.0883 38.5479 0.006560
0 451.3996 235.0770 48.3535 71.2562 0.004369
0 70.0981 28.6162 45.8099 57.2323 0.003844
0 334.7239 196.6537 12.6044 44.4252 0.002226
0 423.6733 226.6632 21.6163 83.4916 0.000912
0 36.8362 206.9387 21.1589 20.6368 0.000852
0 62.7061 8.0257 44.3691 16.0514 0.000802
0 636.7545 202.1010 6.4910 75.1845 0.000585
0 461.3805 222.9218 28.3422 48.3609 0.000313
0 66.4828 14.4193 48.9076 28.8098 0.000293
0 205.3562 203.1898 15.9316 32.2776 0.000225
0 317.7975 200.9212 15.5382 47.1933 0.000128
0 112.1715 65.5558 29.8705 67.5943 0.000116
0 631.9468 198.3638 15.7999 77.7977 0.000104
0 635.5116 9.5715 8.9769 19.1430 0.000068
0 636.0424 19.6767 7.9032 39.3534 0.000043
0 197.0765 208.0672 21.9437 21.7178 0.000042
0 317.2943 201.5416 33.3414 65.8979 0.000038
0 83.0356 26.9719 23.6441 53.9437 0.000037
0 201.5627 213.9545 9.0208 11.1107 0.000036
0 427.7564 242.2121 16.3269 58.4240 0.000036
0 462.7967 211.8070 20.0773 34.7783 0.000036
0 25.2408 186.6915 50.4817 63.2787 0.000032
0 203.4931 220.8759 15.1493 46.3391 0.000032
0 202.5078 216.2254 13.1479 9.8787 0.000028
