0 281.2265 195.8256 20.6829 77.4335 0.862902
0 231.5155 215.1896 23.5677 30.6887 0.786406
0 409.1732 193.6407 30.8929 85.2615 0.617665
0 420.5057 193.9877 29.9767 85.4733 0.169175
0 416.3284 204.7392 12.3642 63.0838 0.014741
0 239.6164 213.2948 40.1579 36.8966 0.009629
0 247.9655 198.2349 58.6182 68.0054 0.009205
0 217.7524 505.1162 40.7902 13.7676 0.000210
0 614.1574 499.3342 42.8559 25.3315 0.000171
0 433.3054 188.6167 10.5754 51.6417 0.000165
0 234.6858 202.1549 29.7958 57.0715 0.000133
0 202.1134 504.8769 46.2979 14.2041 0.000112
0 388.1157 496.1635 25.7932 31.2108 0.000103
0 431.3094 197.0667 19.2029 80.1407 0.000078
0 254.3362 216.0416 40.8635 33.5272 0.000053
0 423.2088 211.6342 21.6538 55.1736 0.000049
0 432.8728 175.1933 9.2147 20.9061 0.000044
0 635.2961 276.1132 9.4077 96.0718 0.000042
0 6.0362 500.8469 12.0724 22.3062 0.000036
0 432.3847 172.3892 11.9187 51.1100 0.000035
0 628.1944 499.2326 23.6112 25.3898 0.000031
0 636.0876 496.3293 7.8076 31.3415 0.000031
0 475.0253 506.5782 34.8256 10.8436 0.000030
