0 308.5588 185.9378 25.8071 60.5316 0.879212
0 571.4378 432.4970 23.0176 38.1938 0.061502
0 614.5535 507.1015 26.2796 9.7956 0.002813
0 94.0160 140.3099 14.7003 11.3166 0.002288
0 636.7686 143.0683 6.4626 59.7032 0.001039
0 601.5090 507.0585 27.0900 9.8828 0.000803
0 246.0879 288.2478 30.8882 38.5709 0.000803
0 636.8339 122.1954 6.3321 50.3327 0.000737
0 33.1850 509.2825 21.6446 5.4349 0.000695
0 633.4978 463.8033 12.7947 36.2516 0.000660
0 107.2349 508.6548 26.3113 6.6903 0.000643
0 607.3333 505.1645 22.4504 13.6710 0.000606
0 185.3843 508.9567 20.2499 6.0865 0.000447
0 635.5183 504.2465 8.9635 15.5070 0.000344
0 89.1782 286.3308 22.3120 61.2298 0.000309
0 579.9144 432.7053 22.4487 37.9810 0.000301
0 636.8988 495.2068 6.2024 31.3181 0.000245
0 103.2085 507.3910 32.0212 9.2179 0.000230
0 6.5987 334.5331 13.1974 40.7217 0.000214
0 634.4538 451.7343 11.0924 39.6643 0.000201
0 110.3400 499.8182 24.3038 24.3635 0.000189
0 7.9129 233.3853 15.2957 28.4221 0.000188
0 485.4743 213.7785 8.8509 23.1469 0.000188
0 191.9375 508.5075 21.8097 6.9839 0.000171
0 621.7975 507.9940 28.8617 8.0120 0.000133
0 597.7218 508.9092 34.4917 6.1815 0.000131
0 301.4737 271.2442 18.3085 32.7974 0.000122
0 636.5921 474.8349 6.8158 42.6154 0.000110
0 564.2146 433.2847 25.3097 38.9225 0.000095
0 29.9989 508.2437 22.8163 7.4653 0.000094
0 625.9862 503.2296 23.9054 17.2789 0.000091
0 636.7166 96.7821 6.5648 79.8059 0.000089
0 609.4421 508.2409 27.4771 7.5182 0.000088
0 636.9536 262.9337 6.0928 34.6152 0.000087
0 42.4071 508.2076 31.0928 7.5847 0.000087
0 585.5549 509.2677 22.5015 5.4646 0.000085
0 585.0786 429.2722 13.4777 30.2539 0.000083
0 1.6975 280.1484 3.3950 30.3645 0.000081
0 638.0653 159.9594 3.8694 53.0673 0.000080
0 2.5086 124.0316 5.0173 34.1556 0.000077
0 2.8142 270.9034 5.6284 36.4677 0.000075
0 532.9464 231.7880 12.5596 36.9884 0.000073
0 115.4658 271.8266 25.3685 38.4763 0.000070
0 588.2590 422.1143 10.1570 16.4432 0.000063
0 175.6581 3.9872 40.1868 7.9744 0.000062
0 636.2199 272.6311 7.5600 44.5446 0.000062
0 106.2434 272.1449 19.5737 39.9713 0.000061
0 625.9642 451.2758 22.3883 28.6558 0.000059
0 117.6531 507.5326 28.9605 8.9348 0.000055
0 4.8080 310.9045 9.6160 68.4452 0.000055
0 280.6436 272.6031 27.3490 67.6990 0.000053
0 237.6370 3.4570 18.5609 6.9139 0.000052
0 341.0816 507.8329 24.3499 8.3341 0.000050
0 95.7746 278.2259 22.7935 47.3359 0.000046
0 6.3652 355.2142 12.7304 75.5781 0.000046
0 3.1035 283.5779 6.2069 40.5920 0.000045
0 164.7680 5.1731 33.5706 10.3462 0.000045
0 636.0917 167.9933 7.8167 45.0919 0.000042
0 347.7232 507.1212 26.4634 9.7576 0.000040
0 638.3502 392.4126 3.2997 40.3836 0.000039
0 538.0862 225.8385 21.2849 43.9250 0.000039
0 627.9664 461.7727 21.4277 29.8676 0.000038
0 94.6350 146.9498 16.6563 24.8314 0.000035
0 22.1113 508.5172 28.3403 6.9656 0.000034
0 95.3577 128.7845 19.1866 33.1403 0.000034
0 265.7193 274.3986 45.6036 64.7755 0.000033
0 631.1413 19.3862 17.7174 37.2320 0.000033
0 632.8210 441.2162 13.8773 27.8750 0.000032
0 631.4559 9.4221 17.0210 18.8442 0.000031
0 636.2164 437.1278 7.4965 29.8566 0.000030
0 334.5652 506.6981 22.8838 10.6038 0.000029
0 634.9703 489.7423 10.0593 43.9834 0.000029
0 485.4711 221.6677 10.6870 38.2639 0.000029
0 1.5538 128.3931 3.1076 25.9254 0.000029
0 635.5706 334.0790 8.8588 58.2476 0.000029
0 634.1305 350.1751 11.7390 45.4117 0.000028
0 564.3800 210.7306 10.0938 17.6600 0.000027
0 99.6832 139.3863 25.7959 14.4999 0.000027
0 511.5059 155.9679 18.1537 31.6411 0.000027
0 636.4609 454.7697 7.0782 30.4056 0.000027
0 88.1930 507.9143 36.8641 8.1714 0.000025
