0 278.9953 285.0568 31.7104 69.7293 0.903282
0 378.8951 303.0898 24.3097 74.6638 0.882769
0 437.0369 298.7141 26.7487 74.2917 0.856728
0 2.8518 261.4136 5.6997 59.4574 0.001009
0 2.7347 291.1576 5.4694 77.4663 0.000955
0 611.2480 12.5360 28.2869 25.0642 0.000687
0 86.3121 268.3908 6.5459 27.5169 0.000337
0 635.2164 158.1231 9.5672 115.4096 0.000323
0 635.9840 230.7408 8.0320 93.4492 0.000244
0 1.9063 255.3661 3.8126 55.3988 0.000200
0 622.5832 14.6470 34.8239 29.2940 0.000151
0 613.7403 8.5849 25.9028 17.1698 0.000144
0 89.0607 266.6156 7.9129 35.2244 0.000117
0 635.8143 195.9980 8.3715 98.7043 0.000113
0 597.9523 12.2767 52.1558 24.5338 0.000105
0 87.3803 267.1721 5.3669 15.2307 0.000048
0 87.4625 260.4341 5.4902 19.7476 0.000045
0 186.3459 140.6255 37.7728 55.8543 0.000039
0 86.0525 259.5769 6.0145 25.9738 0.000037
0 588.0844 22.5389 74.1118 45.0778 0.000036
0 635.4097 277.9342 9.1805 150.4838 0.000031
0 586.6836 55.3571 72.4094 110.7141 0.000031
