0 315.5483 216.8185 29.1134 71.7946 0.860637
0 309.1821 178.1876 23.5011 50.3382 0.851060
0 571.8471 432.3314 23.3088 37.6694 0.051203
0 94.8056 140.0124 14.1984 10.7697 0.003232
0 614.6096 506.9461 27.2687 10.1064 0.002339
0 637.0198 145.1101 5.9605 59.5372 0.001486
0 109.5242 508.6539 23.2555 6.6921 0.000801
0 312.0630 190.6487 25.6377 33.8728 0.000704
0 183.8607 509.2249 21.8508 5.5483 0.000679
0 602.5941 506.7721 28.6117 10.4558 0.000665
0 637.1340 124.0530 5.7320 49.3588 0.000659
0 634.0220 459.0692 11.9559 29.0377 0.000611
0 581.4562 431.6884 19.6869 35.9730 0.000393
0 111.4741 499.4492 22.4787 25.0087 0.000375
0 635.3775 504.5662 9.2450 14.8676 0.000372
0 110.5577 505.9239 23.2608 12.1522 0.000311
0 88.8262 285.0579 21.0139 57.8940 0.000242
0 113.7079 271.7610 21.7080 36.1966 0.000216
0 251.6647 286.9050 31.0969 39.2801 0.000196
0 636.7941 497.9605 6.4117 27.0477 0.000196
0 485.6775 214.3417 8.4529 23.1428 0.000183
0 2.8101 270.7159 5.6201 35.4814 0.000177
0 102.9538 507.9482 31.9267 8.1036 0.000173
0 6.6895 334.1197 13.3790 42.1104 0.000139
0 633.0267 449.5876 13.8514 37.9418 0.000132
0 360.7762 236.1729 16.6256 32.0406 0.000124
0 193.7993 508.5136 24.6334 6.9729 0.000122
0 597.0173 508.7574 35.8377 6.4853 0.000112
0 625.0679 503.8403 25.3568 16.1072 0.000112
0 9.1982 232.4237 16.5187 28.0326 0.000111
0 2.3666 129.5314 4.7331 24.0757 0.000111
0 638.1945 160.0547 3.6111 52.3337 0.000111
0 106.7935 273.9540 19.2100 35.8621 0.000108
0 588.6400 422.4842 10.4773 17.6600 0.000101
0 164.7820 5.4724 32.5223 10.9448 0.000100
0 6.3784 358.1167 12.7567 70.2229 0.000097
0 633.9746 471.6201 11.8386 48.5200 0.000096
0 175.2100 4.0313 40.1920 8.0625 0.000091
0 609.3672 508.2104 28.9028 7.5792 0.000090
0 636.1908 434.3616 7.6184 25.5683 0.000086
0 635.1177 442.7353 9.7646 32.3590 0.000086
0 2.2149 277.3327 4.4297 31.4485 0.000086
0 636.6895 474.2577 6.6210 35.1733 0.000080
0 622.2155 507.9235 28.1484 8.1531 0.000080
0 4.5218 267.7345 9.0436 41.1832 0.000079
0 636.1477 488.5690 7.7046 42.5816 0.000079
0 535.7484 226.5474 17.0866 45.2788 0.000076
0 626.1484 451.7369 22.5144 27.9655 0.000075
0 636.4312 113.1190 7.1377 54.7507 0.000060
0 585.3630 509.4597 21.1541 5.0806 0.000057
0 340.8676 507.8587 24.3346 8.2826 0.000053
0 96.2038 278.1688 22.2728 48.9124 0.000052
0 118.3375 507.9119 25.5001 8.1761 0.000048
0 347.0755 507.2052 24.5311 9.5896 0.000046
0 638.3630 394.3864 3.2740 42.4825 0.000045
0 168.7346 508.5028 27.4582 6.9944 0.000044
0 563.4788 429.9476 24.5876 37.3018 0.000042
0 335.0286 506.3453 23.0648 11.3094 0.000041
0 1.9097 264.6054 3.8194 41.7522 0.000038
0 1.5835 121.1638 3.1669 35.3170 0.000038
0 637.4863 261.5177 5.0274 33.3369 0.000038
0 636.9258 269.6853 6.1485 42.7181 0.000035
0 237.6241 3.3541 18.7548 6.7082 0.000033
0 96.3121 130.3144 18.1233 28.8466 0.000031
0 558.8721 459.7856 15.2715 21.2285 0.000031
0 269.1006 284.3792 15.4596 39.8694 0.000031
0 34.7060 509.0139 21.5080 5.9722 0.000031
0 627.8113 461.1783 21.9387 29.4667 0.000029
0 3.4934 288.8459 6.9867 51.5042 0.000029
0 321.8620 195.9423 17.3191 28.9968 0.000027
0 5.2829 279.8310 10.5657 30.9105 0.000026
0 636.1185 168.3915 7.7630 58.8325 0.000026
