0 253.1580 279.9159 36.6996 28.5050 0.880610
0 179.6652 421.6019 23.7245 22.4061 0.845354
0 142.1304 90.0104 17.4734 17.0027 0.094757
0 619.0784 380.7896 33.6408 60.0917 0.008116
0 602.1473 52.5247 16.8776 25.1190 0.006633
0 619.6252 362.5054 31.8258 22.8867 0.004958
0 82.8284 2.7589 21.8612 5.4945 0.001147
0 6.4044 13.6032 12.8087 27.2063 0.001133
0 116.1172 43.7159 22.1251 19.2812 0.001058
0 141.6132 82.2433 17.9008 33.6381 0.000450
0 632.9977 341.4610 14.0046 48.3454 0.000383
0 144.8159 94.8227 24.6483 27.5315 0.000303
0 90.2004 3.3195 35.4584 6.6378 0.000259
0 635.2584 328.1579 9.4832 47.5138 0.000220
0 627.1901 350.8646 23.1970 37.6638 0.000177
0 133.8838 66.3213 33.1553 61.8300 0.000170
0 75.7693 3.2207 33.8490 6.4415 0.000162
0 588.2666 162.7158 10.6696 11.9882 0.000158
0 11.8748 7.7184 23.7497 15.4187 0.000101
0 243.7379 279.6006 18.2532 27.5662 0.000082
0 134.5510 91.3024 33.3379 20.9398 0.000081
0 6.7538 29.0818 13.5076 58.1636 0.000080
0 90.9274 5.6479 40.4173 11.2957 0.000078
0 636.4871 313.2574 7.0258 37.2371 0.000073
0 636.5487 431.5022 6.9025 34.3790 0.000072
0 628.8207 433.1564 22.3586 36.4119 0.000072
0 636.6285 11.2644 6.7429 21.2196 0.000064
0 621.0227 411.2507 37.8055 68.4368 0.000064
0 619.1823 402.8907 37.5916 40.7178 0.000041
0 636.6213 416.5333 6.7574 51.8029 0.000037
0 13.9733 13.6500 27.8825 27.3000 0.000036
0 628.9894 23.4831 22.0212 45.9941 0.000035
0 632.7040 16.4922 14.5920 32.7803 0.000035
0 149.4766 106.4789 33.5039 52.3169 0.000034
0 637.0995 289.9348 5.8009 64.3447 0.000033
