0 285.9473 206.8729 28.7409 55.4685 0.890611
0 334.7897 232.3688 31.6322 55.4074 0.859814
0 569.7978 432.6144 23.1881 37.2274 0.082000
0 609.4413 506.5580 26.5871 10.8840 0.002647
0 636.7406 143.6099 6.5189 51.5862 0.001729
0 619.7126 507.5280 28.7318 8.9438 0.001277
0 484.8582 214.1370 8.2391 22.9983 0.001150
0 106.6581 508.6962 22.3816 6.6078 0.001071
0 8.2259 232.9875 16.1520 27.5734 0.000957
0 93.4731 140.3523 15.0427 11.8510 0.000944
0 183.3780 509.1811 20.6594 5.6379 0.000814
0 636.5048 125.0167 6.9905 53.4268 0.000530
0 635.8270 504.2051 8.3461 15.5898 0.000385
0 632.9509 458.3246 14.0982 29.4319 0.000375
0 101.7765 507.3960 33.3123 9.1437 0.000351
0 598.1663 507.5618 31.5764 8.8765 0.000347
0 326.9394 278.5521 19.1085 31.5327 0.000327
0 602.6321 505.0486 25.0105 13.9028 0.000323
0 109.1624 501.3874 24.4830 21.2251 0.000297
0 578.1862 432.1267 24.8299 34.6497 0.000279
0 189.2745 508.5688 22.9194 6.8624 0.000227
0 637.0427 498.2921 5.9145 26.4071 0.000217
0 562.1275 439.2133 24.7499 41.8502 0.000201
0 6.2864 334.9956 12.5729 41.6020 0.000200
0 88.8977 285.9808 22.6837 59.2094 0.000188
0 340.0729 507.8534 24.5406 8.2931 0.000171
0 637.9944 159.7390 4.0111 59.3312 0.000167
0 245.2191 288.2932 28.4924 39.7989 0.000147
0 31.8043 509.0056 22.9082 5.9889 0.000127
0 636.6596 432.6970 6.6807 24.9394 0.000114
0 113.0427 508.1010 26.6774 7.7980 0.000111
0 558.5818 458.5761 15.4573 22.2729 0.000098
0 531.2742 236.3285 12.8105 35.7857 0.000087
0 638.2216 392.4214 3.5569 37.1287 0.000082
0 636.9383 481.2923 6.1233 45.2758 0.000081
0 176.4279 508.3739 27.1356 7.2521 0.000080
0 593.2350 509.4064 31.6407 5.1871 0.000079
0 422.1848 231.1414 18.0359 33.7527 0.000076
0 637.3450 112.8021 5.3100 53.8426 0.000073
0 343.1475 230.7587 19.0472 51.6956 0.000071
0 627.8540 454.5327 21.5381 27.1487 0.000069
0 636.1110 265.1720 7.7779 35.3134 0.000068
0 115.6917 273.0074 24.7969 35.0641 0.000067
0 636.4878 402.5592 7.0243 49.4406 0.000065
0 587.7719 421.9515 9.7039 15.3470 0.000064
0 637.6354 267.9780 4.7291 50.6262 0.000062
0 632.2596 447.4526 15.3572 40.6741 0.000061
0 169.9941 508.7389 27.5993 6.5222 0.000054
0 89.9112 506.9782 37.5253 9.9990 0.000052
0 175.0852 4.0235 43.3314 8.0469 0.000051
0 580.6616 509.3452 21.3420 5.3096 0.000051
0 412.1733 233.0663 19.8298 35.6789 0.000048
0 484.8940 222.1787 10.0774 37.7586 0.000047
0 163.8545 5.1401 33.5632 10.2802 0.000046
0 105.5769 274.9411 19.2537 34.2578 0.000044
0 1.4592 119.1909 2.9184 36.8943 0.000043
0 6.4188 359.3605 12.8376 71.4285 0.000041
0 2.4738 121.3844 4.9476 37.7924 0.000041
0 428.5564 230.0734 11.3762 32.5928 0.000037
0 161.9314 10.2888 32.1596 20.5775 0.000037
0 93.4333 146.8519 15.9770 24.7933 0.000036
0 1.5623 129.4496 3.1246 28.0686 0.000036
0 286.2437 230.6661 27.9497 48.6218 0.000036
0 352.0826 507.1740 27.8571 9.6519 0.000036
0 328.5189 507.5556 26.0198 8.8888 0.000035
0 631.1083 19.7183 17.7834 38.8933 0.000034
0 614.2419 334.0962 20.2053 43.8352 0.000034
0 95.9509 278.2389 23.8278 46.6254 0.000034
0 609.1915 35.5605 16.9478 31.6680 0.000032
0 408.7001 237.9304 15.5565 28.0009 0.000031
0 632.2078 9.1987 15.5844 18.3974 0.000031
0 1.4831 104.5306 2.9661 37.9698 0.000030
0 630.0570 3.9004 18.0645 7.7360 0.000030
0 634.5094 5.0401 10.9812 9.7831 0.000029
0 626.3035 503.5012 23.4180 16.7129 0.000029
0 633.8080 471.6337 12.0970 47.8884 0.000028
0 636.8387 442.0052 6.3225 32.6920 0.000026
0 4.6386 312.3715 9.2771 63.0801 0.000026
0 559.3088 449.9920 16.5090 35.3643 0.000025
