0 165.3883 217.2015 12.0168 19.4582 0.826650
0 179.9340 220.6100 15.1021 17.6344 0.367319
0 9.4503 428.3209 18.2147 15.5861 0.044158
0 81.9820 215.6111 12.1083 19.8207 0.024268
0 333.4373 3.5702 15.1375 7.0964 0.013612
0 336.4484 2.3569 10.9760 4.7138 0.007628
0 339.7490 3.6261 17.9952 7.2522 0.006066
0 333.6457 7.8243 14.7385 15.6427 0.001962
0 528.1048 66.5775 18.8809 25.5283 0.001811
0 2.3876 58.8804 4.7750 28.4715 0.001126
0 392.8487 503.3862 15.0407 17.2168 0.001074
0 325.4894 5.6235 27.7715 11.0850 0.000814
0 340.1301 7.9231 20.7546 15.8461 0.000628
0 337.1089 12.6326 15.8286 24.8308 0.000571
0 344.7455 2.5821 21.0709 5.1641 0.000396
0 23.2722 8.1904 20.2117 16.2672 0.000391
0 337.0823 6.6255 13.0467 13.2510 0.000272
0 293.5608 286.9847 9.8198 9.4528 0.000251
0 326.0609 16.4804 25.6873 32.3504 0.000242
0 1.8796 72.8185 3.7592 23.4004 0.000198
0 9.2830 420.3750 18.5532 31.5164 0.000148
0 75.5103 215.9687 18.5191 20.9970 0.000139
0 383.1335 502.1937 35.4165 19.6126 0.000137
0 637.8706 121.0444 4.2588 22.2457 0.000125
0 635.8941 60.5391 8.2118 27.1072 0.000124
0 328.3283 7.2360 18.6544 13.8442 0.000101
0 362.9866 149.9240 14.0543 20.0428 0.000098
0 80.6303 222.6589 14.0193 32.6974 0.000078
0 391.1659 505.6669 21.8088 12.6662 0.000074
0 350.6572 2.1596 20.6703 4.3118 0.000072
0 24.6827 10.4446 14.6756 12.5358 0.000070
0 325.7708 4.0378 16.3536 7.6054 0.000061
0 347.0365 4.2814 29.0100 8.5628 0.000060
0 152.9096 216.6230 14.6490 19.3320 0.000052
0 2.6807 66.5256 5.3614 18.6988 0.000041
0 523.0956 65.7347 13.9814 28.0480 0.000041
0 242.5462 218.9604 11.0323 12.7847 0.000035
0 34.0904 7.9704 28.8637 15.8742 0.000034
0 165.8319 228.2126 14.1199 40.5693 0.000032
0 534.0550 66.7557 11.6230 23.2597 0.000031
0 400.0663 505.9778 30.1547 12.0443 0.000031
0 323.0671 8.6406 14.1114 15.2248 0.000030
0 9.0911 435.1366 18.1821 29.9873 0.000030
0 169.3475 225.5203 13.6559 33.0847 0.000029
0 545.8884 508.5661 20.5560 6.8678 0.000027
0 172.7865 211.2476 8.7666 17.2797 0.000026
