0 363.2915 265.2954 20.6310 36.1083 0.834636
0 358.5821 245.7565 19.5165 36.8006 0.766045
0 4.0981 196.2889 8.1962 58.1942 0.006597
0 5.1835 180.1626 10.3669 52.9419 0.002590
0 7.2050 193.9273 14.4100 59.3793 0.002542
0 540.2072 18.8089 42.2167 37.6178 0.000880
0 356.1660 508.8129 22.2868 6.3743 0.000774
0 541.3481 30.0076 47.0586 60.0122 0.000520
0 348.3431 246.8500 21.6470 40.8549 0.000494
0 636.4820 388.4099 7.0343 42.8219 0.000319
0 3.6239 158.1259 7.2478 73.3718 0.000283
0 259.9027 5.9940 20.5978 11.9879 0.000255
0 232.5387 8.5078 21.9727 16.9493 0.000215
0 636.2779 252.4211 7.4444 52.6499 0.000213
0 3.1854 116.4294 6.3707 57.7613 0.000191
0 314.4124 193.0430 9.0374 22.9357 0.000178
0 309.3380 505.0643 24.3581 13.8712 0.000160
0 7.6449 168.6672 15.2897 62.1066 0.000151
0 231.6591 3.8709 22.3895 7.7417 0.000136
0 16.9139 168.9814 33.8278 50.7292 0.000131
0 252.0040 7.3203 26.9614 14.6311 0.000128
0 3.5217 33.5536 7.0433 54.8902 0.000125
0 251.9459 3.8910 29.6807 7.7585 0.000122
0 357.6288 257.1213 23.2520 39.6236 0.000119
0 229.7513 252.7952 9.2114 11.6684 0.000112
0 11.0523 203.2286 22.1046 69.1100 0.000112
0 5.0436 220.7600 10.0764 74.0609 0.000103
0 240.2805 10.2336 33.8150 20.4671 0.000101
0 343.6892 507.7990 27.9147 8.4020 0.000099
0 226.2613 13.5710 30.8997 27.1419 0.000095
0 472.4496 5.1459 33.7970 10.1263 0.000089
0 388.2150 507.9204 20.8433 8.1593 0.000081
0 636.5769 406.9412 6.8461 62.1697 0.000078
0 12.1614 184.7698 24.3228 46.1798 0.000072
0 381.1274 507.8858 29.4003 8.2285 0.000067
0 274.7146 169.2910 7.4087 9.2204 0.000063
0 316.3978 499.7992 34.8073 24.4017 0.000054
0 2.4101 133.3085 4.8061 51.8127 0.000045
0 207.4091 507.9833 23.7027 8.0334 0.000041
0 335.5288 173.7415 20.6351 35.6083 0.000041
0 249.5565 224.2636 18.3032 16.8090 0.000037
0 411.9144 381.8692 15.0278 27.7021 0.000037
0 202.1046 379.1324 11.7551 16.6351 0.000036
0 635.8004 369.5250 8.3992 76.0490 0.000035
0 4.4653 13.0696 8.9306 25.8998 0.000035
0 251.6165 263.5364 8.9120 12.6450 0.000033
0 635.3184 233.4242 9.3632 60.5652 0.000032
0 637.1550 368.1979 5.6899 61.6536 0.000030
0 287.3634 506.4616 34.7241 11.0767 0.000030
0 333.4128 506.4031 25.6667 11.1938 0.000029
0 214.8463 507.3808 23.3058 9.2384 0.000029
0 368.7012 509.0005 28.9759 5.9991 0.000028
0 240.9643 4.7224 37.0342 9.4448 0.000027
0 365.1530 241.7738 17.1904 32.1848 0.000026
0 394.9449 503.7360 21.5392 14.3021 0.000026
0 353.2082 410.0678 10.2192 11.5598 0.000025
