0 386.7605 224.5808 13.8465 32.1085 0.754777
0 536.9186 18.2817 43.4918 36.5594 0.005819
0 5.5554 207.9658 11.1107 59.4570 0.004282
0 6.0554 192.6054 12.1108 52.7365 0.002408
0 272.4541 508.6895 19.8051 6.6209 0.000875
0 391.0645 214.6623 11.3481 16.0763 0.000416
0 269.5568 175.1683 8.5281 9.2440 0.000330
0 4.1192 172.1816 8.2383 68.9986 0.000200
0 7.7388 179.2964 15.3643 60.7515 0.000194
0 635.7543 389.3113 8.4913 43.3575 0.000144
0 2.9105 36.6804 5.8210 63.3832 0.000131
0 208.9162 508.1163 14.9347 7.7613 0.000131
0 394.3268 212.8225 13.1011 14.0722 0.000110
0 263.1403 508.0457 32.1565 7.9084 0.000102
0 2.9638 123.9449 5.9275 65.6367 0.000080
0 525.8096 6.4902 29.8100 12.9803 0.000074
0 382.2907 221.7986 19.7215 36.5003 0.000072
0 288.3669 507.9068 40.9569 8.1865 0.000072
0 390.4351 228.8587 18.3206 42.4374 0.000067
0 336.2931 197.5631 13.2563 19.7460 0.000066
0 247.7247 269.6476 13.2960 14.2583 0.000064
0 636.1157 240.1139 7.7686 37.1756 0.000061
0 227.4202 508.2601 18.7132 7.4797 0.000061
0 219.0984 508.0340 23.5396 7.9321 0.000055
0 255.3417 231.5308 16.4267 14.0492 0.000055
0 396.6940 219.4997 19.4835 26.2593 0.000053
0 272.2101 505.1136 20.2750 13.7727 0.000052
0 223.3355 257.7346 14.9652 15.8161 0.000045
0 7.4812 35.0973 14.9623 69.5688 0.000043
0 14.6769 205.8978 27.6987 51.6422 0.000041
0 268.2125 178.1428 10.6927 15.8412 0.000037
0 5.3114 234.2762 10.6228 82.0422 0.000033
0 345.3022 506.5186 35.2285 10.9627 0.000031
0 303.4820 508.6673 23.2837 6.6653 0.000030
0 13.5461 9.1905 25.7598 18.3810 0.000030
0 481.5070 505.2523 29.0183 13.4955 0.000029
0 331.7426 199.5597 13.0242 17.4450 0.000028
0 392.0315 217.6597 16.1685 33.9091 0.000028
0 246.9825 268.7710 9.8068 9.9690 0.000027
0 20.8575 4.9809 30.8491 9.8027 0.000027
0 19.2002 35.3454 38.4004 70.6908 0.000026
0 252.7413 181.9770 15.2322 12.1275 0.000025
0 3.0922 149.0690 6.1844 61.5763 0.000025
0 285.0143 286.7398 8.6544 32.4565 0.000025
