0 378.6769 135.1673 15.2630 37.4948 0.522037
0 96.5256 5.5066 32.9693 11.0129 0.006874
0 4.6433 161.6111 9.2866 60.0543 0.004418
0 82.4690 4.2997 34.3808 8.5975 0.004293
0 5.3700 141.2953 10.7401 55.2275 0.003315
0 89.7411 8.3891 43.3382 16.7783 0.001768
0 528.2945 7.2003 36.8780 14.4006 0.001462
0 77.9336 9.3428 35.7442 18.6844 0.001066
0 539.5181 8.8124 37.7723 17.6248 0.000707
0 547.1683 7.0222 25.4348 14.0393 0.000690
0 515.6323 6.1265 27.8379 12.2485 0.000433
0 252.7581 508.6851 25.5263 6.6299 0.000429
0 448.4179 7.3167 28.8281 14.6313 0.000409
0 508.1120 7.9967 38.4075 15.9799 0.000357
0 90.9322 3.9397 29.4857 7.8493 0.000328
0 8.6821 155.8479 17.3642 64.2869 0.000317
0 6.3129 13.1134 12.6259 26.2267 0.000268
0 11.7174 133.9671 23.4348 58.0268 0.000266
0 3.5921 119.6007 7.1842 81.4707 0.000237
0 67.6032 4.6855 40.2537 9.3709 0.000219
0 438.1276 8.9823 47.2041 17.9331 0.000183
0 499.4037 5.9655 32.9530 11.9116 0.000180
0 635.7482 345.0727 8.5036 50.6233 0.000164
0 2.8917 90.5557 5.7827 59.3960 0.000150
0 636.2420 371.3331 7.5160 48.9537 0.000134
0 385.0011 134.8293 21.4911 39.4895 0.000125
0 636.2807 356.4268 7.4385 40.9826 0.000116
0 264.4324 508.2655 35.6120 7.4689 0.000109
0 635.9444 207.0975 8.0567 58.5814 0.000106
0 330.7552 507.6455 25.9338 8.6958 0.000106
0 93.7541 15.4653 38.9500 30.6110 0.000099
0 61.3667 11.3127 42.4527 22.6255 0.000083
0 373.8048 140.0211 20.9242 48.9519 0.000079
0 372.8163 33.3019 22.6357 41.1285 0.000074
0 406.4030 292.8810 32.3044 36.3047 0.000073
0 112.3605 5.1727 47.7342 10.3454 0.000070
0 277.9103 508.0997 29.9279 7.7579 0.000064
0 49.8661 12.5088 23.9642 25.0175 0.000055
0 243.5056 508.0829 39.3104 7.8341 0.000054
0 405.4478 417.9496 26.9092 27.0335 0.000044
0 6.2482 157.4838 12.4964 111.2456 0.000044
0 500.1985 4.2481 23.7145 8.4620 0.000044
0 101.0154 10.6269 36.7198 21.2538 0.000044
0 202.8647 508.0935 16.9810 7.8130 0.000041
0 223.8673 211.9193 13.9815 14.4510 0.000039
0 319.8111 76.2027 15.3129 13.2377 0.000038
0 270.6981 131.8539 8.1805 11.5004 0.000037
0 406.8014 332.9190 9.0642 11.7234 0.000036
0 270.8248 136.4221 9.1765 20.5161 0.000035
0 8.0487 121.9208 16.0565 75.0441 0.000033
0 357.5194 5.6256 19.8920 11.2444 0.000031
0 75.3643 13.3231 55.8087 26.5318 0.000029
0 457.2918 8.7108 45.7410 17.4216 0.000029
0 4.4242 198.5170 8.8484 71.3922 0.000026
0 552.4720 4.7780 30.6943 9.5560 0.000026
