0 359.8600 212.7833 16.8115 41.1588 0.850592
0 342.7476 12.0933 59.0635 24.1526 0.001448
0 359.2597 12.4896 25.5922 24.8275 0.001012
0 133.9919 499.5029 31.1251 24.5178 0.000846
0 312.2543 132.5992 16.5664 34.0986 0.000460
0 103.7608 7.1209 40.7486 14.2418 0.000415
0 139.2116 506.1510 32.9057 11.6981 0.000200
0 20.0237 4.2179 34.7485 8.3915 0.000183
0 10.9513 4.3796 21.2290 8.7540 0.000139
0 637.1636 202.8879 5.6728 37.6387 0.000121
0 122.7284 497.1494 53.5008 29.0519 0.000106
0 8.5837 9.8491 17.1674 19.6981 0.000095
0 5.2892 17.2076 10.5784 34.4152 0.000092
0 333.9253 5.5056 56.8237 10.8681 0.000072
0 316.6555 2.4082 25.7900 4.8164 0.000066
0 310.1039 107.2897 12.9910 12.2936 0.000062
0 327.8172 2.9329 43.1673 5.8658 0.000058
0 34.8533 5.3127 30.2286 10.6153 0.000057
0 323.9815 298.7127 13.4182 24.4895 0.000053
0 6.4454 482.5130 12.8404 58.7252 0.000049
0 19.0311 15.6676 38.0622 31.3353 0.000046
0 8.0310 21.1006 16.0619 42.2012 0.000043
0 473.2995 247.0156 19.7907 63.1473 0.000042
0 116.4092 6.3893 43.8690 12.7785 0.000039
0 4.3357 6.7062 8.6714 13.4123 0.000034
0 636.9377 216.6695 6.1246 54.3710 0.000031
0 8.0334 502.0267 16.0669 19.9200 0.000031
0 142.5763 508.7204 27.9884 6.5592 0.000029
0 4.7796 403.4962 9.5592 57.6633 0.000028
0 135.6965 509.5100 25.1858 4.9800 0.000026
