0 413.6379 135.4955 12.7974 22.1889 0.830455
0 9.6974 477.2021 19.3943 51.7944 0.004262
0 221.9946 393.1471 18.8418 17.5878 0.002231
0 3.6267 479.2352 7.2533 58.3167 0.002043
0 14.6447 485.2048 29.2646 53.5406 0.000578
0 211.8640 381.5271 37.8115 41.0054 0.000278
0 4.6122 458.5896 9.1818 59.7254 0.000252
0 218.1946 386.8888 26.6602 29.5563 0.000237
0 6.8880 452.1231 13.7689 84.6262 0.000205
0 139.7432 6.0646 35.7713 12.1292 0.000179
0 631.9551 489.7922 16.0642 44.4156 0.000160
0 2.8031 302.5168 5.6062 54.4179 0.000157
0 221.8981 406.0206 19.9976 43.0867 0.000137
0 572.8718 6.6949 37.3792 13.3748 0.000137
0 271.5211 508.5968 17.9356 6.8063 0.000111
0 216.7489 4.4195 25.9739 8.7819 0.000092
0 123.2199 383.9753 23.7137 47.1361 0.000089
0 2.9907 458.4562 5.9814 85.2112 0.000081
0 2.8785 318.8147 5.7426 55.4272 0.000080
0 276.2519 157.5969 11.3198 18.9216 0.000062
0 150.9228 5.0652 32.4844 10.1303 0.000059
0 356.2333 4.4325 39.6382 8.8650 0.000042
0 124.1967 373.0128 17.1433 26.0478 0.000034
0 636.5430 170.4097 6.9140 57.6679 0.000033
0 4.4169 431.5115 8.8337 78.9626 0.000031
0 583.9748 6.4859 20.9857 12.9718 0.000030
0 386.6149 263.9357 14.9426 16.1743 0.000030
0 4.6713 495.3854 9.3426 33.2292 0.000028
