0 400.5679 140.9397 13.9457 13.6960 0.754833
0 3.5071 474.5240 7.0141 54.2877 0.004546
0 222.0543 391.2961 18.8326 17.8131 0.003415
0 7.3890 476.4692 14.7746 56.7132 0.001011
0 4.5598 454.7266 9.1085 70.0710 0.000421
0 353.1235 192.6040 15.5483 17.0413 0.000255
0 211.1153 378.0829 39.7426 44.2895 0.000251
0 2.9170 306.2307 5.8340 56.5882 0.000244
0 395.9425 143.4508 20.8546 16.4330 0.000215
0 147.7262 9.7033 33.1411 19.4018 0.000117
0 573.4144 6.4527 35.3201 12.9055 0.000114
0 135.6132 5.6652 41.9835 11.3304 0.000113
0 3.5690 434.9302 7.1381 87.3116 0.000110
0 222.0015 402.8864 19.2184 42.4251 0.000107
0 146.5001 5.7546 26.5587 11.4485 0.000102
0 355.5901 4.8487 44.5704 9.6974 0.000101
0 16.3334 484.2398 32.6013 55.2460 0.000089
0 145.5284 3.6771 22.8073 7.3541 0.000084
0 636.1948 172.3813 7.6104 55.8299 0.000073
0 7.6649 444.8557 15.1795 60.9261 0.000064
0 405.2735 142.9245 20.1896 16.2636 0.000060
0 342.0120 4.1386 39.6489 8.2771 0.000051
0 636.2209 195.6581 7.5581 51.8532 0.000042
0 242.9809 176.0319 14.1671 17.6483 0.000038
0 422.1205 11.2765 36.3062 22.5530 0.000036
0 288.5840 508.9125 19.8853 6.1750 0.000034
0 432.9365 13.8690 54.6680 27.3286 0.000033
0 631.0097 489.1680 17.9806 45.6640 0.000030
0 636.5936 148.2143 6.8128 77.6346 0.000029
0 249.1718 309.9985 33.3791 40.8518 0.000029
0 344.0009 2.5952 27.7619 5.1554 0.000028
0 583.8813 6.2952 21.6353 12.5904 0.000028
0 121.6525 374.7686 28.4921 45.2352 0.000027
0 2.7232 325.0184 5.4264 54.3079 0.000027
0 10.4510 450.6271 20.6874 85.9315 0.000026
0 358.9641 244.9154 17.1923 14.8018 0.000026
0 636.7935 55.2304 6.4130 47.9291 0.000025
