0 244.0306 162.9668 26.3018 66.8755 0.888123
0 400.7265 314.3317 33.0983 80.1163 0.887868
0 264.9437 267.9223 47.4935 70.9052 0.858189
0 569.4168 428.3083 22.9055 39.5255 0.190318
0 106.4229 507.5702 21.3515 8.8596 0.003632
0 180.4340 507.8722 16.9277 8.2556 0.003371
0 8.6071 227.8692 16.9349 28.7740 0.001594
0 249.9437 273.7315 23.8447 61.7047 0.001374
0 247.2334 285.8380 23.0478 37.6416 0.001368
0 171.7613 507.8885 28.2323 8.2231 0.001170
0 632.1097 454.1855 15.3165 27.1528 0.000819
0 187.2809 507.9522 25.2693 8.0739 0.000583
0 107.3463 500.6330 20.9950 22.7341 0.000533
0 636.6070 141.5077 6.7858 48.6519 0.000490
0 636.9880 426.3362 6.0152 30.0612 0.000470
0 98.8766 506.9767 28.1767 10.0467 0.000380
0 507.8460 101.1919 13.9972 17.2424 0.000337
0 120.1404 236.4305 21.7565 38.7164 0.000328
0 625.9463 506.8325 20.5491 10.2041 0.000293
0 484.9665 205.6493 11.5106 30.2947 0.000285
0 634.5340 444.3635 10.9318 43.8273 0.000277
0 618.4611 507.0022 23.3860 9.9955 0.000235
0 577.4942 428.5534 24.4025 38.0004 0.000233
0 636.8537 495.2253 6.2926 30.7873 0.000223
0 106.4460 270.5195 17.9824 38.9070 0.000221
0 637.0876 261.4498 5.8247 38.5362 0.000181
0 220.4283 508.8037 20.2043 6.3927 0.000176
0 5.4151 330.6054 10.8302 44.2901 0.000169
0 302.8882 106.8404 13.9568 62.8200 0.000162
0 637.1477 408.0377 5.7046 57.1933 0.000149
0 591.3283 509.3352 26.6299 5.3296 0.000134
0 176.3800 505.0241 21.5726 13.7378 0.000132
0 114.4851 265.3592 21.6987 44.9435 0.000131
0 636.9218 123.6904 6.1563 46.4069 0.000123
0 1.4872 127.1488 2.9744 20.6064 0.000121
0 88.8261 284.0963 22.7128 60.5405 0.000117
0 95.6106 277.8334 28.3380 49.6039 0.000111
0 273.3094 278.5729 27.9158 45.1876 0.000107
0 636.9302 163.3217 6.1396 39.5430 0.000106
0 636.0176 502.9451 7.9648 18.1098 0.000102
0 4.7255 358.2433 9.4510 54.3137 0.000094
0 116.0741 508.0603 34.1095 7.8794 0.000092
0 228.8145 508.4378 26.8454 7.1244 0.000088
0 636.8469 483.2322 6.3061 42.0046 0.000085
0 484.7278 193.1101 17.8962 47.9428 0.000078
0 613.6571 504.0016 20.8662 15.9968 0.000075
0 637.8263 161.3106 4.3474 52.3101 0.000075
0 632.0113 15.1132 15.9774 30.2264 0.000074
0 560.9220 432.8092 18.8054 42.9072 0.000071
0 636.6510 381.8935 6.6979 55.6506 0.000068
0 2.0086 356.1824 4.0172 46.2755 0.000063
0 558.0303 451.5629 15.4827 22.9818 0.000063
0 638.1628 396.3718 3.6743 47.3845 0.000061
0 102.6318 504.3810 22.0013 15.2380 0.000057
0 628.9431 502.7791 18.1793 17.6101 0.000053
0 241.2421 508.1408 21.5139 7.7184 0.000051
0 580.9315 509.3102 23.1345 5.3796 0.000050
0 1.4466 114.6488 2.8933 39.7012 0.000049
0 586.3165 418.4177 10.9623 19.2305 0.000049
0 469.5135 252.5657 18.0651 25.4457 0.000047
0 184.0995 505.1983 20.0069 13.2333 0.000046
0 607.8226 506.4921 24.9146 11.0157 0.000045
0 613.7054 327.3150 21.8640 41.8187 0.000045
0 153.0138 507.5652 32.7426 8.8696 0.000044
0 588.1239 414.8173 9.7292 13.3242 0.000042
0 2.4039 118.3960 4.8078 34.2254 0.000042
0 476.2590 257.0815 17.1526 28.4543 0.000041
0 635.6793 463.5478 8.5940 29.7932 0.000041
0 632.9232 8.3038 14.1536 16.6076 0.000040
0 601.0804 508.5741 33.9817 6.8519 0.000039
0 616.1346 223.9578 20.3538 21.4796 0.000037
0 319.1890 147.8016 19.3049 26.9711 0.000036
0 635.4463 253.3627 9.1074 38.2291 0.000033
0 435.8260 497.9137 30.0314 28.0914 0.000032
0 635.5407 425.3455 8.9186 55.3506 0.000029
0 251.4316 244.5025 22.4181 28.8076 0.000028
0 313.4946 115.6580 32.7581 82.1985 0.000028
0 130.2327 508.2253 25.0772 7.5493 0.000026
0 596.7899 507.7801 20.7887 8.4398 0.000026
0 257.6870 255.9884 33.8165 50.5313 0.000025
0 189.1661 232.1760 17.5845 43.6894 0.000025
0 635.2629 473.4990 9.3997 56.1711 0.000025
