0 458.6033 221.0072 28.5563 69.8507 0.895997
0 102.1788 166.5992 17.1464 51.4110 0.789204
0 286.3663 206.2480 13.2858 32.0083 0.503819
0 84.8439 158.6115 14.1588 59.9094 0.015699
0 281.2354 206.0020 13.4815 31.3611 0.003070
0 635.9407 225.1622 8.1186 67.8679 0.002970
0 294.0699 207.4574 19.3524 34.2112 0.002214
0 94.3914 162.1964 26.1591 58.8658 0.001281
0 635.2672 14.9615 9.4658 29.8304 0.000596
0 94.1187 162.7885 16.0762 54.4099 0.000490
0 629.2860 17.2004 21.4034 34.4006 0.000352
0 578.9260 232.5547 25.7858 46.4309 0.000268
0 290.3260 206.1264 10.8757 32.1151 0.000215
0 486.8194 241.2665 6.9855 26.6462 0.000209
0 636.3699 32.7569 7.2601 65.4543 0.000207
0 635.7560 245.2793 8.4880 128.7999 0.000181
0 637.5265 229.2740 4.9470 57.2578 0.000160
0 305.5928 206.8946 14.2887 34.9922 0.000112
0 628.8930 9.2698 22.2139 18.4160 0.000108
0 632.1725 230.3170 14.9435 86.2881 0.000093
0 487.0599 247.2008 4.5134 14.2225 0.000074
0 3.2831 166.8917 6.5661 61.0840 0.000073
0 95.9173 167.5035 7.4774 41.4454 0.000067
0 131.6153 173.6407 15.0130 35.6190 0.000043
0 272.8595 204.4498 19.5208 29.3950 0.000039
0 572.3457 10.2058 29.4021 20.3966 0.000034
0 450.8726 220.5698 13.6199 67.5763 0.000030
0 571.2908 242.1644 21.4796 29.1639 0.000026
0 308.4014 209.8315 8.8666 28.9066 0.000025
