0 315.8108 198.7747 21.9555 56.6224 0.826234
0 466.3059 212.4614 18.5497 46.8789 0.825995
0 300.3067 203.1410 16.1651 43.5281 0.807834
0 310.6174 203.4918 16.2420 46.8721 0.023526
0 196.9352 195.9402 10.3778 38.3586 0.005689
0 306.1583 203.3911 10.6989 45.7448 0.004544
0 38.7701 5.3605 30.6673 10.7193 0.002387
0 38.9613 9.2472 33.7830 18.4934 0.002064
0 96.1815 180.1187 9.4235 48.0542 0.001624
0 621.3408 234.8759 13.3408 50.5849 0.001239
0 26.7612 8.8871 49.8155 17.7286 0.000712
0 99.4156 171.7417 14.7536 64.8358 0.000608
0 443.1811 220.7892 9.6738 31.5833 0.000495
0 48.4129 4.1167 28.5020 8.2134 0.000489
0 302.8976 206.6604 10.0607 41.2909 0.000361
0 51.1870 7.9692 49.0875 15.9385 0.000262
0 320.9729 204.1663 10.5055 44.2859 0.000135
0 2.8797 175.1261 5.7171 46.6966 0.000133
0 625.4653 227.6991 14.3296 35.4858 0.000128
0 581.8038 16.9873 32.8490 33.9681 0.000125
0 636.3437 239.9906 7.3126 63.8917 0.000097
0 450.2362 207.1206 19.9635 56.9152 0.000095
0 308.1253 198.9793 31.2910 57.0488 0.000062
0 465.1215 198.5239 13.1207 20.4722 0.000051
0 6.9622 177.4699 13.8751 49.4124 0.000049
0 103.2430 165.5042 23.1954 77.9626 0.000049
0 628.4291 235.1592 22.0695 54.2585 0.000045
0 303.2489 195.9379 13.0803 33.8459 0.000039
0 481.2506 216.3844 17.1018 37.9740 0.000036
0 461.2990 219.5155 11.1193 32.1850 0.000034
0 315.6880 204.6572 13.2357 43.6675 0.000033
0 634.9094 290.9078 10.1812 144.9294 0.000028
0 632.0140 266.8234 15.9719 73.0659 0.000026
