0 348.9140 128.3254 23.9153 57.4109 0.846691
0 382.3724 143.0235 20.7634 67.2323 0.843847
0 469.3882 33.1159 22.8802 26.6592 0.032131
0 287.6432 9.2216 25.5973 17.6091 0.005768
0 26.0306 58.6542 27.4198 91.0644 0.005308
0 579.2626 6.7006 40.1674 13.3901 0.003144
0 298.8578 8.6087 44.1062 17.1682 0.002362
0 310.9368 121.8839 21.0605 52.5707 0.001919
0 545.3244 42.8740 26.0865 33.3184 0.001503
0 439.5798 4.0087 24.8457 7.8992 0.001133
0 7.3031 101.8313 14.5645 62.2292 0.001031
0 8.1232 81.9358 16.2465 48.6145 0.001007
0 330.4279 125.3278 20.4501 52.1057 0.000844
0 446.8221 3.2907 25.2656 6.4821 0.000725
0 312.7937 114.1627 21.7397 31.4793 0.000709
0 637.0335 199.8440 5.9308 77.5161 0.000589
0 3.7653 83.7170 7.5306 51.9705 0.000581
0 307.4743 4.8607 35.1275 9.6930 0.000565
0 3.1653 100.1404 6.3306 55.9717 0.000420
0 271.4822 7.1444 31.0783 14.2887 0.000413
0 572.6905 168.7157 32.2593 34.4404 0.000364
0 261.4414 74.8812 35.2045 59.5697 0.000361
0 268.2582 75.1892 40.1370 71.6935 0.000329
0 425.0456 119.3868 19.9412 41.8997 0.000311
0 6.3241 59.6988 12.6272 88.2132 0.000307
0 249.9599 60.4242 19.5932 33.8338 0.000262
0 566.0244 179.4547 27.8213 56.2518 0.000244
0 13.6314 60.5111 26.5444 89.4473 0.000241
0 564.6292 5.4421 38.4420 10.8339 0.000228
0 210.8321 5.6913 24.8568 11.3660 0.000218
0 587.7725 167.5770 25.7151 40.0790 0.000213
0 272.3078 84.9811 27.8155 44.5945 0.000194
0 3.0967 132.8145 6.1934 91.7441 0.000182
0 522.2508 507.9186 45.1085 8.1628 0.000180
0 430.0797 5.7477 32.4422 11.0400 0.000163
0 598.5151 198.1386 20.4338 31.0813 0.000134
0 594.6237 146.4566 37.0597 82.5559 0.000126
0 308.4664 6.5133 49.0463 13.0266 0.000121
0 582.9101 176.2213 24.8065 54.5008 0.000119
0 320.7119 121.2940 26.9136 46.0100 0.000116
0 591.1555 5.5846 33.4738 11.1561 0.000116
0 637.1264 158.5856 5.7362 85.7453 0.000111
0 3.8551 237.4479 7.7101 111.8026 0.000106
0 316.3835 104.5382 29.4155 48.9683 0.000102
0 4.1460 114.7178 8.2886 68.5885 0.000089
0 423.5524 144.9861 18.4225 43.8291 0.000085
0 16.4496 38.4314 31.8188 57.7827 0.000078
0 41.2492 57.9606 51.6878 89.2807 0.000077
0 199.1685 5.0414 42.0691 10.0828 0.000075
0 466.2963 4.1002 28.2594 8.2004 0.000073
0 411.6112 5.1791 20.7543 10.3501 0.000070
0 460.5690 10.0517 30.2295 19.8869 0.000069
0 10.0184 48.0502 20.0368 72.3180 0.000068
0 636.3400 58.7698 7.3200 47.0718 0.000068
0 449.3770 9.3361 29.8547 18.4189 0.000067
0 590.0287 187.2296 25.2894 49.5479 0.000064
0 5.1702 8.8038 10.3404 17.6076 0.000060
0 407.1050 3.0920 20.5468 6.1840 0.000057
0 432.9400 118.3772 25.6267 41.4568 0.000057
0 551.2770 4.4945 37.0933 8.9890 0.000056
0 2.4210 149.8852 4.8420 66.5336 0.000056
0 3.0187 175.3902 6.0373 79.3222 0.000054
0 308.7182 107.9156 25.1426 24.3492 0.000051
0 561.5587 164.0309 18.3135 33.7886 0.000048
0 589.1479 174.7810 17.7590 36.2759 0.000043
0 6.8621 33.6929 13.7241 50.9603 0.000042
0 572.7279 172.5983 35.5571 59.9668 0.000041
0 65.8292 88.7291 14.8504 18.7908 0.000039
0 637.8361 185.9166 4.3279 79.9673 0.000037
0 473.7219 37.4614 19.4775 20.3596 0.000036
0 458.8692 19.0731 37.5116 36.5580 0.000036
0 427.7902 11.5113 33.6447 20.7917 0.000031
0 638.0720 207.5579 3.8560 57.2828 0.000031
0 512.5097 192.2164 21.4436 16.9600 0.000031
0 2.1309 194.2117 4.2617 79.0109 0.000030
0 413.8337 9.5328 23.3503 18.7888 0.000030
0 120.9867 98.3068 21.5326 67.1684 0.000028
0 313.7036 3.7568 27.7456 7.4653 0.000027
0 3.6587 399.0065 7.3174 84.2480 0.000025
