0 371.4013 310.2460 30.5207 41.7360 0.381096
0 271.1854 444.2229 22.1107 23.8928 0.010860
0 132.4804 499.7319 30.1227 24.5267 0.007574
0 281.5344 508.0642 30.4981 7.8716 0.002016
0 290.1618 508.6822 32.6696 6.6356 0.001777
0 53.0696 239.4451 23.9383 44.0081 0.000356
0 3.4149 193.7899 6.8297 28.8311 0.000306
0 514.4708 3.0133 14.0437 6.0156 0.000283
0 267.7530 449.0423 19.9813 33.3145 0.000266
0 190.6591 502.8047 30.6478 18.3906 0.000219
0 2.8429 457.9252 5.6849 31.5446 0.000188
0 535.2227 506.6630 24.6550 10.6597 0.000179
0 265.0519 507.3798 28.8486 9.2403 0.000173
0 154.8217 3.1051 24.2717 6.2031 0.000149
0 2.7610 444.5826 5.5220 61.5615 0.000125
0 56.0679 250.2119 29.3580 64.4150 0.000119
0 230.8736 6.2909 20.9946 12.5817 0.000089
0 295.4381 509.4461 24.6735 5.1078 0.000087
0 261.1161 441.5727 25.0836 22.1571 0.000079
0 165.0476 3.2725 27.1659 6.5451 0.000078
0 5.1686 53.3392 10.3146 25.0100 0.000073
0 262.9942 9.2007 20.9541 18.3285 0.000066
0 279.8278 445.3490 35.1667 28.0029 0.000061
0 160.1030 3.9208 18.6020 7.8416 0.000061
0 272.4659 508.5417 25.1835 6.9165 0.000060
0 279.3083 505.7246 34.6720 12.5508 0.000059
0 266.2396 5.5357 16.1507 10.8706 0.000056
0 143.7871 503.6646 40.9784 16.6708 0.000039
0 291.3665 504.8787 32.1028 14.2427 0.000038
0 635.9130 18.2052 8.1740 34.7113 0.000038
0 139.0536 2.5830 20.5198 5.1661 0.000036
0 123.6641 496.0957 49.5756 31.8085 0.000035
0 629.7176 23.1597 20.5648 46.3194 0.000033
0 3.0208 469.8766 6.0416 33.5869 0.000030
0 266.0273 437.5489 20.7300 28.7023 0.000030
0 636.0643 33.3139 7.8713 55.0253 0.000030
0 271.6142 460.9825 26.8605 56.9067 0.000028
0 632.2950 13.6610 15.4100 27.3220 0.000028
0 364.9247 212.8312 15.0964 16.8591 0.000026
0 577.5406 508.2362 33.7717 7.5275 0.000026
0 385.1129 47.1192 7.9524 14.9343 0.000025
