0 325.3502 214.2289 26.7126 50.1352 0.870722
0 420.3064 317.0977 29.1351 37.4764 0.859330
0 7.2643 506.3139 14.4775 11.3722 0.050943
0 13.8171 507.3812 27.1662 9.2375 0.004405
0 155.4104 5.2568 19.2701 10.5136 0.002618
0 2.2598 285.4441 4.5092 30.0558 0.001094
0 2.4497 58.3712 4.8995 18.8201 0.000877
0 163.1915 4.1921 24.9879 8.3466 0.000637
0 16.7807 227.8509 26.9364 23.6669 0.000559
0 170.9288 7.3494 29.8720 14.6322 0.000529
0 2.8124 49.7009 5.6237 29.9825 0.000478
0 151.3090 3.7669 21.5082 7.4545 0.000459
0 189.4330 3.1855 25.3008 6.3703 0.000445
0 4.8095 55.9055 9.5757 16.3940 0.000412
0 22.8491 508.4917 24.4262 6.9380 0.000381
0 180.5586 4.1892 20.1223 8.1734 0.000282
0 182.0067 7.0058 24.3280 13.6509 0.000254
0 2.6573 273.7039 5.2961 44.5109 0.000237
0 2.3319 390.9658 4.6639 38.8817 0.000209
0 2.6563 297.9359 5.3126 56.0368 0.000202
0 6.7153 496.9539 13.4306 30.0923 0.000167
0 26.1806 509.3864 16.3774 5.2272 0.000157
0 2.8421 68.5172 5.6821 42.3581 0.000138
0 199.5750 2.8702 22.1095 5.7331 0.000126
0 261.3550 507.9242 23.5978 8.1516 0.000113
0 29.6246 508.6379 24.6699 6.7242 0.000111
0 265.6804 4.6790 20.9870 9.2867 0.000104
0 6.6437 60.3978 13.0894 22.0535 0.000097
0 216.9364 503.2876 18.9854 17.4247 0.000095
0 130.6253 3.4074 14.3716 6.8148 0.000088
0 147.4737 6.7637 23.3441 13.4322 0.000075
0 550.9258 339.9218 17.4153 20.6714 0.000072
0 2.3360 150.4795 4.6720 48.2971 0.000063
0 115.7443 8.0170 20.0714 16.0341 0.000054
0 125.3397 3.7802 23.5298 7.5604 0.000054
0 1.5802 157.5162 3.1604 35.6785 0.000051
0 7.0662 49.0273 13.8524 23.8019 0.000048
0 275.9225 4.4605 37.9460 8.9210 0.000046
0 134.6658 6.2575 17.4604 12.5150 0.000042
0 140.5467 3.9302 26.3476 7.8604 0.000041
0 128.7063 5.8025 14.1341 11.5984 0.000040
0 202.6810 504.9052 40.8721 14.1897 0.000039
0 3.7931 500.2398 7.5862 23.5204 0.000035
0 191.7061 234.9052 14.9822 24.9008 0.000034
0 195.2918 4.3366 20.9391 8.6732 0.000034
0 8.7306 501.6373 17.4611 19.6470 0.000034
0 3.0034 402.7247 6.0068 43.1857 0.000033
0 33.8078 509.5683 23.5312 4.8635 0.000033
0 124.0329 8.1969 20.7188 16.3938 0.000029
0 3.8105 36.8230 7.4924 50.6870 0.000028
0 190.3490 507.2146 19.5871 9.5709 0.000027
0 1.4970 144.0650 2.9940 39.1149 0.000027
