0 469.1895 230.6521 37.0828 34.3560 0.884851
0 628.8349 246.8217 21.0157 23.4726 0.033557
0 5.5671 146.3774 11.1343 79.8380 0.030840
0 428.8708 5.0171 24.0046 10.0223 0.016145
0 17.9090 148.2930 34.9199 85.8031 0.012477
0 208.3957 14.1578 34.9763 28.2156 0.010318
0 221.9093 8.3581 31.4499 16.7161 0.004522
0 438.0312 5.6103 32.7327 11.0880 0.004342
0 319.2634 4.2005 31.1310 8.4009 0.002170
0 629.4961 255.3352 20.9011 43.4446 0.002085
0 213.8664 9.4896 24.5704 18.9792 0.001755
0 360.8186 3.4909 21.8961 6.9694 0.001685
0 306.5967 3.7958 35.4236 7.5906 0.001254
0 4.6768 425.5696 9.3527 38.4804 0.001113
0 429.2480 10.2555 21.3261 20.5109 0.000840
0 170.5340 509.6409 29.7483 4.6732 0.000811
0 635.7092 270.3105 8.5814 47.1487 0.000769
0 356.4534 6.1222 23.9555 12.2444 0.000702
0 636.2075 117.4568 7.5850 39.6421 0.000662
0 578.9244 159.5053 31.1337 37.5295 0.000654
0 3.4242 140.3879 6.8484 73.5502 0.000583
0 631.8512 234.6301 16.2529 38.0513 0.000582
0 233.0555 505.1334 29.6758 13.7332 0.000564
0 367.2965 4.0250 23.4480 8.0477 0.000560
0 376.4804 3.3733 32.1326 6.7158 0.000463
0 636.6852 284.6640 6.6296 27.3765 0.000456
0 9.2017 155.7984 18.3508 104.5745 0.000439
0 223.1871 223.5392 13.7992 21.6781 0.000430
0 221.3384 15.2643 39.0610 30.4803 0.000426
0 110.2505 9.0388 31.8578 18.0776 0.000426
0 445.1053 7.9864 31.0406 14.1060 0.000421
0 637.0057 322.7613 5.9887 29.4472 0.000407
0 205.4670 8.1570 41.9077 16.2389 0.000350
0 636.3278 101.8641 7.3443 47.6296 0.000325
0 235.4873 7.1660 35.8581 14.3321 0.000311
0 170.3574 4.4109 30.6681 8.8219 0.000290
0 8.6776 292.4362 17.3139 35.2185 0.000286
0 3.9450 161.1177 7.8901 68.9170 0.000285
0 368.4534 8.2985 24.3049 16.5970 0.000281
0 525.2514 192.6695 30.6501 31.8482 0.000278
0 178.0071 10.1957 42.8922 20.3915 0.000263
0 637.8466 240.4458 4.3068 27.3971 0.000244
0 417.3343 4.0124 37.5339 8.0247 0.000240
0 634.4191 129.6326 11.0381 46.4127 0.000237
0 636.8589 299.6174 6.2822 51.3086 0.000225
0 2.1421 126.5650 4.2842 55.0243 0.000224
0 8.9392 423.7539 17.8613 38.5407 0.000215
0 176.7171 5.5981 40.3341 11.1962 0.000213
0 521.5822 3.1866 26.4258 6.3480 0.000210
0 244.1091 505.8292 37.1450 12.2398 0.000201
0 586.4985 150.1519 17.0020 17.6193 0.000197
0 226.5591 5.4440 24.9371 10.8880 0.000195
0 192.5415 6.6225 49.1720 13.2098 0.000165
0 385.1738 4.2464 30.0580 8.4927 0.000164
0 197.0042 13.4639 38.3136 26.9277 0.000160
0 176.1458 509.0037 39.0776 5.9926 0.000160
0 400.9745 4.5082 40.1418 9.0163 0.000158
0 635.7928 232.2912 8.4143 32.1140 0.000157
0 276.0914 3.8952 23.7553 7.7904 0.000153
0 210.2477 29.7481 37.3565 58.5421 0.000142
0 256.1267 508.2647 31.2100 7.4391 0.000134
0 231.0266 10.4938 40.9276 20.9876 0.000133
0 632.8149 248.3249 14.1033 35.0955 0.000127
0 4.3421 124.1279 8.6036 49.5992 0.000125
0 384.0456 2.6238 26.2773 5.2477 0.000124
0 423.4957 7.4568 35.1914 14.9136 0.000122
0 249.7594 415.6794 8.9570 16.4854 0.000121
0 287.2278 5.6306 35.7989 11.2571 0.000112
0 193.8546 13.6067 58.9123 27.1200 0.000107
0 18.0095 175.3995 32.9487 42.0473 0.000104
0 390.8667 3.5203 28.1571 7.0405 0.000102
0 9.8326 268.4987 19.6652 56.3597 0.000092
0 5.5083 439.8022 11.0165 54.6546 0.000088
0 8.2299 127.1639 16.4179 51.8916 0.000086
0 18.2063 190.5394 36.3779 132.1652 0.000086
0 231.3805 3.8226 21.7078 7.6451 0.000084
0 636.8313 62.6563 6.3318 48.2913 0.000083
0 313.4394 7.7490 37.1461 15.4980 0.000083
0 635.6117 505.4429 8.7766 13.1142 0.000078
0 200.9938 3.9426 38.0224 7.8467 0.000078
0 375.5125 6.5711 33.4301 13.1423 0.000078
0 5.5737 182.2043 11.1474 91.9224 0.000069
0 298.4626 229.4792 16.4769 24.6379 0.000067
0 437.6056 9.8979 29.2747 19.7957 0.000062
0 636.6473 343.0664 6.7054 44.9595 0.000056
0 28.7558 151.5309 27.5784 88.1447 0.000055
0 573.4004 508.9987 19.7258 6.0026 0.000054
0 633.4734 266.1992 13.0533 58.0034 0.000053
0 637.6260 222.8087 4.6575 57.1955 0.000048
0 277.2035 9.4526 23.6512 18.6342 0.000048
0 192.4913 508.8029 39.8340 6.3941 0.000048
0 631.7437 280.4824 16.5127 30.7672 0.000048
0 159.4252 4.3196 30.1887 8.5952 0.000045
0 205.4575 508.3961 21.7771 7.1490 0.000044
0 9.3295 172.1705 18.0704 51.7407 0.000044
0 636.3662 50.8629 7.0865 24.5497 0.000043
0 636.8881 284.9994 6.2238 48.6423 0.000042
0 8.8283 116.8557 17.6180 145.8729 0.000040
0 268.0663 6.1619 32.8244 12.3237 0.000037
0 218.8054 507.1492 34.5800 9.7016 0.000036
0 122.1590 7.5789 36.6573 15.1578 0.000034
0 253.2549 7.1770 43.3604 14.3540 0.000034
0 158.1204 509.1044 38.8391 5.7912 0.000033
0 294.9088 3.3499 37.3405 6.6998 0.000033
0 630.3035 506.6197 19.3929 10.7606 0.000030
0 433.1367 483.6766 18.5676 25.9660 0.000030
0 634.9584 145.8943 10.0832 41.4471 0.000030
0 455.1122 9.4093 17.2726 15.8838 0.000029
0 634.7088 222.4730 10.5824 53.4166 0.000029
0 254.8220 504.8171 35.0367 14.2549 0.000028
0 324.0726 7.1095 37.0767 14.2190 0.000028
0 391.9039 7.5529 32.8141 15.1059 0.000027
0 342.8350 232.1584 15.3118 16.5120 0.000026
0 628.6267 233.3472 22.7466 82.2835 0.000025
0 551.3189 4.4008 24.6221 8.7660 0.000025
0 345.6079 7.0439 31.1274 14.0878 0.000025
