0 283.0699 292.2085 14.1451 27.8072 0.832531
0 256.7621 259.8472 10.7783 19.3819 0.739761
0 310.3690 260.0515 12.2994 15.5809 0.033642
0 202.7597 242.2777 20.3260 28.0483 0.009654
0 289.3040 188.0163 17.9002 17.7428 0.006574
0 339.1901 237.4535 10.3406 13.3875 0.002265
0 582.2753 6.3887 20.2946 12.7775 0.001431
0 342.3728 326.7106 17.6474 14.7874 0.001259
0 5.7419 419.4934 11.4422 45.2952 0.000683
0 294.7929 289.0923 17.0059 23.6044 0.000509
0 434.9849 2.8307 19.5621 5.6570 0.000423
0 391.7946 293.3864 12.0746 16.2311 0.000416
0 249.6824 224.3941 17.4758 16.8734 0.000336
0 3.9889 321.8500 7.9696 34.8810 0.000286
0 190.2238 458.5199 9.4611 14.1422 0.000279
0 579.2245 10.0295 19.7194 20.0590 0.000275
0 255.2038 266.9352 12.4390 32.3593 0.000237
0 3.7120 308.1161 7.4240 36.1095 0.000233
0 3.0816 424.7565 6.1632 57.0486 0.000205
0 343.6231 240.0518 17.4846 18.4884 0.000204
0 625.8486 259.2535 27.7585 39.3713 0.000184
0 276.2131 292.1177 21.1923 28.1491 0.000180
0 253.7600 276.3778 12.2543 22.4782 0.000167
0 209.2870 233.6910 9.3139 11.3079 0.000146
0 585.7790 9.1221 24.8123 18.2162 0.000142
0 3.8458 343.6752 7.6917 47.9686 0.000140
0 256.9084 250.0587 12.7976 36.9265 0.000138
0 142.6996 508.5311 30.1887 6.9376 0.000123
0 336.9622 240.4629 14.3095 19.8295 0.000122
0 261.3717 259.8997 18.2648 20.4606 0.000122
0 399.2887 498.9044 25.2464 23.5950 0.000098
0 252.0191 260.8101 18.6567 21.5720 0.000094
0 402.1757 507.7254 23.0200 8.1909 0.000093
0 298.7504 282.9326 15.8704 24.0692 0.000092
0 385.2217 293.9449 24.1544 17.9155 0.000086
0 615.4683 485.5695 48.8392 52.8610 0.000084
0 3.6908 332.1217 7.3816 42.7578 0.000082
0 164.7668 308.1838 12.0319 13.2845 0.000081
0 208.2970 237.9478 12.3050 20.9668 0.000072
0 312.3718 263.7290 13.8096 20.7864 0.000064
0 308.0281 270.4354 15.7145 30.0602 0.000063
0 311.7145 250.9886 12.2548 31.5340 0.000060
0 306.0174 256.0591 20.0974 26.0862 0.000056
0 388.8998 507.6536 20.7922 8.6928 0.000056
0 381.3337 507.5842 25.1964 8.8315 0.000049
0 636.1041 103.0808 7.7917 53.4971 0.000046
0 304.1677 291.2062 16.5652 25.0121 0.000046
0 2.9796 368.0511 5.9592 63.4348 0.000042
0 304.6342 265.0815 19.6688 22.4370 0.000040
0 4.2665 4.4071 8.5330 8.8142 0.000040
0 252.0423 282.0088 11.5071 11.6369 0.000039
0 396.5433 507.8295 23.8296 8.3410 0.000037
0 381.5925 295.5034 26.9727 28.0645 0.000036
0 194.4930 238.3917 31.7275 37.1102 0.000035
0 23.1611 350.3269 18.9700 38.6057 0.000035
0 389.9466 386.2191 9.0695 16.3407 0.000035
0 349.5918 508.6345 19.8445 6.7310 0.000034
0 444.9746 4.1021 30.0994 8.2042 0.000034
0 385.8669 442.7573 16.1877 28.3821 0.000033
0 229.4341 240.6044 12.5790 12.4036 0.000031
0 6.0247 361.1210 12.0493 65.7558 0.000031
0 292.9926 182.9532 26.1960 29.6926 0.000031
0 303.6340 183.3907 12.2421 21.6549 0.000030
0 301.8579 507.0912 16.1127 9.8176 0.000029
0 218.5305 242.2074 18.7007 17.2793 0.000029
0 358.6197 508.2246 22.8350 7.5508 0.000028
0 336.2719 231.7684 13.7978 21.7300 0.000028
0 79.3568 404.6483 22.5321 26.8580 0.000027
0 233.4827 209.6747 21.1960 23.4424 0.000027
0 306.7017 507.6111 16.8979 8.7779 0.000026
0 404.5732 272.9200 13.2701 24.1267 0.000026
0 11.4649 417.3005 22.0217 44.9067 0.000025
0 334.5218 288.7509 15.7065 13.5079 0.000025
0 633.9059 83.1088 12.1883 82.4861 0.000025
0 133.7286 508.9659 30.2114 6.0683 0.000025
