0 315.2026 296.0367 27.0661 79.5763 0.880479
0 432.6901 276.4119 10.4439 57.9293 0.787785
0 518.0851 257.6382 21.2523 61.9409 0.063886
0 482.2666 290.0345 16.6862 10.4114 0.016196
0 476.0445 287.1114 28.0500 16.6258 0.002901
0 3.3051 369.9845 6.5964 62.9557 0.001359
0 480.1282 283.2467 21.4554 24.7009 0.000500
0 475.6758 277.4718 26.5527 36.4942 0.000373
0 11.5471 371.5129 22.0688 63.6236 0.000238
0 4.0928 388.1685 8.1856 114.2832 0.000228
0 426.3763 274.9559 21.0226 59.4172 0.000193
0 173.4987 324.4639 6.2974 13.1991 0.000175
0 3.1594 423.2139 6.3188 119.4739 0.000133
0 5.0270 320.5826 10.0540 117.7357 0.000091
0 11.4155 395.6375 22.8276 140.8424 0.000076
0 3.1456 460.1114 6.2912 54.4167 0.000053
0 318.6085 314.6625 21.7222 44.5253 0.000049
0 3.7282 344.3793 7.4564 95.8070 0.000044
0 380.1697 304.5468 8.8738 13.4758 0.000035
0 179.1387 302.4880 17.0083 56.7640 0.000031
0 636.4749 251.5349 7.0503 50.5673 0.000030
0 483.8701 286.5576 14.4863 15.7545 0.000029
0 506.4883 283.8567 8.5633 12.8389 0.000029
0 462.8621 274.5956 7.9703 44.1173 0.000027
