0 116.9465 291.2220 33.2631 70.4870 0.890767
0 392.7390 312.3443 30.6649 81.4930 0.880463
0 234.6218 160.4416 20.4910 67.5965 0.874368
0 239.8263 290.1516 29.0703 70.8966 0.861233
0 560.8280 427.2102 22.8563 38.6645 0.476571
0 637.0056 238.0620 5.9890 51.1338 0.009816
0 113.7184 236.1813 23.0324 40.9121 0.007847
0 568.0455 424.4985 14.9529 32.2490 0.003577
0 611.0416 506.3179 20.8600 11.3643 0.001479
0 573.3334 415.7967 8.8971 16.5303 0.001154
0 94.5271 506.9982 23.2157 9.9966 0.001111
0 624.2256 506.4149 23.9494 11.1495 0.000552
0 635.9453 503.6530 8.1095 16.6757 0.000376
0 576.6213 413.9158 10.3408 14.1876 0.000347
0 636.2479 221.8506 7.4332 60.8662 0.000326
0 94.8282 501.4287 21.9559 20.8839 0.000293
0 631.6993 238.3621 16.5359 55.6024 0.000280
0 84.3697 507.4644 29.5673 9.0711 0.000265
0 208.0381 507.4333 19.9350 9.1334 0.000258
0 2.6205 358.9807 5.2410 50.4278 0.000230
0 4.4328 223.0962 8.8610 28.4494 0.000229
0 617.5762 508.0355 26.6895 7.9291 0.000212
0 478.1057 200.1887 15.1399 24.4477 0.000202
0 159.4754 5.7737 31.9877 11.5473 0.000176
0 2.6130 284.3547 5.2259 44.0231 0.000164
0 637.1191 475.8416 5.7431 34.7927 0.000138
0 637.0300 487.2525 5.9400 37.2660 0.000137
0 116.0722 250.3236 34.1414 72.9395 0.000135
0 553.6788 433.1421 22.1700 46.2242 0.000131
0 634.6711 432.8544 10.2035 23.7188 0.000126
0 4.5177 436.4954 9.0354 48.0115 0.000113
0 4.2554 331.1382 8.4576 38.6714 0.000103
0 602.8909 506.5384 27.1929 10.8604 0.000100
0 271.3588 267.7982 26.9535 68.5637 0.000095
0 304.8920 119.8350 24.6248 90.3537 0.000092
0 630.0404 441.4710 19.4146 40.2595 0.000087
0 3.1455 297.4625 6.2911 48.9243 0.000084
0 550.0391 447.4051 17.9465 29.3940 0.000082
0 3.2658 199.6973 6.5316 47.2976 0.000080
0 295.3333 104.5509 11.2375 58.4090 0.000079
0 120.8197 134.0763 15.5653 20.9254 0.000076
0 110.3599 507.7660 33.6845 8.4680 0.000074
0 2.4129 376.8927 4.8257 40.8593 0.000066
0 120.5727 507.8222 22.1250 8.3556 0.000063
0 97.1820 493.7418 21.3609 35.5525 0.000060
0 81.8263 287.7270 19.8022 53.3143 0.000058
0 635.3365 250.4847 9.3270 106.5373 0.000058
0 582.1116 509.4067 28.4075 5.1866 0.000056
0 634.2404 8.5971 11.5192 17.1942 0.000053
0 635.2167 16.7583 9.5667 33.3934 0.000052
0 167.1414 4.1442 41.8445 8.2883 0.000051
0 572.3546 509.2815 27.0514 5.4370 0.000047
0 477.5325 185.7778 23.6143 46.5886 0.000044
0 3.4834 213.4778 6.9668 39.0878 0.000044
0 83.8792 500.9587 32.1227 22.0825 0.000042
0 316.8981 286.6684 23.7437 69.8850 0.000041
0 582.5460 338.2475 8.7537 11.4169 0.000039
0 626.0405 449.7986 22.1526 25.2800 0.000039
0 124.5869 508.5024 17.1250 6.9952 0.000037
0 298.7197 101.5527 11.6013 52.7189 0.000037
0 581.8893 508.3340 19.4091 7.2970 0.000035
0 626.6509 19.4064 26.6982 38.7710 0.000033
0 420.0185 225.0225 10.7205 31.0559 0.000032
0 88.4836 504.2262 27.3551 15.4857 0.000032
0 628.9213 5.6696 22.1574 11.3392 0.000032
0 4.2632 235.1919 8.5264 49.3291 0.000031
0 1.8659 178.4984 3.7318 51.7787 0.000031
0 545.1791 423.7083 21.4657 47.2748 0.000030
0 318.2707 505.2653 24.1739 13.4694 0.000029
0 2.8885 172.7846 5.7770 41.7833 0.000029
0 101.3897 505.6377 31.3150 12.7246 0.000028
0 166.6742 508.2892 18.6054 7.4216 0.000028
0 636.7455 465.0933 6.5090 24.7556 0.000027
0 636.2532 460.3779 7.3502 40.7373 0.000026
0 499.7950 100.7059 13.6077 15.5442 0.000026
0 628.3447 507.7443 22.7306 8.5114 0.000026
0 590.0599 507.8630 22.1283 8.1343 0.000026
0 470.2384 258.4099 18.7952 32.2153 0.000026
0 416.8972 3.8758 19.4694 7.7516 0.000025
0 637.6836 281.3592 4.6328 47.7723 0.000025
