0 370.8062 277.6463 9.9375 75.0685 0.691786
0 340.2742 268.6999 11.6774 36.1287 0.008016
0 377.6018 279.0946 13.4398 73.6172 0.005701
0 341.0913 279.7448 12.6941 70.4956 0.004804
0 338.4103 260.7300 11.8056 54.3781 0.004360
0 369.8703 260.4180 7.1169 37.6351 0.004132
0 569.4408 285.2865 19.0860 27.2417 0.001903
0 362.5219 277.9893 21.0402 75.0170 0.000850
0 390.8649 245.8049 8.7666 33.8298 0.000430
0 372.9644 294.7021 11.0422 43.8310 0.000260
0 420.6817 210.0616 17.0563 71.1123 0.000232
0 617.3962 267.3619 11.2771 47.8823 0.000213
0 368.2853 291.5862 6.5632 47.0033 0.000208
0 163.8806 241.2460 10.8867 70.9497 0.000197
0 3.3781 119.3343 6.7561 72.3616 0.000154
0 163.8676 216.9645 9.4191 70.8075 0.000105
0 638.5148 273.2632 2.9703 25.1201 0.000103
0 638.3765 286.1152 3.2469 41.5344 0.000086
0 403.3104 299.1276 16.7173 24.9915 0.000078
0 435.3932 330.9178 8.5187 79.1820 0.000073
0 408.2870 298.5292 10.7166 22.3358 0.000065
0 637.6281 277.3850 4.7439 52.6965 0.000064
0 637.4288 298.3082 5.1425 57.3547 0.000054
0 92.1346 4.9022 33.2236 9.8043 0.000048
0 55.9431 6.1470 37.9312 12.2469 0.000046
0 380.0009 275.6970 24.4907 83.4459 0.000044
0 635.5157 273.1074 8.2002 23.2102 0.000041
0 44.0509 5.8433 30.3877 11.6865 0.000041
0 318.9182 224.8012 8.2639 18.8979 0.000041
0 486.9018 347.1756 5.7639 63.3666 0.000038
0 434.1542 321.6151 13.0511 115.2449 0.000034
0 369.7564 300.5844 7.3640 30.5087 0.000034
0 335.6906 270.0108 10.2352 75.4159 0.000034
0 624.6515 273.9526 18.9819 20.7150 0.000033
0 636.4442 218.0493 7.1116 77.6229 0.000032
0 636.5502 264.0848 6.8995 39.2854 0.000032
0 375.8904 292.8943 9.2823 46.4180 0.000027
0 352.8833 276.2439 18.7390 74.5642 0.000026
0 345.9300 278.0281 9.0144 59.3877 0.000025
