0 326.0207 268.2018 54.9595 50.1171 0.881132
0 470.5883 299.6415 15.7726 55.7725 0.862301
0 302.8685 281.6067 7.9542 23.9314 0.024020
0 4.7912 230.3933 9.4627 80.5898 0.004049
0 580.7785 302.7081 10.2378 18.1447 0.003711
0 441.2375 286.3846 14.5695 42.7978 0.002226
0 347.9394 256.4631 12.0675 22.4975 0.001610
0 4.1363 216.8669 8.2304 49.0882 0.001509
0 550.7716 399.6652 25.6025 18.4434 0.000886
0 451.6176 303.3024 7.8781 45.5236 0.000422
0 6.2027 209.4990 12.2383 66.7114 0.000350
0 3.5966 254.3046 7.1933 69.3725 0.000228
0 441.2075 286.8268 8.8725 37.7654 0.000184
0 325.5606 295.4511 53.5964 99.1644 0.000158
0 305.1005 274.4328 12.9424 39.1246 0.000092
0 2.7501 276.9926 5.5002 39.3623 0.000091
0 563.3228 305.8534 13.1606 13.8087 0.000079
0 637.0426 345.5909 5.9149 104.3988 0.000058
0 11.8011 210.3449 22.8761 66.6229 0.000046
0 551.9468 391.5176 27.1169 34.3960 0.000044
0 2.4921 53.6808 4.9842 41.7534 0.000036
0 11.6423 8.1710 23.2782 16.3420 0.000032
0 447.3180 292.3310 12.4076 42.3417 0.000031
0 2.1443 242.0536 4.2553 74.4374 0.000030
0 567.8301 303.6481 18.8751 18.1567 0.000027
0 346.8949 281.7725 11.5255 69.0372 0.000025
