0 191.4954 416.4116 24.0238 36.5987 0.854545
0 560.3159 208.8062 19.1953 35.7013 0.792105
0 549.7133 206.1058 16.5745 37.8095 0.017716
0 88.3164 5.7015 18.7241 11.4024 0.009228
0 477.4078 199.3441 24.9754 28.4684 0.007267
0 333.8446 108.8041 13.3907 16.1996 0.006569
0 157.5444 7.8301 43.1107 15.6556 0.002843
0 622.2305 130.4614 16.6592 42.1820 0.002438
0 364.1372 245.8815 22.2132 21.8752 0.002135
0 335.7761 101.7518 17.5720 28.1566 0.002077
0 541.6385 204.5518 26.5203 41.6695 0.001826
0 348.5546 171.6093 10.4897 12.5243 0.001362
0 636.0746 137.6401 7.8508 54.3673 0.001240
0 24.5227 504.2766 37.8368 15.4389 0.001137
0 7.4301 124.6933 14.7923 48.5135 0.001044
0 79.6948 4.4826 28.2809 8.9575 0.000912
0 144.5491 7.4074 36.7611 14.8147 0.000851
0 87.4233 12.6916 18.0920 25.3832 0.000750
0 16.1925 500.2405 30.0151 23.5190 0.000741
0 85.3898 94.5539 28.5034 28.1029 0.000694
0 369.8677 244.7900 22.0341 19.0158 0.000662
0 368.5827 165.0555 20.9195 29.6967 0.000639
0 635.3691 475.8024 9.2614 54.3389 0.000609
0 22.2406 358.7583 44.3621 39.3565 0.000450
0 333.6042 116.5947 13.2103 24.7402 0.000446
0 34.3740 3.5848 23.6561 7.1697 0.000445
0 617.6028 129.8199 18.9773 42.3142 0.000434
0 134.2303 5.1117 41.0308 10.2011 0.000419
0 497.7287 5.2743 31.2298 10.5431 0.000385
0 637.0784 151.6174 5.8431 58.9375 0.000347
0 476.2872 4.1560 24.3580 8.3119 0.000337
0 340.0012 107.7791 24.1248 17.8431 0.000322
0 14.8553 483.2160 29.4346 57.4978 0.000321
0 564.3335 495.2636 27.3544 33.4727 0.000287
0 510.8356 5.6453 31.6114 11.2907 0.000278
0 6.2301 357.8736 12.4603 47.7477 0.000276
0 487.4943 4.6941 30.5362 9.3881 0.000268
0 7.8131 91.7455 15.6263 86.5030 0.000261
0 260.5881 244.1357 11.5101 15.7577 0.000246
0 3.2996 38.4764 6.5990 61.8382 0.000214
0 329.9397 107.2481 15.4620 19.3597 0.000207
0 298.4567 14.7119 14.2977 28.2683 0.000200
0 92.3933 10.6886 26.6570 21.3772 0.000196
0 345.1963 170.7965 14.2876 14.6890 0.000187
0 548.7488 192.0589 18.2648 28.3078 0.000181
0 394.9780 181.4083 16.7428 14.7871 0.000179
0 5.0626 113.8919 10.1251 69.9636 0.000172
0 2.9052 476.3158 5.8103 66.5043 0.000171
0 372.5101 154.9856 20.1213 51.2220 0.000157
0 568.5653 208.2682 31.3749 36.3138 0.000157
0 554.8434 195.3353 18.3853 40.3531 0.000153
0 2.5265 349.3779 5.0530 56.4834 0.000152
0 523.0227 508.0275 27.7462 7.9450 0.000145
0 467.0771 200.6237 21.1783 21.3845 0.000129
0 363.8130 171.0726 13.4689 16.1321 0.000128
0 26.6215 498.0086 42.8423 27.7853 0.000127
0 523.9827 8.2312 25.1473 16.4577 0.000126
0 326.9357 100.3228 19.9658 30.2614 0.000121
0 377.0421 506.8046 30.7999 10.3861 0.000109
0 188.6135 253.5974 9.8169 10.9199 0.000101
0 114.8888 507.9838 27.5571 8.0324 0.000098
0 37.7761 507.1190 27.1125 9.7261 0.000098
0 4.3113 341.8159 8.6227 64.6112 0.000098
0 406.8406 187.7372 10.8123 21.7861 0.000098
0 536.7135 507.3609 31.1255 9.2782 0.000096
0 3.0862 63.7919 6.1724 50.8990 0.000095
0 392.1108 184.8015 14.5085 11.6791 0.000092
0 412.6162 189.5190 13.1737 24.5253 0.000090
0 68.0354 3.9624 27.9513 7.9247 0.000089
0 352.9168 170.5867 15.3415 15.7992 0.000089
0 510.6006 10.0324 31.4275 20.0648 0.000087
0 637.3345 133.1690 5.3311 41.3359 0.000083
0 169.8129 5.2932 46.0559 10.2998 0.000080
0 560.0960 224.3164 20.8334 62.6857 0.000078
0 635.1755 306.8145 9.6489 47.2258 0.000077
0 633.5959 129.8164 12.5806 39.7008 0.000075
0 635.7272 118.6890 8.5256 66.1644 0.000075
0 6.1455 482.1820 12.2910 59.6360 0.000071
0 68.0296 507.7440 18.1255 8.3040 0.000070
0 31.5821 473.3790 35.6645 76.3254 0.000070
0 92.3382 18.5642 27.0702 36.7005 0.000069
0 3.7896 139.2572 7.5792 50.1961 0.000068
0 336.8708 233.8055 25.2491 31.5908 0.000066
0 348.2909 241.4435 15.6657 23.5291 0.000066
0 439.8268 4.8821 27.5850 9.6630 0.000066
0 3.0320 195.7946 6.0639 56.5546 0.000065
0 345.1901 104.1758 29.1812 23.9470 0.000063
0 4.5580 368.5156 9.1160 49.7949 0.000063
0 628.6494 128.9310 18.2974 40.4281 0.000059
0 46.3831 3.7637 35.7197 7.5273 0.000059
0 275.3128 246.5142 12.4502 19.2108 0.000058
0 271.1118 22.3952 22.2185 44.7904 0.000056
0 273.0076 313.4255 14.5632 19.1578 0.000054
0 102.4695 4.2439 26.8206 8.4878 0.000054
0 549.3909 506.7186 23.7881 10.5629 0.000051
0 3.7157 294.5910 7.4313 65.1190 0.000048
0 123.9071 4.8816 30.7197 9.7631 0.000046
0 388.5471 507.1565 36.5288 9.6870 0.000045
0 348.4867 180.6737 11.2980 25.0226 0.000045
0 60.4516 507.9196 24.1002 8.0143 0.000044
0 1.6509 372.3756 3.3018 47.8348 0.000043
0 315.6897 507.6229 39.1973 8.7542 0.000043
0 373.4944 173.0797 11.1582 19.5068 0.000042
0 75.3808 7.5661 33.4732 15.1322 0.000042
0 274.5771 324.4576 21.4069 39.6918 0.000040
0 126.7831 9.0707 37.9055 18.1414 0.000040
0 2.0993 384.7775 4.1986 51.4670 0.000039
0 632.6511 288.4358 14.6978 82.5556 0.000037
0 24.5986 3.9862 37.3889 7.9501 0.000036
0 192.2498 3.9827 33.3283 7.6196 0.000034
0 398.3220 186.5729 19.0408 18.0987 0.000034
0 181.5994 4.4722 34.1488 8.9444 0.000034
0 3.6078 100.8680 7.2156 75.6990 0.000034
0 360.0805 507.2818 44.7306 9.4365 0.000034
0 377.5927 171.9453 11.2580 22.9970 0.000033
0 51.3610 296.9578 16.8429 33.8401 0.000033
0 348.5308 159.1036 12.3815 31.7625 0.000032
0 457.3037 498.4543 31.6471 27.0859 0.000032
0 462.0442 4.1262 26.0274 8.2524 0.000031
0 479.8397 508.5017 27.2407 6.9966 0.000031
0 264.6656 244.3809 12.3250 16.9824 0.000031
0 630.8666 139.4626 14.6565 53.9109 0.000031
0 435.9050 509.0962 32.0026 5.8076 0.000031
0 556.4277 504.8184 35.3096 14.3632 0.000031
0 292.3444 14.8786 18.3751 29.1080 0.000031
0 359.0849 164.9928 25.7131 29.0512 0.000030
0 340.1928 507.6411 41.6509 8.7177 0.000030
0 471.6353 507.3918 30.1085 9.2163 0.000030
0 44.9777 507.7167 27.1207 8.4166 0.000029
0 376.5119 167.7582 15.3429 31.9826 0.000029
0 379.7973 253.2914 18.8606 27.4588 0.000029
0 99.3076 8.8142 32.5086 17.6284 0.000029
0 9.7346 135.0400 19.1413 27.1616 0.000028
0 470.0077 5.2946 23.3793 10.5892 0.000028
0 428.0373 3.5589 25.1564 6.9368 0.000028
0 281.0926 246.5580 14.4403 22.4781 0.000028
0 6.6642 147.3704 13.3284 78.3990 0.000028
0 424.2071 2.4706 17.3805 4.9413 0.000028
0 278.0346 172.2436 18.7966 37.8315 0.000027
0 359.6841 241.5260 21.9346 21.2438 0.000027
0 490.8680 8.7890 37.5115 17.5780 0.000027
0 473.3165 210.4098 23.8440 33.9589 0.000027
0 264.9202 27.8968 18.5634 52.8464 0.000026
0 420.0984 3.0742 23.4796 5.9706 0.000025
0 628.4301 117.8554 21.8647 69.2300 0.000025
