0 441.8436 278.6133 30.8966 76.7648 0.899830
0 535.8166 287.4982 32.6913 83.7004 0.883618
0 3.4277 383.9471 6.8554 111.5363 0.002596
0 615.1056 268.2660 9.1589 96.0929 0.001225
0 635.5017 368.5917 8.9967 131.9164 0.001027
0 125.4680 7.3215 49.9845 14.6243 0.000873
0 5.3784 407.2937 10.7418 127.0719 0.000516
0 3.2303 429.5420 6.4605 107.8621 0.000288
0 634.0811 391.4960 11.7985 84.1822 0.000236
0 11.4981 248.6326 22.5087 93.4381 0.000201
0 623.2321 291.5484 20.0720 74.4977 0.000196
0 626.0067 370.6261 27.9866 134.6234 0.000177
0 145.2786 4.7269 32.9030 9.4538 0.000147
0 618.3201 292.4638 11.3762 69.9203 0.000100
0 108.1882 333.3087 20.2598 67.7083 0.000094
0 636.7247 333.4174 6.5507 64.5848 0.000093
0 14.7191 218.6392 12.0110 33.2374 0.000091
0 636.4861 313.2691 7.0279 85.3065 0.000083
0 97.7693 508.3055 19.2695 7.3090 0.000071
0 614.2092 242.2826 9.2168 80.8189 0.000063
0 635.8527 415.1684 8.2897 98.7760 0.000058
0 8.7587 395.1421 17.2054 157.4540 0.000055
0 6.8441 377.2965 13.3082 103.0496 0.000048
0 5.5610 204.9843 11.1219 62.3240 0.000046
0 614.3547 292.8339 9.8901 66.6487 0.000044
0 2.0892 371.9216 4.1784 98.8436 0.000038
0 432.7399 279.4816 13.6728 73.6230 0.000035
0 144.0429 7.0678 46.7478 14.1356 0.000027
0 10.6655 207.5105 21.3310 58.2217 0.000027
0 636.8086 393.5616 6.3828 75.9204 0.000026
0 607.8276 277.1843 20.9885 108.2522 0.000025
