0 231.9544 340.8868 49.1041 163.2893 0.896514
0 353.4820 307.0033 60.3629 121.1194 0.878986
0 331.0261 277.8813 32.3591 95.3956 0.872777
0 161.1106 333.9668 24.5788 154.7856 0.804888
0 623.7891 399.7817 32.0939 108.0047 0.001915
0 3.2151 247.3377 6.4280 108.2903 0.001726
0 159.6274 272.2347 16.0281 33.7010 0.001213
0 574.4776 426.4116 35.0094 109.6495 0.000700
0 129.8198 12.6788 24.4419 25.3576 0.000399
0 633.1700 367.9240 13.5746 49.8966 0.000358
0 2.6985 217.3926 5.3970 88.6225 0.000325
0 636.0524 360.4451 7.8895 61.7637 0.000289
0 4.0853 283.3529 8.1705 143.0054 0.000268
0 406.7209 80.3204 15.6116 28.4950 0.000229
0 173.3945 334.2583 47.6960 158.6662 0.000207
0 2.2477 273.3990 4.4954 74.7769 0.000188
0 362.4675 274.4045 36.7517 45.6618 0.000175
0 624.2641 366.9327 31.4088 57.9986 0.000150
0 2.0264 248.5212 4.0528 78.7759 0.000106
0 636.9342 258.7338 6.1315 61.5392 0.000105
0 148.3981 334.8956 48.5624 154.9083 0.000104
0 634.0952 388.6761 11.8096 88.6489 0.000089
0 637.1243 389.1501 5.7515 85.1177 0.000089
0 636.5350 245.9583 6.9299 71.1486 0.000088
0 8.0196 245.3159 15.9683 102.6376 0.000082
0 4.9543 275.0831 9.8986 75.7244 0.000077
0 160.4000 306.4232 17.8818 101.6056 0.000075
0 635.3378 272.5463 9.1502 76.8702 0.000062
0 1.3690 205.3082 2.7380 56.1931 0.000048
0 164.3329 281.1113 22.8111 51.7402 0.000041
0 635.9070 213.6493 8.1860 107.0370 0.000034
0 104.7149 5.3740 22.1139 10.7408 0.000033
0 617.1569 398.1663 31.6421 78.9742 0.000033
0 104.6381 9.7638 26.5608 19.5276 0.000030
0 637.4230 342.2920 5.1540 59.9974 0.000030
0 638.0167 271.7455 3.9666 76.0223 0.000029
0 635.8910 320.9145 8.2180 130.3015 0.000028
0 580.9307 6.4994 30.7590 12.9109 0.000027
