0 324.8338 336.0055 33.9455 123.8951 0.880549
0 393.1773 322.3987 25.1928 95.3377 0.771774
0 379.0322 344.2228 18.9785 135.0325 0.758280
0 374.5213 265.8680 9.2682 25.8867 0.564251
0 631.4802 166.9081 17.0395 81.4398 0.009692
0 5.4704 332.4177 10.9407 97.1090 0.004198
0 383.8190 326.0316 19.6286 97.5749 0.002997
0 387.8135 331.2178 11.2243 94.5418 0.002231
0 635.4824 327.9485 9.0326 140.8972 0.002209
0 632.0084 241.2156 15.9833 105.5849 0.000837
0 636.8060 270.5428 6.3882 52.6871 0.000748
0 386.4902 291.5476 22.0027 37.6532 0.000697
0 5.4302 291.3476 10.8604 144.1733 0.000695
0 374.6512 277.7159 9.8052 30.5817 0.000601
0 635.7639 365.4884 8.4723 87.9797 0.000601
0 370.7739 264.7017 15.5101 31.3341 0.000585
0 3.4952 221.8350 6.9905 73.5995 0.000491
0 375.1112 328.8149 13.9841 97.8175 0.000385
0 58.8270 5.0202 35.0756 10.0404 0.000323
0 377.3471 278.7239 12.7218 23.6462 0.000322
0 382.7204 285.1053 16.0051 24.6244 0.000316
0 635.1831 161.3739 9.6336 72.4179 0.000306
0 632.3020 201.7106 14.5535 27.9819 0.000301
0 363.1627 343.6369 48.7062 135.2552 0.000298
0 375.4949 255.8501 11.3714 40.4252 0.000274
0 541.1228 5.1905 30.8559 10.3810 0.000274
0 637.0412 148.0691 5.9176 49.5941 0.000261
0 8.1085 353.6863 16.1283 143.6429 0.000256
0 395.4280 10.7525 26.7777 21.5048 0.000244
0 637.4018 386.0380 5.1964 68.1450 0.000193
0 378.2417 363.9416 11.3703 96.2203 0.000171
0 633.5981 211.2393 12.7839 65.2480 0.000148
0 635.7278 244.4608 8.5444 106.9263 0.000132
0 336.5575 341.2429 11.7158 108.0852 0.000132
0 637.2173 117.1097 5.5654 65.3574 0.000131
0 632.7275 339.7968 14.4865 120.0043 0.000128
0 3.7316 372.7437 7.4632 181.9218 0.000106
0 374.8698 289.3354 11.7628 22.6976 0.000103
0 637.7937 345.3304 4.4125 100.2148 0.000098
0 4.2908 195.4899 8.5816 97.6764 0.000096
0 72.6786 4.1555 41.6570 8.3110 0.000096
0 381.5552 278.5463 16.2457 14.1760 0.000094
0 634.6834 295.3736 10.6332 66.3243 0.000094
0 636.6190 395.7571 6.7620 126.1141 0.000093
0 389.0231 305.7546 26.2639 65.0794 0.000088
0 529.9156 4.8146 26.2703 9.6191 0.000085
0 633.3713 186.3107 13.2372 54.4538 0.000084
0 374.1625 297.1156 10.8420 32.7228 0.000083
0 378.3551 265.9241 14.4152 23.7768 0.000074
0 542.2607 9.3144 33.2859 18.6073 0.000072
0 2.6383 335.4038 5.2767 82.3489 0.000072
0 5.5436 471.5304 11.0829 80.9391 0.000064
0 630.7042 277.1689 18.5916 36.9506 0.000055
0 3.1933 245.5045 6.3865 87.3176 0.000053
0 10.9657 388.3219 21.7586 217.3965 0.000051
0 1.7452 240.7779 3.4903 69.7331 0.000050
0 386.3209 350.7636 8.0450 60.0664 0.000045
0 637.6217 214.0235 4.7139 53.5177 0.000044
0 9.6114 280.4922 19.2227 177.9248 0.000038
0 379.8079 311.3439 19.7129 72.0073 0.000037
0 383.1768 8.3379 34.4919 16.6758 0.000036
0 400.5959 316.0923 30.2786 82.9965 0.000036
0 608.6720 41.9109 25.2415 45.7178 0.000030
0 360.3810 280.5110 36.8296 65.1175 0.000028
0 635.9297 139.1943 8.0869 59.6912 0.000027
0 635.2798 121.6311 9.3500 63.5151 0.000026
0 632.3376 302.6404 15.1570 136.2729 0.000025
