0 385.5554 315.8051 27.7216 97.2575 0.866428
0 324.4220 335.3814 32.9170 120.0756 0.863927
0 360.1505 335.2429 48.6506 108.3127 0.827156
0 378.6750 344.7957 13.1241 88.5944 0.139205
0 372.9489 337.7942 23.3502 103.3833 0.016385
0 634.4953 337.1695 11.0093 107.0570 0.003187
0 545.4878 6.0511 34.1115 12.1021 0.002282
0 338.2069 319.7854 10.4213 78.2136 0.001573
0 637.0210 277.8410 5.9579 66.7154 0.001362
0 56.1206 5.6248 41.8775 11.2439 0.001358
0 635.4248 304.9689 9.1504 118.5409 0.001259
0 633.0039 163.8408 13.9920 77.8003 0.000768
0 5.5766 482.7874 11.1513 58.4251 0.000567
0 636.2422 240.4269 7.5154 108.7770 0.000460
0 10.3909 478.5834 20.7040 66.8331 0.000428
0 5.4061 460.5340 10.8122 102.9321 0.000333
0 4.7602 287.5847 9.5202 167.9546 0.000324
0 333.1485 315.2536 16.6990 81.5974 0.000275
0 3.7787 223.5845 7.5574 69.7663 0.000270
0 554.8197 8.3468 37.9307 16.6935 0.000254
0 2.7939 246.3879 5.5879 86.2234 0.000239
0 373.3878 262.1939 8.4249 17.1760 0.000230
0 3.9241 332.6656 7.8482 118.0096 0.000229
0 636.7334 154.8862 6.5333 60.2802 0.000214
0 73.3364 4.4204 44.8919 8.8344 0.000187
0 545.0213 11.4715 34.7245 22.8181 0.000176
0 3.5180 84.6742 7.0361 61.0348 0.000151
0 635.4074 364.6811 9.1851 82.2399 0.000144
0 325.2556 299.8673 30.0655 51.9949 0.000139
0 607.4932 40.0430 23.1865 44.0556 0.000122
0 375.7307 280.2829 10.2291 31.5936 0.000118
0 2.8392 478.4898 5.6784 67.0204 0.000110
0 562.1322 5.9613 36.2588 11.8284 0.000097
0 19.6421 481.7663 39.2843 60.4673 0.000086
0 374.3756 266.7959 10.0025 26.3926 0.000084
0 633.9724 185.8429 12.0552 87.5497 0.000073
0 381.0908 404.1425 14.8965 76.0535 0.000067
0 532.0964 5.2300 34.2693 10.4599 0.000061
0 631.2331 277.8492 17.5336 69.6053 0.000059
0 333.9493 295.0735 12.9790 41.6904 0.000056
0 386.0099 334.3133 19.1472 70.1792 0.000056
0 340.5593 335.4521 10.3523 101.6095 0.000049
0 7.1889 496.1357 14.3777 31.7285 0.000045
0 16.1399 393.9151 32.0690 226.1321 0.000043
0 17.9964 453.1817 35.7796 117.6366 0.000041
0 637.9794 137.0699 4.0412 61.8353 0.000039
0 637.4684 113.7702 5.0632 61.2975 0.000039
0 382.9916 337.0835 17.6287 114.0359 0.000038
0 636.3197 397.9830 7.3606 96.9124 0.000037
0 3.5133 64.0125 7.0266 67.0045 0.000037
0 636.7794 46.0693 6.4412 59.3337 0.000036
0 8.8178 452.3344 17.6356 119.3312 0.000036
0 5.1083 192.3862 10.2165 100.9373 0.000035
0 335.7458 306.9513 10.3972 64.1603 0.000034
0 10.2082 339.7596 20.2884 130.6219 0.000034
0 347.3588 319.8668 28.6953 82.6858 0.000034
0 342.8973 321.9312 12.1151 71.2616 0.000027
