0 323.5694 334.1741 35.3381 122.5644 0.877529
0 385.0412 311.3230 29.0752 94.3953 0.834724
0 376.2164 339.2327 12.9118 106.4473 0.648284
0 358.2944 335.7156 47.3555 114.3334 0.212912
0 6.3321 329.1250 12.6642 88.1027 0.041430
0 608.0851 41.8332 27.4097 52.9460 0.014833
0 373.1783 263.3002 8.1250 21.3071 0.008714
0 633.7517 349.1129 12.4968 93.6575 0.003823
0 637.0201 281.8836 5.9584 61.7836 0.003243
0 634.6399 376.5579 10.6963 44.7823 0.001038
0 635.7622 313.0405 8.4755 146.4302 0.000992
0 6.8460 286.7810 13.6920 146.2907 0.000713
0 54.2260 4.9837 35.8978 9.9609 0.000620
0 370.0621 263.1353 12.0097 23.2347 0.000580
0 636.2034 365.8545 7.5931 64.9561 0.000548
0 4.0042 348.7059 8.0083 138.8680 0.000514
0 636.3492 255.7479 7.3017 96.5415 0.000460
0 8.1499 352.2958 16.2458 145.1200 0.000455
0 625.6998 377.0944 28.4360 42.1754 0.000404
0 631.1227 328.3117 17.7312 147.1006 0.000342
0 637.2749 145.0876 5.4501 54.6222 0.000306
0 372.5535 271.7389 8.6997 37.7561 0.000296
0 636.0049 158.6414 7.9902 72.5582 0.000287
0 631.1539 274.9784 17.6564 72.7619 0.000262
0 3.2183 91.6100 6.4366 56.5693 0.000255
0 370.1233 334.2489 23.1363 108.3365 0.000236
0 375.4972 300.0439 11.6560 75.0356 0.000227
0 637.1935 121.1750 5.6130 70.4623 0.000189
0 393.9061 10.9387 23.7893 21.8775 0.000178
0 373.5464 271.2445 8.6911 20.7884 0.000169
0 5.4353 474.7417 10.8409 74.5165 0.000160
0 3.1236 237.0623 6.2471 81.5551 0.000123
0 382.1469 324.2741 16.2992 69.2199 0.000110
0 387.5439 326.1074 18.2024 68.4622 0.000095
0 2.5050 334.5212 5.0099 81.6271 0.000087
0 4.5755 492.4525 9.1509 39.0738 0.000085
0 3.5357 256.7701 7.0715 119.4770 0.000084
0 636.8308 393.1281 6.3384 109.6951 0.000075
0 619.4068 353.2512 40.5237 89.2622 0.000074
0 13.8014 329.6530 26.9821 101.1668 0.000072
0 384.0891 9.7958 35.0911 19.5917 0.000069
0 537.4371 4.9590 25.9856 9.9179 0.000065
0 632.0189 162.4105 15.8856 75.9457 0.000064
0 635.9208 133.9729 8.1583 75.3748 0.000063
0 17.6067 398.8592 34.9873 224.5645 0.000058
0 4.8352 313.8886 9.6703 47.9957 0.000054
0 632.7626 141.3581 14.2151 55.4167 0.000052
0 629.6123 366.5499 20.7753 65.1282 0.000051
0 636.6287 390.1655 6.7426 59.9224 0.000046
0 544.0090 6.0939 33.8220 12.1877 0.000044
0 335.2052 343.3334 13.1141 100.4694 0.000044
0 17.6906 479.2342 35.3811 65.5316 0.000042
0 529.4928 5.0818 19.2083 10.1636 0.000039
0 6.0068 393.4146 12.0136 210.9165 0.000038
0 520.4430 10.0610 34.2258 20.1221 0.000035
0 3.0180 214.4847 6.0360 72.9339 0.000033
0 635.0120 231.2934 9.9760 115.8227 0.000031
0 37.6450 4.3719 41.0305 8.7122 0.000031
0 377.2906 371.6375 8.3611 117.4447 0.000028
0 358.4441 306.4214 39.7936 95.5225 0.000028
0 636.6117 39.8869 6.7766 56.3524 0.000028
0 377.0421 267.4741 14.0771 26.3550 0.000028
0 637.4346 263.7636 5.1307 73.7743 0.000027
0 631.7820 388.7917 16.4359 108.2005 0.000026
0 3.0652 54.1391 6.1304 90.7203 0.000025
