0 355.4261 285.8809 37.3822 130.3586 0.889711
0 322.0470 256.3448 26.4432 93.1103 0.666930
0 633.6441 247.8288 12.7116 93.3335 0.484156
0 316.3935 241.2454 21.9861 63.9969 0.361469
0 367.7473 258.0004 12.2527 84.1079 0.032134
0 610.4305 243.3437 19.1897 74.4697 0.023556
0 636.5759 237.8129 6.8484 75.4679 0.012724
0 311.8826 242.9894 12.0658 70.8757 0.010806
0 622.4430 244.6875 33.5030 87.0855 0.009276
0 4.3634 180.4104 8.7268 85.4499 0.003820
0 328.7374 265.6184 14.9272 73.9572 0.003297
0 477.0205 5.9737 26.7487 11.9162 0.002730
0 635.0294 275.8128 9.9411 91.8605 0.001182
0 636.7509 276.2433 6.4980 114.8892 0.000980
0 15.4175 6.8707 29.4163 13.7414 0.000541
0 366.5129 226.6009 7.9972 30.3283 0.000461
0 365.2730 226.9735 12.4836 27.0839 0.000432
0 353.7452 230.7857 17.3497 21.5211 0.000364
0 3.8466 284.6345 7.6932 88.6321 0.000359
0 637.0934 209.5476 5.8132 74.4684 0.000331
0 373.8184 261.5427 23.9274 97.7581 0.000282
0 485.7946 7.3581 35.6516 14.6099 0.000268
0 637.8325 224.1865 4.3349 52.2206 0.000260
0 341.7032 260.8539 13.2277 84.2322 0.000252
0 519.0462 4.1754 18.3720 8.3306 0.000248
0 366.7395 239.1213 10.0644 50.7592 0.000222
0 638.0132 207.3668 3.9735 47.6670 0.000205
0 632.0247 282.6212 15.9391 143.2620 0.000172
0 529.9209 505.6357 33.9096 12.7072 0.000150
0 4.0948 163.4526 8.1896 48.7356 0.000118
0 573.2336 219.8150 22.8953 73.0379 0.000099
0 415.7329 3.7412 23.8073 7.4825 0.000091
0 4.0633 145.5740 8.1266 65.2770 0.000088
0 314.1437 272.2046 14.5638 57.2809 0.000088
0 319.5743 275.7173 20.4604 53.2098 0.000077
0 386.0281 36.5789 32.3643 36.5640 0.000074
0 511.2797 5.0477 24.7433 10.0955 0.000071
0 467.4238 5.4403 37.1772 10.7527 0.000068
0 519.1371 506.8472 52.7488 10.3057 0.000065
0 3.2268 228.4286 6.4536 135.6523 0.000063
0 298.8341 5.3700 27.5672 10.7384 0.000062
0 457.9359 5.8030 29.6804 11.6059 0.000061
0 3.0881 326.1156 6.1762 102.1746 0.000058
0 359.6099 225.5362 19.0186 23.6392 0.000056
0 526.5362 3.5588 29.6414 7.1175 0.000055
0 292.9479 7.1091 29.7568 14.2182 0.000052
0 357.7060 264.2709 22.5603 85.6208 0.000047
0 362.9839 261.6759 17.5743 77.9225 0.000046
0 635.9694 197.2939 7.9495 53.3508 0.000041
0 610.3960 258.8168 12.7219 36.2768 0.000040
0 637.9797 185.8636 4.0405 59.9296 0.000038
0 346.6845 224.4200 6.6627 20.6233 0.000035
0 1.9359 296.5917 3.8718 62.4958 0.000034
0 372.9105 230.2732 21.3192 36.8736 0.000033
0 2.6285 188.8071 5.2570 77.7711 0.000032
0 602.4839 242.6206 20.0803 70.7540 0.000032
0 626.9030 4.6531 24.2837 9.2827 0.000030
0 10.7473 156.4991 21.1918 90.0067 0.000027
0 5.1916 67.1842 10.3832 51.3885 0.000025
0 2.6202 347.0905 5.2404 82.2692 0.000025
