0 330.8891 255.5397 25.5392 94.6456 0.869147
0 249.1934 226.1568 20.3690 90.7351 0.839543
0 375.7504 283.9890 23.4155 132.8307 0.816006
0 580.2450 220.3569 23.9381 70.0951 0.031540
0 636.9424 262.8101 6.1152 71.3051 0.009688
0 488.4955 5.6860 18.4788 11.3080 0.003768
0 34.7683 5.0280 29.8866 10.0559 0.001366
0 527.2076 4.8148 17.2120 9.5897 0.001263
0 6.9758 150.8485 13.9515 79.6950 0.001001
0 628.0934 243.3566 22.8896 77.9904 0.000798
0 4.0992 140.6337 8.1983 61.7614 0.000575
0 635.9489 244.7200 8.1001 75.5710 0.000572
0 387.4817 282.0225 42.2041 136.9354 0.000569
0 618.1457 247.0125 19.7484 66.0537 0.000500
0 23.1197 5.2667 43.2948 10.5333 0.000486
0 3.3707 284.6624 6.7414 96.1480 0.000312
0 477.2937 5.3801 34.2744 10.7602 0.000224
0 496.1736 6.3212 28.7758 12.5715 0.000222
0 424.5324 3.6002 23.9062 7.2003 0.000210
0 636.5871 302.0510 6.8256 136.1085 0.000159
0 250.2269 248.8716 18.5481 45.6659 0.000141
0 631.9501 256.2295 16.0998 85.5013 0.000139
0 611.8890 246.5227 21.4800 65.9227 0.000125
0 534.8280 4.5594 30.0970 9.1189 0.000124
0 373.9393 261.4637 12.1929 81.4485 0.000113
0 507.4227 6.2406 33.3936 12.3088 0.000102
0 374.4291 230.5522 6.7686 37.8390 0.000099
0 2.1454 306.2933 4.2908 45.4673 0.000071
0 12.7912 6.1287 25.5823 12.2179 0.000066
0 633.1267 498.0767 13.6750 27.8349 0.000065
0 156.4811 6.8829 18.4386 13.7658 0.000062
0 35.9242 11.4769 32.5049 22.9272 0.000058
0 5.8783 284.5912 11.7566 84.2091 0.000056
0 520.1439 5.3657 24.6836 10.3870 0.000054
0 396.3661 34.9043 33.4200 35.1313 0.000052
0 203.3170 171.5915 21.3253 38.7268 0.000049
0 12.9948 285.5889 25.9896 81.2612 0.000044
0 74.3818 506.4513 30.8956 11.0974 0.000043
0 47.7938 6.0807 51.6755 12.1614 0.000042
0 633.2949 143.3330 13.4102 73.6045 0.000039
0 6.5982 122.8722 13.1964 83.5241 0.000038
0 373.0527 219.1415 9.7491 23.8740 0.000035
0 579.1853 239.3713 16.1572 36.0140 0.000033
0 637.7019 296.7379 4.5962 84.7445 0.000031
0 601.1949 495.7684 51.8994 31.8550 0.000030
0 626.3395 497.8436 26.3860 28.2959 0.000025
