0 282.6566 258.4993 37.8698 123.4089 0.869449
0 163.0399 253.4967 32.9498 105.1360 0.853926
0 512.2416 275.0328 46.1409 151.2617 0.841242
0 636.5239 246.0474 6.9521 114.1411 0.001093
0 632.0790 253.9173 15.8353 90.8176 0.000506
0 3.4570 193.2160 6.9140 89.2424 0.000281
0 626.7649 221.7608 26.1924 137.0348 0.000162
0 636.6827 292.5166 6.6344 149.8293 0.000075
0 3.8224 51.0453 7.6447 88.9363 0.000047
0 120.6645 229.0203 21.7176 64.5709 0.000043
0 624.2484 254.3720 29.6918 83.5283 0.000031
0 129.1956 232.9016 27.8897 74.6542 0.000030
0 633.1858 212.6855 13.6285 129.4714 0.000027
