0 493.7004 249.0365 29.2149 77.9694 0.863928
0 300.6010 266.9427 33.6853 66.9441 0.863170
0 222.7982 17.2915 32.2087 34.5615 0.002345
0 2.8101 189.3501 5.6201 93.5618 0.001857
0 371.2984 222.1301 13.7930 43.0248 0.001708
0 33.8623 10.5671 42.5733 21.1341 0.001416
0 2.7476 153.1256 5.4951 63.3110 0.001188
0 168.5388 3.3916 26.5427 6.7816 0.000781
0 10.4525 504.4504 20.7169 15.0993 0.000770
0 127.9588 230.5926 32.7753 72.1470 0.000619
0 525.2041 229.6936 21.5129 48.9123 0.000577
0 125.4583 9.0168 37.3457 18.0273 0.000576
0 636.6620 320.3688 6.6761 27.0967 0.000480
0 2.1026 170.3015 4.2052 48.0884 0.000317
0 20.7854 10.6613 32.6482 21.3225 0.000316
0 156.8058 4.2335 32.9747 8.4458 0.000262
0 8.8288 121.6862 17.6576 90.6286 0.000221
0 4.2806 132.7854 8.5612 89.9978 0.000209
0 635.2717 311.1386 9.2644 46.0924 0.000193
0 203.9443 16.7650 49.1250 33.5220 0.000173
0 188.5735 221.2181 21.2865 78.9381 0.000156
0 619.0493 293.8904 40.9810 79.9534 0.000153
0 616.8675 324.3818 35.7671 35.2228 0.000144
0 6.8641 498.8791 13.7281 26.2419 0.000134
0 17.5787 152.5436 33.7830 59.1044 0.000128
0 628.5982 320.6927 22.1796 32.7208 0.000120
0 124.6561 23.5519 39.0285 47.0820 0.000117
0 3.5345 174.8922 6.9273 54.4218 0.000113
0 188.4493 201.9743 20.3497 41.9541 0.000105
0 18.0240 507.4166 33.2386 9.1667 0.000096
0 180.7652 4.8422 35.5549 9.6713 0.000085
0 7.9305 145.1806 15.6831 73.8694 0.000084
0 4.1056 186.4739 8.2111 123.5535 0.000073
0 145.0006 6.8542 42.8384 13.5855 0.000067
0 245.5495 502.2163 21.9992 19.5673 0.000064
0 636.6869 327.6339 6.6262 49.0258 0.000063
0 2.5116 218.6906 5.0232 71.3437 0.000060
0 242.5702 506.9654 22.7869 10.0692 0.000058
0 163.5054 2.7538 19.8753 5.4730 0.000053
0 24.4528 133.1666 21.1659 30.7711 0.000053
0 158.7840 8.2743 34.9695 16.5486 0.000052
0 10.8056 178.0255 21.6044 85.6529 0.000047
0 2.6559 124.5951 5.3117 73.7557 0.000046
0 12.6913 202.1911 25.2895 87.2961 0.000037
0 632.3588 300.1623 15.2825 83.0901 0.000037
0 308.5246 262.9688 21.3914 61.6171 0.000037
0 118.4901 6.2551 24.6624 12.4363 0.000036
0 7.3322 4.5225 14.6645 9.0192 0.000035
0 30.0990 506.1861 33.8696 11.6277 0.000034
0 110.6047 7.0027 44.9407 14.0030 0.000033
0 231.0406 507.8201 21.2049 8.3598 0.000028
0 163.0447 506.9310 23.8516 10.1379 0.000027
