0 228.0319 244.1598 24.8478 88.8424 0.855544
0 121.8091 277.4115 17.7610 93.6471 0.840897
0 634.0436 309.1234 11.9127 98.1397 0.007719
0 102.9708 226.6624 15.4192 35.4309 0.005219
0 75.3601 227.0305 22.4700 59.1094 0.000443
0 400.3838 10.7510 30.6975 21.4943 0.000309
0 631.5582 284.1887 16.7544 105.1846 0.000240
0 129.7049 277.4799 28.0524 95.2385 0.000236
0 636.9307 310.4984 6.1386 86.1992 0.000140
0 4.5823 104.8860 9.1646 45.9705 0.000118
0 2.3151 253.9571 4.6302 72.9477 0.000103
0 635.7594 338.0997 8.4668 122.4803 0.000060
0 499.3932 11.8353 45.8006 23.6705 0.000059
0 8.0112 102.3260 16.0224 51.9971 0.000056
0 293.0488 310.2743 20.2074 38.8789 0.000044
0 637.6139 49.6977 4.7723 55.8382 0.000044
0 371.7418 311.3916 12.1790 17.9854 0.000041
0 5.8540 122.6055 11.7080 65.3199 0.000039
0 18.0766 186.7914 35.9809 114.2336 0.000037
0 506.5719 8.2346 29.0735 16.4693 0.000025
0 2.4207 288.6938 4.8414 85.4319 0.000025
