0 187.9849 264.2080 31.5662 69.6192 0.874015
0 227.6590 150.2389 20.9051 51.2070 0.866831
0 125.4008 145.2618 21.2689 48.0822 0.854778
0 560.9353 420.7314 22.8273 40.7834 0.390159
0 291.9489 261.4288 18.3725 33.2846 0.002410
0 637.3752 230.8973 5.2496 53.0799 0.001113
0 2.8130 281.1007 5.6259 41.8833 0.000894
0 608.2607 505.7063 25.7517 12.5873 0.000642
0 114.8205 229.2994 22.3239 36.0761 0.000640
0 48.0467 509.1971 24.1736 5.6058 0.000536
0 620.1892 505.9698 28.5123 12.0602 0.000477
0 96.8865 490.8809 22.4937 40.9992 0.000415
0 238.8979 276.6378 30.7011 37.6114 0.000337
0 2.8879 350.4521 5.7757 53.3051 0.000297
0 180.3156 235.2573 20.2292 19.1003 0.000293
0 181.9344 240.4376 22.0242 27.2040 0.000285
0 569.0317 419.6445 23.6824 38.5424 0.000285
0 635.6639 501.8065 8.6723 20.0532 0.000278
0 570.0771 415.0807 12.1121 29.2318 0.000277
0 181.0746 223.2207 21.4682 26.2603 0.000249
0 477.9571 195.7336 13.0900 22.7025 0.000241
0 420.0213 222.1693 9.7684 31.0748 0.000224
0 4.4145 324.5430 8.7753 42.8298 0.000214
0 332.5654 508.8816 32.3283 6.2368 0.000209
0 4.7165 222.8042 9.3151 27.2398 0.000193
0 574.7061 405.8609 9.0442 12.4445 0.000187
0 416.0908 2.9434 21.7359 5.8810 0.000167
0 636.2759 216.4977 7.3780 56.7237 0.000160
0 41.4590 509.2320 28.1492 5.5360 0.000148
0 626.7924 15.3901 26.2524 30.7493 0.000146
0 602.8869 507.5132 32.8199 8.9736 0.000144
0 3.0339 257.3600 6.0678 53.1071 0.000141
0 632.7305 6.7111 14.5390 13.4223 0.000136
0 82.4374 281.6882 22.3110 60.1317 0.000126
0 322.8152 508.6841 25.7112 6.6318 0.000122
0 637.3103 473.4110 5.3794 37.1681 0.000115
0 61.5537 508.9952 29.8034 6.0095 0.000106
0 192.0960 508.7646 17.0464 6.4707 0.000103
0 634.2487 427.5029 10.9980 24.2783 0.000100
0 636.9886 381.5345 6.0228 63.7006 0.000093
0 78.7341 272.3095 19.2765 46.5465 0.000087
0 2.3755 166.4766 4.7511 39.7951 0.000087
0 3.8126 240.1464 7.6104 49.4906 0.000086
0 552.4678 437.3326 19.1547 40.6136 0.000082
0 188.5021 222.3560 22.0548 26.2066 0.000078
0 504.5891 149.2768 24.2324 32.8433 0.000073
0 301.4428 106.2769 17.9255 73.3967 0.000069
0 296.0396 99.2019 12.5649 58.2558 0.000067
0 316.4992 123.7361 35.3636 97.2817 0.000061
0 626.5205 445.9879 23.0732 26.2928 0.000060
0 105.5954 507.2352 38.2192 9.5297 0.000059
0 632.9491 441.0637 14.0649 40.7268 0.000058
0 537.7928 393.4189 11.3494 13.9985 0.000055
0 468.5844 247.6915 18.5903 24.8063 0.000053
0 259.3137 263.1852 48.9420 66.0185 0.000052
0 637.0535 489.4168 5.8930 38.8762 0.000051
0 636.4076 353.8812 7.1848 53.6278 0.000050
0 637.7596 353.1880 4.4808 39.7450 0.000049
0 591.2885 507.7531 28.2529 8.4938 0.000048
0 553.4299 426.4995 20.2928 43.7734 0.000048
0 262.9331 4.0872 30.0442 8.1744 0.000048
0 96.9164 507.2531 19.5856 9.4678 0.000045
0 33.5227 509.1219 25.1787 5.7563 0.000044
0 626.9299 3.9512 26.1402 7.9024 0.000044
0 564.6911 431.5699 23.3649 32.1367 0.000043
0 610.0059 500.5897 23.8499 22.8137 0.000042
0 594.4921 509.6882 32.0256 4.6236 0.000042
0 637.9457 368.0283 4.1087 42.8550 0.000041
0 6.5478 507.3403 13.0956 9.3194 0.000039
0 423.9830 221.8364 14.5870 32.4168 0.000038
0 1.9306 267.8937 3.8612 39.0607 0.000037
0 63.1036 279.0021 29.3212 58.0460 0.000036
0 101.2066 499.5823 33.9609 24.7910 0.000036
0 121.9763 227.1220 15.2957 35.7817 0.000035
0 325.1871 509.8584 20.8616 4.2832 0.000035
0 106.9444 261.9521 27.8453 40.3360 0.000035
0 3.8035 301.6423 7.6070 73.8512 0.000035
0 637.0908 462.2274 5.7869 46.4790 0.000032
0 194.7949 224.3973 27.2831 31.9884 0.000032
0 602.2480 503.2815 32.9375 17.4370 0.000032
0 635.5870 448.9514 8.8132 43.7356 0.000030
0 581.6632 330.4222 12.3860 12.5881 0.000030
0 631.1709 228.1265 17.3230 54.5942 0.000029
0 4.6588 212.3681 9.3177 42.3806 0.000028
0 561.0641 411.3897 15.9778 25.0105 0.000028
0 618.0790 499.3053 28.0830 24.3282 0.000028
0 636.1919 324.3577 7.6162 54.2018 0.000028
0 539.4979 409.5704 16.6978 25.8864 0.000027
0 575.9869 409.1678 13.1991 17.7437 0.000027
0 259.7863 266.7604 22.0032 51.0630 0.000027
0 633.3451 17.3126 13.3098 34.6253 0.000026
0 198.8701 506.8982 22.6426 10.2036 0.000026
0 473.9825 247.3343 16.0439 20.6909 0.000026
0 499.7446 96.7102 13.5748 15.8647 0.000026
0 384.8914 188.4747 15.6363 30.2873 0.000025
0 548.6210 442.0204 19.8004 27.4909 0.000025
0 99.6484 265.1714 19.2079 37.0198 0.000025
