0 278.3105 190.9831 28.9005 95.7310 0.851413
0 340.0723 160.2806 29.2179 85.5859 0.847962
0 20.2541 46.7227 40.4840 84.7755 0.046710
0 353.0893 120.5188 24.0815 76.8294 0.024079
0 580.5154 507.3408 29.7929 9.3183 0.002889
0 436.2771 13.3252 38.2552 26.6504 0.001026
0 5.4787 309.9092 10.9574 31.6140 0.000788
0 634.3138 193.7714 11.3723 62.4087 0.000744
0 5.5919 339.3253 11.1839 92.2259 0.000734
0 4.5548 328.4737 9.1083 58.9719 0.000674
0 53.8595 5.1619 42.9578 10.3046 0.000622
0 579.8082 503.7622 38.3235 16.4690 0.000609
0 10.8568 42.3832 21.6993 80.1180 0.000498
0 4.1522 90.8355 8.3044 153.4716 0.000496
0 88.0527 328.3623 48.6336 42.5240 0.000475
0 5.4909 24.4459 10.9776 48.6833 0.000469
0 636.9777 130.2236 6.0445 74.6889 0.000451
0 67.6415 5.7861 37.0602 11.5648 0.000411
0 11.7486 77.4733 23.4858 146.3333 0.000393
0 592.0389 507.3083 39.3674 9.3741 0.000385
0 17.1422 27.7267 34.2844 55.4535 0.000376
0 276.9634 156.9890 23.3594 26.2050 0.000369
0 398.7371 172.1548 24.9006 56.2407 0.000337
0 635.0578 228.1528 9.8843 102.7324 0.000327
0 3.6111 309.1843 7.2222 42.4248 0.000324
0 31.0016 64.4442 61.6228 123.6128 0.000309
0 567.3458 507.1956 42.7746 9.6088 0.000259
0 636.8486 160.0509 6.3027 73.7579 0.000251
0 633.3608 167.9105 13.2783 114.8782 0.000205
0 579.0818 495.7841 36.3541 32.3641 0.000165
0 5.0736 296.7390 10.1472 49.4053 0.000162
0 3.2221 168.1459 6.4441 98.3384 0.000155
0 529.9708 103.9918 37.2346 46.6147 0.000139
0 226.8705 8.1243 25.4684 16.1597 0.000139
0 2.8116 130.7746 5.6159 86.2553 0.000127
0 8.3599 304.9410 16.6000 42.8801 0.000125
0 637.2435 325.4299 5.4396 96.9771 0.000113
0 149.5357 501.8260 28.5846 20.2870 0.000104
0 358.3420 144.1357 32.4263 45.3101 0.000100
0 636.6617 182.3952 6.6766 68.5081 0.000089
0 379.3138 3.3790 31.7498 6.7377 0.000081
0 275.7696 166.9314 26.2657 47.1411 0.000081
0 43.2320 5.0828 30.8404 10.1320 0.000081
0 241.1146 7.5572 45.8166 15.0551 0.000079
0 589.8379 500.9924 41.5446 21.8951 0.000077
0 287.2353 142.1703 45.3933 94.9344 0.000076
0 637.7141 364.1802 4.5718 75.2078 0.000076
0 629.1581 235.7770 21.6838 101.3084 0.000071
0 619.8176 201.8176 18.3494 47.5895 0.000071
0 8.4000 332.1646 16.7999 62.4802 0.000055
0 638.0087 120.1664 3.9826 66.4625 0.000048
0 565.9879 500.9394 50.7368 22.1212 0.000048
0 4.0013 35.9289 8.0026 65.8956 0.000048
0 631.2539 263.0049 17.4922 191.8175 0.000043
0 54.4561 9.3089 53.9625 18.6178 0.000041
0 363.0147 126.5600 25.6758 78.5951 0.000039
0 287.0859 125.9513 31.7334 60.8426 0.000036
0 632.8674 31.7665 14.2653 63.5329 0.000034
0 636.3360 103.0874 7.3280 75.7652 0.000034
0 4.0656 362.7081 8.1311 94.0167 0.000034
0 118.4560 508.1704 20.9142 7.6591 0.000033
0 510.2247 505.1562 28.0710 13.6478 0.000033
0 12.4150 291.4929 24.8300 55.9066 0.000028
0 422.0068 7.6749 42.6071 15.3497 0.000027
0 638.2023 152.6526 3.5954 62.4652 0.000025
