0 353.7109 158.3408 32.9662 95.8670 0.867849
0 280.7918 146.3446 38.2586 94.2890 0.858775
0 5.3396 57.9920 10.6792 77.2198 0.003231
0 567.9089 508.7624 26.4699 6.4751 0.001917
0 344.9659 106.9737 27.3742 42.3086 0.001286
0 15.1572 91.0742 29.8978 85.2999 0.001176
0 14.5168 71.0046 25.9624 45.3749 0.001099
0 45.7668 4.9812 38.9016 9.9624 0.000861
0 557.9472 507.8913 34.5416 8.2174 0.000607
0 13.7019 60.6275 27.2387 84.5335 0.000377
0 4.2820 342.8692 8.5640 111.3733 0.000259
0 578.1186 507.4514 40.2031 9.0593 0.000207
0 567.2612 503.5847 30.3689 16.8306 0.000198
0 632.9609 188.9313 14.0476 57.9633 0.000187
0 3.1007 335.2536 6.2012 68.8798 0.000181
0 215.2525 11.8758 31.0450 23.6928 0.000154
0 419.4856 3.5420 26.6324 7.0652 0.000154
0 4.1825 179.7604 8.3649 101.5369 0.000146
0 132.2428 503.6730 21.8333 16.5345 0.000139
0 8.4613 54.9831 16.9226 103.9512 0.000137
0 349.4474 120.8699 30.0477 26.5123 0.000105
0 425.8401 14.9773 43.3163 29.9546 0.000094
0 418.4899 14.4176 21.3683 28.8351 0.000093
0 633.0228 231.1101 13.9546 136.2053 0.000088
0 35.5055 5.9811 39.7310 11.9622 0.000083
0 539.4733 507.8257 36.9966 8.3487 0.000082
0 633.8356 203.5637 12.3288 53.6586 0.000080
0 377.6115 4.0663 37.8078 8.0545 0.000074
0 634.0410 204.5385 11.7463 29.0491 0.000068
0 525.7002 507.6859 23.9008 8.6281 0.000068
0 111.3256 509.2758 21.3173 5.4484 0.000065
0 2.1499 66.4117 4.2998 77.3349 0.000063
0 632.5543 227.3708 14.8914 70.9824 0.000060
0 274.6919 187.3253 32.3306 107.3876 0.000060
0 2.4399 314.5914 4.8798 54.2781 0.000056
0 105.0965 508.1719 28.1165 7.6562 0.000056
0 407.7693 4.4485 45.8834 8.8045 0.000054
0 2.9047 208.4811 5.8094 76.9196 0.000047
0 637.0154 182.8982 5.9691 65.0839 0.000041
0 114.3249 507.5596 26.7254 8.7847 0.000040
0 2.4141 180.9546 4.8282 93.6808 0.000037
0 3.5412 86.9141 6.9822 100.2245 0.000034
0 622.7953 508.5420 20.9160 6.9160 0.000034
0 3.9457 126.8238 7.8914 97.0207 0.000033
0 137.8147 505.8671 26.2994 12.2657 0.000033
0 629.4749 507.5165 19.9176 8.9670 0.000031
0 205.3038 10.1973 34.2027 20.3946 0.000031
0 633.4142 499.8197 13.0264 24.3606 0.000031
0 354.6367 111.5270 32.1120 51.6778 0.000030
0 43.7322 500.6849 42.1901 22.6301 0.000028
0 636.3520 219.0701 7.2960 75.5609 0.000027
0 485.9929 11.9516 27.5256 22.8444 0.000025
0 97.2644 507.0242 31.7594 9.9515 0.000025
