0 350.2586 291.8516 43.3091 86.8056 0.867126
0 237.5768 270.2052 32.7679 89.8437 0.856574
0 310.5989 265.3346 35.7688 74.2483 0.846323
0 9.3833 197.3614 18.7666 83.6058 0.024024
0 631.5077 366.5500 16.9839 115.6200 0.001604
0 7.5076 228.3624 15.0152 131.0874 0.000754
0 5.7469 183.3985 11.4937 68.5113 0.000750
0 5.1876 252.5595 10.3751 87.9843 0.000342
0 634.2996 351.4306 11.3953 88.7719 0.000258
0 8.7572 235.1452 17.3019 56.2601 0.000163
0 3.5846 292.5997 7.1692 78.6930 0.000160
0 2.8048 253.6045 5.6097 80.5392 0.000140
0 632.2326 338.1511 15.5347 59.2672 0.000135
0 634.4731 326.1967 11.0153 49.4668 0.000133
0 5.2180 158.6688 10.4336 95.4585 0.000118
0 636.0273 298.4353 7.9454 99.2663 0.000092
0 384.7361 501.4917 34.1492 20.9483 0.000066
0 17.7726 223.4916 35.5452 140.8062 0.000066
0 636.4227 316.4208 7.1547 51.9776 0.000058
0 623.1654 364.7414 33.6692 92.2063 0.000057
0 637.0406 357.3207 5.9186 84.2192 0.000051
0 339.4366 272.4903 26.8359 47.4162 0.000041
0 9.2692 169.9287 18.4770 54.8619 0.000039
0 3.1097 176.7343 6.2194 53.0884 0.000034
0 328.6823 11.0049 30.8301 21.6516 0.000033
0 3.9446 205.6880 7.8891 87.7454 0.000033
0 375.7880 502.9808 26.7670 18.0250 0.000032
0 637.3790 297.9259 5.2419 69.2874 0.000028
0 10.6281 239.4116 20.0073 27.2418 0.000027
0 615.3128 7.9476 43.9602 15.8341 0.000025
