0 275.9407 262.1555 34.9807 96.7885 0.873860
0 362.8807 271.1548 34.6122 109.4675 0.871746
0 8.7560 261.8079 17.5110 123.9432 0.097384
0 5.8750 230.5167 11.7424 53.3293 0.076305
0 12.1387 195.8979 24.2774 99.4392 0.002286
0 4.6089 245.1207 9.2178 81.2708 0.001384
0 7.0257 200.4499 14.0438 80.9103 0.000964
0 630.6583 285.5463 18.6835 114.0965 0.000960
0 11.7453 224.3763 21.9333 62.8408 0.000437
0 4.0331 211.6821 8.0662 65.0754 0.000376
0 8.3943 238.4457 16.7886 66.6755 0.000345
0 7.7892 141.9685 15.5785 41.0035 0.000216
0 85.2953 2.9373 26.6972 5.8646 0.000200
0 95.3503 3.0470 33.0061 6.0640 0.000189
0 635.1900 277.5979 9.6199 117.8507 0.000156
0 633.2078 319.2152 13.5844 97.6277 0.000106
0 3.2164 267.9035 6.4328 111.0488 0.000095
0 18.2886 37.1668 36.2729 35.2732 0.000089
0 299.8469 7.0177 20.9359 14.0287 0.000077
0 4.7244 165.4371 9.4488 84.9328 0.000071
0 12.3181 363.0977 24.6362 166.9366 0.000068
0 635.7971 242.7575 8.4058 90.1089 0.000064
0 15.6537 154.2629 31.3074 66.1734 0.000061
0 4.2613 143.6417 8.5226 46.7918 0.000059
0 90.0532 2.3651 22.4954 4.6829 0.000053
0 636.2235 312.7880 7.5530 134.0173 0.000035
0 627.2745 265.8194 25.4510 149.2483 0.000032
0 9.0168 123.4087 17.9415 63.3115 0.000028
0 100.8509 197.7870 38.0706 103.9573 0.000027
0 630.3856 306.8632 18.9343 63.7812 0.000026
