0 523.4077 296.0936 42.9068 119.8737 0.891815
0 337.8683 250.5094 27.4632 77.8314 0.875868
0 236.5112 246.7246 24.7285 79.9350 0.834830
0 547.2177 199.9440 21.7433 53.8463 0.005848
0 3.4814 233.2189 6.9627 57.6393 0.004891
0 95.0443 18.4899 27.1580 28.9818 0.003231
0 8.9251 254.4576 17.8452 100.1411 0.002495
0 12.4515 272.9319 24.8889 136.5092 0.001053
0 3.9498 258.5844 7.8996 104.9898 0.000816
0 635.1254 322.9892 9.7495 106.2559 0.000734
0 505.8831 222.6001 22.8483 56.9358 0.000645
0 634.4400 378.8355 11.1198 160.4202 0.000597
0 4.9555 182.5055 9.9111 99.0740 0.000523
0 636.3734 368.7926 7.2531 133.4569 0.000298
0 4.2554 156.5716 8.5109 58.5956 0.000285
0 3.5971 201.7520 7.1942 107.1736 0.000228
0 2.6186 158.4633 5.2372 49.2935 0.000211
0 5.7848 237.5320 11.5695 76.2151 0.000188
0 8.4861 231.0381 16.6592 54.0891 0.000182
0 630.3191 214.3374 19.3619 89.3397 0.000099
0 636.0767 99.0924 7.8465 64.9760 0.000097
0 628.9167 393.4966 22.1665 169.2781 0.000093
0 513.7169 286.2418 22.0559 98.2648 0.000088
0 6.6795 144.2131 13.3590 44.8308 0.000085
0 635.7772 282.9633 8.4454 117.4924 0.000069
0 510.0827 238.4019 22.6083 26.4149 0.000069
0 633.2956 297.0349 13.2961 112.1177 0.000064
0 2.4210 39.2981 4.8420 36.9481 0.000058
0 622.2715 329.8024 35.4570 101.6953 0.000058
0 3.4115 172.5160 6.8231 76.8434 0.000058
0 16.5882 197.2201 32.9961 119.0904 0.000047
0 2.1540 142.3037 4.3079 60.4746 0.000037
0 5.2779 291.7154 10.5557 89.1778 0.000035
0 636.7318 416.0746 6.5364 107.2544 0.000034
0 637.4456 370.7164 5.1088 93.3874 0.000028
0 633.8267 202.7942 12.3467 80.8463 0.000026
