0 216.8699 226.7415 20.5490 47.8262 0.811302
0 213.3454 19.4348 20.0567 38.8697 0.001586
0 607.3694 475.8046 65.1511 71.9592 0.000800
0 631.3918 492.3256 17.2165 39.0495 0.000392
0 4.7245 225.9139 9.4491 92.8820 0.000361
0 630.8123 469.9402 18.3754 84.1196 0.000358
0 2.7477 156.1613 5.4954 61.7892 0.000350
0 615.0664 491.0675 49.7638 41.5880 0.000273
0 635.7086 479.5801 8.5827 64.5390 0.000211
0 12.5285 507.8583 22.5194 8.2835 0.000156
0 45.0946 507.9828 42.3835 8.0345 0.000152
0 2.8622 184.3052 5.7245 113.4657 0.000134
0 635.2621 447.7472 9.4757 91.7221 0.000131
0 6.5797 252.2062 13.1593 65.8168 0.000121
0 6.2708 505.6268 12.3623 12.6646 0.000117
0 3.1433 254.9491 6.2865 70.4056 0.000113
0 635.4134 414.9674 9.1731 80.5674 0.000112
0 8.5971 230.9049 17.0984 85.8319 0.000083
0 2.7786 233.9695 5.5572 68.6271 0.000077
0 583.0563 232.0238 28.1359 55.9265 0.000066
0 7.1340 267.2211 14.2147 30.0265 0.000055
0 2.0395 290.1406 4.0791 75.1937 0.000053
0 2.6212 466.5298 5.2424 36.8033 0.000049
0 225.2160 226.4083 18.8210 48.7657 0.000048
0 3.2518 338.0421 6.5036 84.0199 0.000046
0 623.8987 496.6375 32.2025 30.7250 0.000039
0 625.8757 481.9361 28.1948 60.1278 0.000037
0 109.7747 508.7750 35.2298 6.4500 0.000036
0 5.4353 179.4866 10.8706 115.2684 0.000036
0 2.9988 360.7908 5.9976 65.9205 0.000036
0 390.2686 254.0883 19.9305 42.4539 0.000036
0 276.8904 508.6320 29.7650 6.7359 0.000032
0 2.6749 447.3018 5.3498 41.1483 0.000032
0 635.9714 384.0508 8.0572 81.9851 0.000032
0 2.7143 494.7094 5.4286 32.2520 0.000031
0 185.2765 19.4714 16.7784 36.3094 0.000031
0 11.1935 183.9663 22.3870 127.2010 0.000029
0 3.2062 138.0145 5.8517 52.3720 0.000028
0 121.9248 508.9731 31.7646 6.0538 0.000027
0 3.0342 306.6223 6.0683 79.6306 0.000025
