0 344.4339 266.7013 17.8433 45.6922 0.827770
0 416.2569 262.0919 15.4360 34.7494 0.785405
0 9.9227 285.1449 19.8334 98.5154 0.008427
0 2.1975 95.1682 4.3950 71.4774 0.005640
0 6.2726 295.0588 12.5411 80.1595 0.001190
0 3.2531 117.9488 6.5061 116.2781 0.000753
0 5.4965 327.7925 10.9931 77.7463 0.000543
0 631.8005 327.8896 16.3992 84.3089 0.000457
0 633.6588 292.4586 12.6657 78.3496 0.000417
0 636.3764 424.1835 7.2471 113.0803 0.000150
0 1.7260 76.7903 3.4415 53.1737 0.000120
0 7.5852 91.3695 15.0809 68.4644 0.000101
0 22.4475 507.2086 41.5963 9.3781 0.000085
0 635.9493 377.5720 8.1013 78.9952 0.000077
0 13.0255 299.1893 23.2220 63.0793 0.000077
0 635.5276 263.6508 8.9449 78.5399 0.000069
0 423.4564 260.2259 12.9165 36.2963 0.000067
0 77.0518 219.9665 19.0253 32.3810 0.000064
0 170.5865 309.7374 20.3511 49.6487 0.000054
0 5.0397 402.1797 10.0253 80.6176 0.000040
0 3.5867 82.8951 7.1734 53.5543 0.000036
0 2.8339 68.1709 5.6678 82.4175 0.000034
0 42.1696 278.2123 72.0588 113.4720 0.000033
0 407.1661 259.6381 16.5261 37.7648 0.000031
0 14.0762 508.5458 28.1523 6.9084 0.000030
0 146.8901 508.2360 29.8346 7.5280 0.000029
0 7.8710 319.0739 15.7420 137.4336 0.000028
0 632.4872 362.8160 15.0255 121.9325 0.000028
0 317.0559 255.9117 8.0286 19.1921 0.000027
0 3.7081 342.8909 7.4162 80.3244 0.000025
