0 630.1556 375.5046 19.6690 115.8568 0.232885
0 634.0402 351.8532 11.9195 122.0760 0.002846
0 635.6672 324.4883 8.6657 95.2578 0.002418
0 3.1778 311.5588 6.3550 64.5924 0.001145
0 630.1251 410.2939 19.7036 107.7917 0.000806
0 73.3440 220.2634 13.2673 30.1070 0.000617
0 2.9699 332.7700 5.9331 53.4604 0.000549
0 637.1910 388.3373 5.6180 88.1674 0.000396
0 603.7424 318.9116 30.4607 46.0443 0.000379
0 633.9774 290.8923 12.0179 59.0038 0.000303
0 637.0389 302.5454 5.9222 67.8185 0.000191
0 631.3953 313.6349 17.0968 87.1302 0.000191
0 463.0966 243.2988 22.7828 57.7228 0.000140
0 637.3531 416.9920 5.2937 80.5705 0.000102
0 635.2494 362.7404 9.5012 66.8713 0.000099
0 3.4074 452.9823 6.8148 67.5902 0.000068
0 5.4463 506.6184 10.8926 10.7631 0.000064
0 630.5728 358.4389 18.8083 47.3426 0.000056
0 634.8867 408.9705 10.0667 99.6959 0.000049
0 637.8940 289.9616 4.2120 54.0566 0.000036
0 194.7696 249.0081 15.4564 46.7559 0.000034
0 636.3643 287.0065 7.2715 72.4647 0.000034
0 3.4607 415.9077 6.9215 73.1055 0.000031
0 222.6295 259.3554 11.2135 19.8383 0.000029
0 4.4494 502.8789 8.8988 18.0303 0.000028
