0 332.8651 247.9255 10.7387 34.2320 0.244528
0 291.6140 240.2731 6.8439 35.1463 0.036757
0 309.1809 248.2219 13.0639 49.6590 0.013082
0 636.6880 286.4637 6.6240 95.1311 0.001635
0 4.0644 189.8815 8.1288 109.7664 0.001613
0 626.3767 293.8333 25.9119 85.8590 0.001328
0 302.2514 246.9881 20.7017 52.6755 0.000882
0 633.4624 293.8611 13.0750 86.0970 0.000875
0 437.9116 264.2994 10.9846 50.6526 0.000628
0 2.9055 181.0042 5.8109 81.4733 0.000603
0 176.6405 222.1389 9.5502 17.9230 0.000601
0 636.8441 323.7482 6.2687 122.8913 0.000288
0 2.9151 251.7912 5.8291 102.8542 0.000263
0 288.4933 239.8969 11.3390 38.3322 0.000235
0 292.9589 247.2788 12.0774 52.4454 0.000227
0 635.8203 33.7721 8.3593 62.3794 0.000218
0 329.2714 248.1890 12.7624 38.0250 0.000187
0 8.5872 191.1870 17.1241 102.2500 0.000169
0 353.4136 248.2498 8.4390 30.8596 0.000145
0 4.4111 218.2258 8.8221 62.3086 0.000135
0 14.1882 224.3997 26.1324 36.6680 0.000128
0 348.2462 248.9039 14.5585 32.4411 0.000112
0 630.0059 267.3726 19.2479 143.7851 0.000107
0 336.6692 244.9576 12.6317 38.1514 0.000100
0 637.4922 336.7073 5.0155 69.8698 0.000100
0 292.4279 249.0720 7.9847 41.2050 0.000090
0 3.0402 155.6638 6.0803 65.7205 0.000082
0 2.3629 308.9583 4.7258 85.7072 0.000081
0 635.6987 254.6526 8.5300 91.0785 0.000068
0 3.6795 293.7269 7.3376 78.1898 0.000066
0 3.5802 324.6461 7.1603 137.3344 0.000051
0 342.0043 244.4761 6.6184 29.3510 0.000048
0 21.9099 189.3634 42.4282 121.1906 0.000048
0 254.4171 222.5530 9.3282 16.7439 0.000043
0 618.5521 291.9548 24.0586 75.1825 0.000039
0 40.0250 7.6898 23.2948 15.3723 0.000038
0 627.3356 326.7557 25.3288 160.2723 0.000038
0 636.3433 225.2372 7.3134 130.7419 0.000037
0 5.8112 236.7353 11.6225 148.9069 0.000035
0 380.2247 246.5024 8.3951 17.8205 0.000033
0 3.2040 156.7640 6.4080 113.5419 0.000033
0 635.2471 336.9006 9.5059 76.5229 0.000030
0 500.4187 5.0657 26.5181 10.1313 0.000028
0 622.9297 275.0264 18.0209 122.7790 0.000027
0 308.4835 260.1930 11.3446 36.1274 0.000026
0 2.7568 279.1020 5.5137 71.7297 0.000025
