0 125.7315 269.0015 22.8941 65.8102 0.855177
0 38.5510 256.2666 13.7178 43.9204 0.782069
0 629.4377 304.7940 21.1131 78.6790 0.032711
0 629.9782 285.2538 19.9425 36.7212 0.002549
0 30.9062 256.1474 17.9875 46.3230 0.001929
0 2.3754 261.0570 4.7411 55.2827 0.000946
0 20.9867 240.7796 8.0776 27.9371 0.000705
0 635.6911 307.4789 8.6180 88.3017 0.000647
0 629.5886 261.8153 20.8228 106.2692 0.000478
0 6.1089 259.5865 11.0968 52.4095 0.000459
0 25.8341 256.2468 11.8514 49.0204 0.000458
0 2.5884 295.5934 5.1768 64.2338 0.000311
0 636.3680 283.6698 7.2640 35.3388 0.000253
0 19.7090 257.0556 15.6923 59.4414 0.000201
0 322.0213 6.5312 41.5525 13.0624 0.000141
0 2.8522 279.4832 5.7044 61.0194 0.000136
0 631.5595 332.0428 16.8810 138.0961 0.000129
0 99.8703 254.7628 8.8836 14.9031 0.000126
0 633.8904 261.6758 12.2192 87.6306 0.000084
0 637.1516 271.3420 5.6726 63.1458 0.000078
0 560.2985 269.9862 15.2307 29.1140 0.000073
0 2.6510 323.7132 5.3020 70.8181 0.000063
0 30.7577 249.6400 12.3719 40.9703 0.000051
0 44.8154 255.6113 18.5831 44.4294 0.000048
0 111.0265 271.0450 12.9799 57.3815 0.000045
0 303.5985 7.3289 63.0529 14.6201 0.000040
0 5.5328 508.4358 11.0656 7.1284 0.000039
0 26.7819 235.4267 9.9760 19.4870 0.000032
0 2.1533 354.8851 4.3066 81.7843 0.000026
0 4.3971 248.5860 6.0197 40.5755 0.000025
