0 60.4262 271.3640 19.5067 65.4194 0.836223
0 3.7214 290.1804 7.4427 111.6142 0.035141
0 2.9522 330.6149 5.9044 100.2454 0.015793
0 8.1563 290.3429 16.3127 103.8806 0.014761
0 46.3912 272.4057 13.2699 61.8429 0.007573
0 2.4760 271.0399 4.9485 68.9473 0.002035
0 298.7879 322.6218 14.6699 43.2685 0.001541
0 267.7594 7.1732 36.1262 14.3464 0.001190
0 1.8911 310.6273 3.7821 80.4089 0.000819
0 8.9598 327.3307 17.9139 107.5900 0.000700
0 638.1190 278.0472 3.7618 68.4796 0.000675
0 625.9698 424.4789 28.0604 88.1074 0.000492
0 1.4119 255.9883 2.8237 46.1896 0.000491
0 635.4021 285.2587 9.1422 64.9890 0.000467
0 248.9067 7.7962 67.8107 15.5789 0.000432
0 57.5595 261.5273 15.5499 46.8096 0.000380
0 627.3151 353.0730 25.3698 60.6187 0.000202
0 637.3738 271.3697 5.2524 91.4433 0.000167
0 637.1478 300.3341 5.7044 72.3426 0.000137
0 2.4505 376.4303 4.9010 74.1855 0.000118
0 2.4005 240.1108 4.7421 52.1687 0.000110
0 50.1986 270.5097 17.6295 68.6776 0.000098
0 14.3862 298.1977 14.3164 71.8064 0.000093
0 634.2350 309.8871 11.5300 87.4875 0.000079
0 598.1346 301.2183 14.7478 56.0908 0.000059
0 1.4923 234.5345 2.9845 60.6946 0.000055
0 13.0179 313.9332 19.4253 57.2576 0.000053
0 3.9426 389.5858 7.8853 79.6749 0.000044
0 52.5566 245.1978 11.6431 23.8983 0.000041
0 629.7742 321.2350 20.4515 104.8674 0.000040
0 306.1365 325.5290 13.9211 49.1500 0.000037
0 344.3935 303.4011 17.6433 26.4803 0.000036
0 17.6326 305.5043 35.2653 158.9029 0.000036
0 638.3259 256.5294 3.3483 64.1191 0.000030
0 9.1413 251.0800 18.2825 31.7064 0.000028
0 391.2712 247.0265 22.6897 75.8304 0.000027
0 2.0261 347.9538 4.0522 77.4612 0.000027
