0 19.9110 354.3260 30.2322 39.1331 0.871749
0 444.5940 363.0055 22.6327 42.5062 0.870667
0 131.9766 183.0118 27.5321 42.0992 0.861319
0 382.4923 294.5148 17.8473 38.9115 0.858557
0 94.2792 174.8025 21.7095 38.9972 0.828639
0 13.8041 319.6493 27.4472 45.1232 0.012326
0 634.6819 89.4096 10.6363 54.8839 0.008283
0 44.2026 133.6243 16.5893 30.9266 0.007223
0 2.6356 355.2747 5.2713 40.7673 0.005711
0 3.4417 343.9628 6.8538 38.2084 0.004642
0 9.0137 353.4418 17.0691 38.9088 0.003617
0 635.4620 73.4876 9.0761 39.1596 0.003004
0 559.8880 507.7552 21.0320 8.4878 0.001747
0 17.1050 331.6380 34.1432 79.4055 0.001547
0 3.6536 327.4052 7.2827 39.9044 0.001405
0 6.7084 343.7914 13.4169 25.3132 0.001024
0 3.7871 307.3941 7.5742 75.2388 0.000924
0 3.0601 371.2647 6.1120 47.0479 0.000920
0 6.6626 332.6573 13.3252 32.3203 0.000726
0 3.1239 487.7532 6.2479 32.6983 0.000713
0 635.8334 331.3372 8.3332 23.0304 0.000675
0 201.2465 210.3368 14.5004 13.8578 0.000611
0 151.9926 48.9656 18.9142 10.5096 0.000589
0 633.2164 105.7453 13.5670 40.5169 0.000581
0 593.7574 508.0161 20.8994 7.9678 0.000544
0 486.6256 2.6487 27.0717 5.2595 0.000443
0 5.2423 355.5945 9.8237 41.1769 0.000438
0 548.7142 6.1446 23.1698 12.2891 0.000426
0 633.7549 332.3683 12.2354 31.3913 0.000389
0 49.5462 130.0092 15.0006 33.7668 0.000337
0 83.6634 508.7687 24.2028 6.4626 0.000304
0 550.1136 3.5153 20.3072 7.0306 0.000267
0 3.2627 474.2950 6.5253 45.8990 0.000266
0 3.8038 497.5422 7.6076 27.8863 0.000262
0 5.8190 482.6297 11.6380 22.2323 0.000259
0 636.5696 166.3201 6.8608 39.1020 0.000247
0 631.9004 70.9369 14.9442 36.4034 0.000245
0 5.7651 319.6087 11.4786 47.3428 0.000221
0 627.4991 500.3496 24.4029 23.0953 0.000214
0 637.8000 75.0215 4.3999 40.6030 0.000208
0 637.1421 93.3391 5.7158 47.5885 0.000199
0 630.4483 505.7450 18.8370 12.5099 0.000198
0 637.3692 178.9847 5.2616 51.0518 0.000196
0 534.0268 4.6965 27.6931 9.3930 0.000167
0 634.1454 343.1984 11.7092 39.2074 0.000158
0 2.9142 385.7435 5.8283 36.0473 0.000152
0 4.9271 279.7156 9.8541 30.7322 0.000152
0 637.3406 107.3286 5.3188 38.2188 0.000152
0 5.1588 505.0299 10.2973 13.9401 0.000145
0 550.0629 507.2064 30.9160 9.5873 0.000139
0 527.0886 4.2093 19.6806 8.3508 0.000137
0 293.9613 2.8016 17.5123 5.5834 0.000124
0 6.1474 492.8180 12.2883 34.8257 0.000118
0 43.9370 303.9765 19.5076 57.1749 0.000115
0 543.0809 5.8775 23.2320 11.7549 0.000112
0 465.6733 286.0268 9.9438 10.9011 0.000110
0 102.0527 39.2834 11.7895 21.8152 0.000107
0 4.4100 181.1971 8.8200 22.8941 0.000099
0 571.6486 368.8940 22.9751 26.9467 0.000098
0 633.9931 125.4350 12.0138 48.7671 0.000098
0 637.0922 342.9703 5.8157 45.4495 0.000091
0 291.1655 4.0079 14.3798 7.9863 0.000091
0 585.5753 507.9343 27.7686 8.1314 0.000090
0 68.4835 508.8531 21.8183 6.2938 0.000089
0 1.9331 277.2042 3.8662 34.4496 0.000089
0 158.3600 317.1422 16.2427 26.7335 0.000088
0 624.7163 87.3620 25.9373 50.5070 0.000086
0 493.9948 2.8266 27.1919 5.6532 0.000085
0 30.4945 186.7103 22.2663 31.6904 0.000080
0 635.5771 53.3315 8.8458 38.4740 0.000079
0 73.8135 509.4605 19.6696 5.0789 0.000079
0 637.8406 61.4050 4.3187 37.1058 0.000078
0 108.2633 4.4076 19.4185 8.8152 0.000076
0 287.5031 3.2322 18.7609 6.3789 0.000076
0 321.3003 16.2327 24.1617 27.9227 0.000074
0 9.9222 500.5807 19.7581 22.8385 0.000073
0 555.8823 7.9111 27.7246 15.8222 0.000073
0 9.8327 301.7240 19.6653 71.2721 0.000072
0 33.4948 132.3113 30.9290 34.3432 0.000071
0 48.3722 508.0637 33.2994 7.8726 0.000069
0 20.7020 183.5269 24.6863 25.7080 0.000065
0 213.6497 373.1469 12.5552 19.1556 0.000063
0 590.1494 274.4535 14.4622 24.6250 0.000063
0 159.2764 509.2015 20.8921 5.5970 0.000062
0 19.5895 502.3151 33.4034 19.3663 0.000062
0 35.5698 507.7402 42.1434 8.5196 0.000060
0 636.3851 318.7668 7.2298 35.6887 0.000058
0 195.6721 508.7634 18.6501 6.4733 0.000056
0 90.8373 162.0952 20.7698 41.5252 0.000056
0 278.8334 2.8425 25.2948 5.6154 0.000053
0 140.3887 508.3618 19.4837 7.2763 0.000052
0 49.9197 123.3840 25.1940 42.8011 0.000051
0 60.0412 14.1131 22.1721 28.2262 0.000051
0 635.6309 146.1618 8.7382 43.3082 0.000051
0 205.4168 509.2136 16.3665 5.5729 0.000051
0 59.7485 127.7803 18.9290 34.1688 0.000051
0 228.1459 101.5478 12.3323 20.4810 0.000050
0 9.9759 479.8367 19.4942 20.1448 0.000049
0 291.9480 107.5653 14.7689 13.7424 0.000049
0 3.0694 453.0457 6.1387 38.6810 0.000048
0 66.9006 508.2914 34.3055 7.4171 0.000048
0 1.6814 115.1673 3.3628 45.1109 0.000046
0 10.8248 508.2773 21.6496 7.4454 0.000046
0 205.2103 310.1791 16.1819 20.8729 0.000046
0 245.3851 507.2047 16.5570 9.5906 0.000044
0 34.1844 303.5947 25.1694 63.1841 0.000043
0 601.3820 507.3907 18.5294 9.2186 0.000043
0 636.7109 203.8062 6.5781 36.6215 0.000041
0 532.6057 497.0660 25.8851 29.7146 0.000041
0 635.9189 436.7350 7.9491 39.5314 0.000040
0 565.5829 504.7395 24.1047 14.5210 0.000039
0 12.9635 432.0354 25.3978 26.1356 0.000039
0 57.0233 111.2310 26.0628 42.6700 0.000038
0 638.2316 286.3104 3.5367 35.1866 0.000038
0 8.3480 286.8535 16.5650 43.6305 0.000037
0 13.0154 181.4624 20.8908 22.7859 0.000037
0 149.1048 509.0306 22.1976 5.9387 0.000036
0 266.6885 146.7009 18.3036 38.7482 0.000036
0 345.2275 257.0225 14.6394 34.3903 0.000034
0 5.3707 40.2628 10.6066 23.7377 0.000034
0 637.9495 194.7334 4.1011 49.2651 0.000033
0 526.7629 8.6876 19.4216 17.2608 0.000033
0 112.8776 9.6869 19.6315 19.3738 0.000033
0 53.8654 118.5806 40.6359 62.7483 0.000032
0 3.4068 63.5659 6.7005 35.3691 0.000031
0 239.6758 507.4849 16.0215 9.0303 0.000031
0 94.1397 509.3107 23.1859 5.3785 0.000030
0 591.4966 2.9941 19.1157 5.9882 0.000029
0 34.3626 506.6086 25.7218 10.7828 0.000029
0 56.8958 508.7544 21.4400 6.4913 0.000029
0 113.1482 7.6129 14.7958 14.1344 0.000029
0 554.2925 505.1071 27.5854 13.7857 0.000028
0 559.3228 3.1227 27.3236 6.2279 0.000028
0 211.7267 509.3573 16.4985 5.2854 0.000028
0 166.1512 509.3603 19.4480 5.2794 0.000028
0 638.0262 46.6404 3.9475 31.4473 0.000028
0 14.1849 505.2325 24.5701 13.5350 0.000027
0 633.1818 328.0990 10.9917 15.1621 0.000027
0 541.1382 509.6022 28.0796 4.7957 0.000027
0 636.9956 295.5319 6.0088 36.1544 0.000027
0 60.2885 3.2887 22.1211 6.5773 0.000027
0 511.4707 3.7886 19.9062 7.5772 0.000027
0 42.0635 332.1119 16.1646 8.3925 0.000026
0 108.1341 6.5692 14.1023 12.1048 0.000026
0 58.1709 7.9838 21.4763 15.9562 0.000026
0 219.4518 372.2356 13.9592 16.8904 0.000026
0 292.0009 251.1902 19.8463 49.2525 0.000025
0 636.5083 193.5728 6.9834 38.9667 0.000025
