0 537.0128 225.9486 42.9696 164.9490 0.812544
0 524.3288 167.0137 33.0667 43.4188 0.004414
0 519.6829 225.2316 36.8984 162.2957 0.002385
0 73.1477 500.9763 36.6280 22.0475 0.002129
0 6.8230 497.3012 13.6460 29.3897 0.001142
0 636.3887 191.8917 7.2227 119.1479 0.000573
0 117.6207 505.5058 36.9178 12.9882 0.000472
0 91.0120 502.9861 60.2311 17.9933 0.000472
0 636.6516 239.2238 6.6968 95.3564 0.000461
0 636.7532 267.8595 6.4936 54.3400 0.000381
0 8.0821 489.3919 16.1643 45.2003 0.000370
0 11.2431 500.4093 22.4465 23.1697 0.000361
0 224.8220 504.6319 31.9612 14.7178 0.000341
0 111.7047 507.7449 31.6638 8.5101 0.000281
0 635.9860 153.2437 8.0280 62.7755 0.000263
0 3.9544 484.6850 7.9087 54.6300 0.000252
0 635.5329 291.1061 8.9342 91.2613 0.000211
0 529.4538 192.5562 31.7455 90.7197 0.000159
0 227.2260 495.0268 30.9808 33.9464 0.000154
0 630.7405 189.9172 18.4582 118.4372 0.000153
0 225.7716 482.0971 35.0481 59.5669 0.000147
0 636.3092 117.0227 7.3816 83.5574 0.000142
0 53.6952 504.6010 71.5325 14.7980 0.000127
0 97.0580 505.9874 53.4151 12.0252 0.000121
0 18.4100 504.3538 36.7197 15.2100 0.000119
0 19.2839 494.1023 38.5234 35.7740 0.000089
0 530.9741 267.1320 14.8337 76.0111 0.000084
0 154.9492 506.4627 36.3913 11.0745 0.000079
0 168.8938 503.6899 39.7236 16.6202 0.000077
0 361.2371 4.0218 29.9911 8.0435 0.000067
0 579.6310 198.2733 30.3872 54.2731 0.000065
0 214.8666 490.0679 52.7192 43.8642 0.000065
0 534.0518 174.7327 39.1973 56.1342 0.000063
0 629.6318 7.5350 20.7363 14.9878 0.000062
0 634.1852 11.0699 11.6295 22.1398 0.000054
0 635.8502 67.7753 8.2996 119.2121 0.000052
0 514.5527 160.9002 59.5490 32.4055 0.000048
0 527.7718 263.8217 11.3429 60.7361 0.000048
0 155.4078 501.7417 43.9415 20.5167 0.000044
0 61.2360 500.2952 64.7164 23.0806 0.000043
0 531.7379 159.5482 31.4611 31.0961 0.000043
0 515.3260 168.0342 43.0837 50.4190 0.000037
0 11.9551 481.8705 23.9102 60.2590 0.000036
0 175.5059 497.6644 46.3873 28.5767 0.000032
0 201.9609 503.7346 47.8439 16.5308 0.000029
0 137.0984 506.2153 41.2423 11.5669 0.000029
0 128.5946 502.3533 61.3500 19.1957 0.000028
0 187.8911 502.1876 45.7093 19.5295 0.000026
0 170.2770 506.7813 33.0997 10.4374 0.000026
