0 19.7202 354.1535 29.8386 38.9641 0.871363
0 444.1243 362.4825 22.5377 43.1257 0.864187
0 381.8992 294.3847 17.5613 38.7109 0.860744
0 131.4762 182.8096 28.0791 42.0151 0.857613
0 92.0683 175.4837 24.2717 39.9640 0.852135
0 44.2099 133.3187 16.8372 30.9763 0.009445
0 2.4725 355.1189 4.9450 38.6064 0.004128
0 9.2372 353.6267 17.4591 39.1937 0.004019
0 634.7915 89.7485 10.4169 55.1287 0.003709
0 13.3225 319.6085 26.6328 45.6039 0.003383
0 635.6408 71.6203 8.7184 37.3516 0.002008
0 3.5090 339.3324 6.9633 30.7697 0.001613
0 3.9788 345.2821 7.9055 43.1390 0.001598
0 4.0465 326.2930 8.0903 41.1499 0.001334
0 4.1573 305.4072 8.3147 76.7701 0.000959
0 559.5718 507.7199 21.6901 8.5592 0.000929
0 635.9985 331.5066 7.9781 23.9620 0.000830
0 6.5124 320.4890 13.0247 46.9532 0.000745
0 7.1538 343.0532 14.1243 23.0272 0.000696
0 2.9931 371.5064 5.9861 46.9468 0.000655
0 633.0622 104.0291 13.8754 41.8475 0.000630
0 200.0875 210.9497 15.1682 13.5968 0.000563
0 49.4606 130.3831 14.0948 33.4898 0.000431
0 623.1488 500.1907 31.9115 23.4972 0.000428
0 16.7640 330.4138 33.2690 83.0601 0.000425
0 488.2040 2.6850 26.9978 5.3290 0.000393
0 53.2732 127.4033 14.1447 34.0916 0.000357
0 548.9160 6.1941 22.5449 12.3859 0.000349
0 5.1974 355.8035 9.9830 40.5038 0.000333
0 632.5322 76.0582 14.0982 41.2616 0.000319
0 82.4144 508.8580 24.4287 6.2839 0.000309
0 636.5508 171.5822 6.8976 42.6542 0.000307
0 634.8923 340.0378 10.2098 39.4373 0.000284
0 4.1735 279.5141 8.3470 30.8033 0.000257
0 633.5692 332.7436 12.7478 29.1674 0.000247
0 18.3755 499.8124 27.9384 24.3752 0.000247
0 227.4051 100.8795 12.4319 19.4312 0.000244
0 2.7189 383.7767 5.4378 31.7339 0.000241
0 152.7407 48.6708 20.8020 10.2710 0.000238
0 593.2833 507.9902 20.0509 8.0197 0.000238
0 549.1504 3.3656 19.7197 6.7313 0.000228
0 67.1936 508.1210 23.5644 7.7239 0.000221
0 1.8600 278.0107 3.7200 35.0234 0.000187
0 345.7588 256.2618 15.4285 35.5844 0.000184
0 10.7885 330.5743 21.4492 30.3737 0.000170
0 532.1409 4.5929 25.6431 9.1858 0.000170
0 627.9451 505.9301 23.6697 12.1396 0.000163
0 637.7701 177.5625 4.4598 45.9751 0.000161
0 637.7411 108.3403 4.5179 39.7123 0.000161
0 289.4853 3.5476 15.4690 7.0332 0.000158
0 110.4015 4.3153 19.2076 8.6184 0.000154
0 3.2640 496.8765 6.4349 27.1335 0.000152
0 47.4110 122.7667 21.8981 49.1903 0.000138
0 5.0551 502.3310 10.1102 19.3380 0.000134
0 213.6102 371.7832 11.8789 18.0146 0.000129
0 52.7875 132.4038 29.4206 30.6698 0.000127
0 157.8057 317.0630 16.9477 29.0663 0.000127
0 637.3977 94.1232 5.2047 48.7572 0.000126
0 633.7496 123.4428 12.5007 48.7605 0.000125
0 266.3453 147.1246 18.1453 38.6895 0.000125
0 637.4083 343.0051 5.1833 45.2748 0.000125
0 637.0776 193.1784 5.8449 46.2540 0.000124
0 319.9786 15.7983 24.9663 28.2557 0.000123
0 59.8930 128.7407 19.8765 32.8559 0.000116
0 543.0602 5.3600 22.7420 10.6983 0.000113
0 111.8201 6.6989 16.2357 12.6061 0.000105
0 293.6722 2.6940 16.9679 5.3610 0.000103
0 385.0114 72.3439 12.7771 15.4064 0.000103
0 4.3274 181.3734 8.6064 23.0727 0.000099
0 637.9400 75.1772 4.1200 43.2636 0.000098
0 56.6778 508.4874 20.0417 7.0251 0.000097
0 522.0897 3.7396 22.2750 7.3673 0.000091
0 635.8555 52.2960 8.2890 38.8316 0.000088
0 555.6941 5.1562 27.8176 10.3123 0.000087
0 548.8229 506.9996 30.3489 10.0007 0.000084
0 624.3073 87.9432 26.0616 49.9556 0.000080
0 636.7275 318.6411 6.5448 38.0805 0.000080
0 278.3007 2.8414 24.4595 5.5957 0.000078
0 192.0555 508.8652 17.3405 6.2696 0.000077
0 589.8333 273.9551 14.3165 25.1481 0.000072
0 636.2842 154.9966 7.4315 40.9794 0.000071
0 112.4992 9.3051 21.0173 18.6102 0.000069
0 72.5883 509.2022 18.0205 5.5956 0.000068
0 101.6509 39.3206 11.2487 21.7422 0.000068
0 1.6522 117.5307 3.3044 42.7371 0.000068
0 635.3915 143.5470 9.2170 47.5844 0.000067
0 29.4436 507.0943 35.5532 9.8115 0.000063
0 83.6471 170.9960 20.3389 34.4490 0.000061
0 27.9659 188.3736 27.0728 35.9743 0.000058
0 56.1988 118.3722 17.7421 49.9936 0.000058
0 8.2452 300.9436 16.4905 71.0145 0.000057
0 48.1576 508.0510 30.8363 7.8981 0.000057
0 137.1911 187.5194 17.1156 32.0392 0.000056
0 12.9733 431.9926 25.9466 28.8810 0.000056
0 637.9510 60.8119 4.0980 37.9449 0.000056
0 617.6851 374.7177 20.8212 21.8245 0.000055
0 556.8103 504.7692 18.3730 14.4616 0.000054
0 44.2473 304.8373 21.2516 58.8744 0.000053
0 18.8898 183.6108 23.5970 26.5207 0.000050
0 509.4007 3.6490 21.1906 7.2980 0.000048
0 57.8554 107.6677 24.3638 39.2055 0.000046
0 199.4840 508.9389 19.3793 6.1222 0.000045
0 121.9308 108.9287 17.3887 32.7792 0.000044
0 584.6839 507.8561 24.9951 8.2877 0.000044
0 638.2242 291.2551 3.5515 40.0675 0.000044
0 16.3102 305.7403 23.1315 61.5222 0.000043
0 591.2668 3.0463 18.3317 6.0926 0.000043
0 609.4385 380.6080 17.6653 26.9922 0.000041
0 292.7178 251.4816 20.8065 49.9575 0.000041
0 242.2616 507.0921 16.2264 9.8158 0.000040
0 218.4265 371.2674 16.9033 22.0397 0.000039
0 526.6072 8.2266 20.8577 16.4532 0.000039
0 100.6456 33.4793 10.5870 14.4740 0.000039
0 3.1972 485.8208 6.3944 40.2101 0.000039
0 59.7487 3.0370 22.0234 6.0740 0.000038
0 638.0365 45.8428 3.9271 33.1121 0.000038
0 637.1593 294.7112 5.6814 37.0768 0.000038
0 542.4892 509.6833 25.9475 4.6334 0.000037
0 33.6498 304.0321 27.7735 63.2245 0.000036
0 3.2307 63.2487 6.3180 35.1933 0.000036
0 6.9095 497.2752 13.6898 25.6409 0.000036
0 633.2927 347.8255 13.4146 31.9869 0.000034
0 32.8026 131.8950 33.1862 34.2539 0.000034
0 148.8420 508.9810 22.0827 6.0380 0.000034
0 551.4794 508.8349 30.2922 6.3302 0.000034
0 4.9243 38.8118 9.7063 25.7647 0.000034
0 59.7141 21.0373 21.8486 41.9788 0.000034
0 270.4351 2.6445 21.6290 5.2285 0.000034
0 205.0595 310.1931 16.9509 20.8292 0.000033
0 159.3465 509.3958 19.1320 5.2084 0.000033
0 431.2614 263.1372 12.5122 15.4579 0.000032
0 635.8051 436.5196 8.1536 41.1487 0.000032
0 59.7127 8.1506 22.3475 16.3013 0.000032
0 635.3749 110.0849 9.2501 55.6258 0.000031
0 532.7745 496.5989 25.1779 30.5525 0.000031
0 5.7361 269.5776 11.4721 41.6765 0.000030
0 290.7114 107.6195 15.8611 14.3309 0.000029
0 142.0755 507.9434 16.7344 8.1132 0.000029
0 137.1279 13.7007 16.8524 24.8647 0.000028
0 558.7341 3.1658 27.2312 6.3097 0.000027
0 353.0954 135.3416 20.1183 28.5037 0.000027
0 630.8835 85.1917 15.1770 40.8650 0.000027
0 557.1594 502.0837 24.3750 19.3072 0.000027
0 259.1213 241.2517 10.8323 28.9055 0.000027
0 53.3604 118.4067 40.8765 62.3035 0.000026
0 297.3063 245.5234 13.7224 39.0495 0.000026
0 208.8333 509.0957 15.3934 5.8085 0.000026
0 572.3452 368.4026 20.6719 27.6990 0.000026
0 3.4325 449.8903 6.8649 33.9551 0.000026
0 2.3149 288.5968 4.6297 57.5252 0.000026
0 10.8949 500.6283 21.7899 22.7433 0.000025
0 165.8831 509.2851 20.2626 5.4298 0.000025
0 632.2307 500.8531 15.5386 22.2938 0.000025
0 284.8645 3.7068 18.3745 7.4135 0.000025
