0 256.9453 108.9522 31.0069 87.5858 0.002401
0 12.4138 367.8486 24.8276 104.1510 0.000821
0 598.1287 507.9798 37.0871 8.0405 0.000715
0 599.9122 505.4204 41.8647 13.1466 0.000646
0 3.8752 382.9746 7.7504 93.5132 0.000214
0 636.5214 418.2377 6.9234 72.3650 0.000157
0 593.0482 499.3284 46.5303 25.3433 0.000135
0 471.3539 22.3205 39.3143 34.6449 0.000075
0 586.8669 504.9511 48.7498 14.0977 0.000074
0 631.0493 408.9267 17.3074 71.6787 0.000072
0 608.3198 501.7344 58.9338 20.4290 0.000061
0 457.5107 3.9548 33.5990 7.8895 0.000060
0 613.0394 507.6029 53.9211 8.7942 0.000048
0 360.6577 14.8860 28.5046 29.6808 0.000047
0 593.1091 7.0653 24.9492 14.1306 0.000044
0 403.0207 497.6969 55.6503 28.6062 0.000042
0 636.4063 441.2942 7.1874 104.9324 0.000036
0 401.5932 507.2146 44.8042 9.5707 0.000035
0 630.5818 14.2993 18.8364 28.5986 0.000034
0 2.7647 390.6013 5.5293 66.1019 0.000034
0 572.5304 33.9235 33.5680 67.8470 0.000034
0 540.9772 5.3689 31.4877 10.7238 0.000032
0 633.8672 23.4472 12.2656 46.8943 0.000030
0 594.4230 35.0714 37.7903 68.8055 0.000030
0 628.3863 504.6528 23.2273 14.6035 0.000029
0 158.4158 505.9633 54.8015 12.0734 0.000028
0 635.1770 498.3886 9.6460 27.2228 0.000027
0 635.1332 80.0062 9.7336 50.5630 0.000027
0 6.4578 491.1039 12.9155 41.7922 0.000025
0 298.0756 140.8149 48.8098 87.4281 0.000025
