0 19.5113 353.9785 29.8868 38.8184 0.864189
0 381.8984 294.6361 17.4370 38.0704 0.859291
0 131.9169 182.8564 27.2195 40.9649 0.822962
0 433.4119 339.1306 22.2607 42.7195 0.405633
0 436.5817 325.8512 14.4904 16.3535 0.033089
0 634.7275 88.8615 10.5450 54.6760 0.007816
0 44.5121 133.0104 17.6161 31.2990 0.004724
0 3.8835 343.6634 7.7039 40.4293 0.004243
0 2.5519 355.8968 5.1038 39.5707 0.004175
0 9.0023 353.7703 17.2868 39.1476 0.003630
0 635.8367 70.6029 8.3268 34.2068 0.003581
0 14.0147 320.5928 27.9615 47.2202 0.001890
0 441.6997 331.2405 24.6713 28.7617 0.001444
0 560.1331 507.6880 20.5682 8.6235 0.001310
0 3.7714 329.0812 7.5428 45.7250 0.001272
0 6.6013 330.4148 13.2027 38.2715 0.001239
0 4.2207 305.2787 8.4414 79.4571 0.001189
0 6.9493 342.7334 13.8698 28.0450 0.001075
0 16.9954 329.8981 33.8284 86.2627 0.001005
0 635.8743 331.1104 8.2505 21.8730 0.000948
0 593.9372 507.7163 20.2282 8.5669 0.000837
0 200.1930 210.3586 15.6454 13.5224 0.000787
0 488.7044 2.6522 27.3776 5.2719 0.000503
0 633.5985 108.8050 12.8030 40.6212 0.000446
0 4.1978 278.9707 8.3957 30.7532 0.000392
0 549.4063 6.4991 22.8422 12.9962 0.000388
0 63.8292 197.7522 15.2591 27.6392 0.000380
0 634.4916 336.5858 10.9376 34.6285 0.000361
0 465.7385 286.0174 9.7911 11.4752 0.000359
0 4.9067 356.8051 9.3935 39.6896 0.000338
0 636.2594 167.7885 7.4811 35.8193 0.000307
0 637.0809 339.9405 5.8381 39.5704 0.000298
0 2.9822 374.6759 5.9643 42.8521 0.000287
0 53.0776 132.6821 32.1402 32.0339 0.000280
0 54.4347 126.7933 14.3215 33.0941 0.000272
0 637.8622 75.4862 4.2755 42.8011 0.000271
0 628.3701 506.1181 22.8257 11.7638 0.000249
0 553.2503 507.6417 27.6396 8.7166 0.000215
0 2.9265 495.6037 5.8004 27.5559 0.000215
0 636.9635 93.4269 6.0730 47.5431 0.000213
0 214.0170 371.6717 11.7376 17.7676 0.000209
0 441.1780 343.6699 23.9563 50.4518 0.000205
0 290.3350 3.5832 14.9211 7.0700 0.000200
0 46.3107 124.8274 21.3949 44.1987 0.000200
0 80.9205 508.7642 27.5301 6.4715 0.000197
0 70.9885 508.8365 24.9782 6.3257 0.000191
0 630.8755 71.7652 17.5372 43.3095 0.000186
0 320.6909 15.4956 25.4921 28.5646 0.000183
0 150.9319 48.8372 19.7396 10.4184 0.000181
0 5.2176 319.0670 10.4261 49.9148 0.000173
0 622.4123 500.4520 33.8567 22.9850 0.000171
0 632.7960 67.9929 13.4978 27.3095 0.000170
0 438.0409 327.6503 19.7795 26.7199 0.000168
0 346.3684 256.2297 16.0015 35.4746 0.000148
0 533.9170 4.4746 27.1526 8.9492 0.000147
0 56.8998 114.7917 23.6891 46.6234 0.000146
0 385.2335 72.5737 12.5303 13.9251 0.000129
0 637.3867 107.4193 5.2266 39.0203 0.000125
0 19.1818 501.3954 28.2530 20.6149 0.000123
0 637.4921 177.6292 5.0159 52.9081 0.000122
0 294.4610 2.6527 17.4590 5.2652 0.000121
0 4.3346 501.7008 8.6692 20.5984 0.000118
0 158.5042 316.0508 16.9558 28.9210 0.000116
0 1.6063 272.2211 3.2125 36.4298 0.000116
0 635.9758 54.0620 8.0485 39.9846 0.000113
0 109.5214 4.8296 18.5264 9.5186 0.000110
0 138.2913 185.0180 14.5778 34.5168 0.000108
0 62.3965 22.0924 24.4953 44.1691 0.000107
0 61.3947 124.5493 20.9537 37.9700 0.000102
0 32.7986 508.0462 31.4916 7.9076 0.000099
0 101.7381 38.6063 11.4595 22.0350 0.000096
0 636.4349 318.3820 7.1302 34.8142 0.000093
0 637.8669 61.7391 4.2662 37.4509 0.000087
0 590.4594 273.8585 14.6129 25.0824 0.000081
0 205.6823 309.5393 17.9305 21.9910 0.000079
0 542.6659 6.4614 24.6544 12.9227 0.000079
0 100.5159 32.3283 10.6514 13.3823 0.000078
0 633.4060 123.3067 13.1486 44.0428 0.000078
0 625.2444 84.6011 25.2190 53.3515 0.000076
0 636.5381 187.3406 6.9238 50.2170 0.000075
0 226.3206 99.5458 11.1749 18.5370 0.000075
0 549.2272 3.3747 20.0964 6.7494 0.000073
0 602.0017 507.2018 19.3196 9.5963 0.000072
0 16.0174 301.2807 28.7212 81.6350 0.000072
0 2.9924 483.5820 5.9847 45.0210 0.000072
0 556.1710 7.8239 27.1973 15.6478 0.000071
0 632.1053 502.2225 15.6619 19.3592 0.000068
0 54.1052 118.3797 41.2701 61.5412 0.000068
0 636.0190 437.9321 7.7393 40.5182 0.000068
0 121.8704 109.4787 17.8899 31.4860 0.000068
0 636.1785 153.9628 7.6431 38.4792 0.000066
0 4.0284 181.2703 8.0568 24.9389 0.000062
0 10.7768 502.0464 21.3656 19.8962 0.000060
0 292.1546 107.0430 14.2765 13.8259 0.000060
0 278.4649 2.9681 25.0091 5.8355 0.000060
0 8.0966 300.7278 16.1932 73.2626 0.000060
0 625.1396 3.6126 16.3829 7.2244 0.000058
0 112.9356 7.9271 18.7951 15.5304 0.000057
0 62.6970 111.7005 24.4461 53.8955 0.000056
0 47.7385 508.2223 31.4839 7.5554 0.000056
0 573.7737 369.2764 19.6023 28.2653 0.000056
0 5.9878 271.0587 11.9756 37.3212 0.000053
0 219.3316 370.8340 18.1005 22.8560 0.000053
0 43.7484 304.4202 21.1059 58.8844 0.000049
0 157.7326 324.8981 15.9090 21.5645 0.000048
0 521.4734 3.6121 20.8186 7.0620 0.000048
0 245.3701 507.0633 16.0758 9.8734 0.000046
0 597.4143 505.0415 14.8208 13.9169 0.000046
0 602.1244 508.8210 26.1692 6.3579 0.000044
0 592.3737 262.4657 20.4607 49.4391 0.000044
0 21.7594 184.2970 27.0698 28.5054 0.000042
0 205.5060 509.2301 16.1139 5.5397 0.000042
0 61.1848 508.9036 24.4384 6.1927 0.000042
0 541.4332 3.5919 20.3300 7.1519 0.000040
0 145.0457 508.2191 19.0347 7.5617 0.000039
0 33.2817 303.7235 26.8884 64.6025 0.000039
0 35.7143 132.2839 26.5006 34.8102 0.000039
0 3.0331 62.5816 5.9582 36.7466 0.000039
0 86.4798 509.4518 23.7660 5.0964 0.000039
0 1.8113 111.6434 3.6226 43.0849 0.000039
0 192.0928 508.9625 18.2592 6.0750 0.000038
0 614.4285 375.3275 19.8555 22.2177 0.000037
0 301.9514 3.5388 17.4941 6.8211 0.000037
0 633.3129 327.9059 10.8186 14.2123 0.000037
0 637.8655 196.0432 4.2690 49.1027 0.000036
0 636.9265 296.2594 6.1469 38.0388 0.000036
0 53.5877 508.7324 20.7222 6.5353 0.000034
0 153.5173 509.1856 22.3304 5.6288 0.000033
0 533.1205 496.8710 24.2507 30.1025 0.000033
0 566.7403 504.2217 22.3303 15.2539 0.000032
0 638.1761 286.1561 3.6478 38.1813 0.000032
0 479.4944 2.0998 22.2411 4.1822 0.000032
0 635.1631 145.4065 9.6737 53.6871 0.000032
0 239.5166 507.3369 16.1412 9.3262 0.000032
0 636.4442 220.0075 7.1116 49.3317 0.000032
0 284.3466 3.6302 19.7104 7.2605 0.000032
0 59.6575 3.2274 21.8703 6.4548 0.000031
0 5.7479 505.2081 11.4957 13.5837 0.000031
0 139.4771 507.4253 17.5536 9.1494 0.000030
0 595.3782 503.9440 23.8706 16.0129 0.000030
0 58.6081 7.5564 21.1752 15.0792 0.000029
0 509.1665 3.7894 22.4827 7.5788 0.000029
0 30.1906 185.9121 23.1294 31.5379 0.000029
0 162.6191 509.4341 19.4872 5.1318 0.000028
0 315.0612 3.6508 24.5796 7.1743 0.000028
0 527.6907 8.4750 20.0098 16.9051 0.000028
0 635.3489 422.9953 9.1150 38.5786 0.000028
0 3.0370 452.5638 6.0740 27.8108 0.000027
0 547.1841 509.5654 26.6460 4.8691 0.000026
0 638.0634 46.0303 3.8732 37.4318 0.000025
0 615.1220 506.1373 28.2023 11.7254 0.000025
0 224.3503 377.4397 13.6849 23.1294 0.000025
0 4.3312 40.3273 8.5718 29.6769 0.000025
0 26.9693 506.0645 29.2940 11.8710 0.000025
