0 293.0317 308.2756 44.6550 85.5417 0.883735
0 140.1404 221.2423 27.9411 81.0489 0.844908
0 268.1573 259.4818 12.8217 20.1273 0.003170
0 635.2466 346.5145 9.5066 83.0079 0.002572
0 636.5950 168.7257 6.8076 79.2604 0.002010
0 635.2327 318.8095 9.5285 70.8222 0.001174
0 243.0380 5.2084 21.6398 10.4167 0.001141
0 635.9742 140.3916 8.0518 77.1563 0.000556
0 261.6272 264.4177 25.8688 36.8870 0.000455
0 12.8202 165.2349 25.6404 132.8202 0.000430
0 267.4122 269.8697 13.8525 40.9904 0.000375
0 231.4752 6.4056 43.0038 12.8090 0.000368
0 495.3307 228.4011 28.5430 40.4659 0.000318
0 13.1439 111.2730 26.2877 99.9529 0.000216
0 258.0945 255.8370 32.7606 27.4525 0.000195
0 636.4738 293.1373 7.0474 97.9606 0.000174
0 627.8850 14.2812 23.9561 28.4940 0.000133
0 44.7384 311.7219 63.1963 138.4813 0.000131
0 36.3093 189.1327 43.8486 168.0460 0.000122
0 5.2613 503.8640 10.5226 16.2720 0.000117
0 269.0095 284.3715 11.7379 64.3107 0.000101
0 131.1414 11.9855 36.8516 23.9709 0.000098
0 3.4807 260.8717 6.9613 110.0978 0.000088
0 141.4801 190.9307 21.0638 26.3457 0.000087
0 636.9401 338.1741 6.1198 65.9835 0.000082
0 109.4542 10.8374 63.9729 21.6671 0.000081
0 631.6768 313.3558 16.4267 74.8631 0.000078
0 313.6519 505.9881 21.4006 11.9331 0.000077
0 4.3947 494.7906 8.7894 34.4188 0.000070
0 633.2379 150.9923 13.5242 60.5520 0.000067
0 265.2740 262.7949 18.9196 23.3892 0.000056
0 271.1847 300.3783 17.2101 91.5989 0.000053
0 94.9352 271.3935 34.9426 41.8590 0.000052
0 247.4961 7.9539 27.3301 15.9078 0.000050
0 637.3383 121.8149 5.3234 99.1086 0.000048
0 10.1894 506.5276 20.3014 10.9448 0.000045
0 635.7178 352.3007 8.5644 151.2498 0.000044
0 637.2752 308.5523 5.4496 72.1764 0.000044
0 635.4824 496.7288 9.0353 30.5424 0.000044
0 72.0828 504.3724 30.0481 15.2552 0.000042
0 616.2260 491.0782 31.0342 41.8357 0.000040
0 636.3941 210.9523 7.2118 137.8181 0.000037
0 248.9530 508.5592 23.9882 6.8816 0.000037
0 632.9740 180.2961 14.0521 83.6020 0.000036
0 255.0805 5.9543 41.8342 11.9086 0.000035
0 238.4039 16.0680 32.4953 32.0927 0.000034
0 637.8568 179.7412 4.2864 88.6187 0.000033
0 147.1173 10.4376 44.4172 20.8753 0.000033
0 3.6244 307.6632 7.2488 133.2691 0.000031
0 3.9493 475.1949 7.8985 73.6102 0.000031
0 231.0566 11.9973 43.0766 23.9945 0.000030
0 344.7474 509.0634 24.0059 5.8732 0.000030
0 303.2325 507.6435 39.9768 8.7130 0.000030
0 4.8865 240.5419 9.7729 96.0893 0.000028
0 4.8541 350.7701 9.7081 123.0031 0.000028
0 334.6822 509.0178 18.4186 5.9644 0.000028
0 317.1581 500.2065 21.1353 22.7887 0.000027
0 636.4390 379.4609 7.1219 109.1840 0.000027
