0 291.0605 321.1075 51.4206 88.5888 0.886268
0 134.5333 224.3380 29.9977 85.5032 0.865999
0 224.8498 8.5492 46.8311 17.0973 0.005656
0 238.6059 8.2095 24.7183 16.4166 0.003364
0 635.4705 167.3731 9.0591 63.3424 0.003198
0 492.6567 223.0475 31.5529 32.9883 0.002480
0 636.4758 136.6609 7.0483 102.1501 0.001647
0 136.2643 195.5036 22.8328 33.4113 0.000996
0 636.1652 191.7602 7.6696 81.4600 0.000802
0 457.2226 5.6751 28.8166 11.3227 0.000782
0 248.7749 8.2172 37.1943 16.4296 0.000583
0 108.3532 7.3632 31.3269 14.7248 0.000374
0 12.0300 187.5501 24.0601 141.8676 0.000324
0 12.2859 148.5125 24.5682 83.9501 0.000300
0 116.7173 5.8491 33.0746 11.5702 0.000296
0 492.4931 239.6052 31.7347 65.5525 0.000279
0 462.8950 9.1666 30.2348 18.2905 0.000253
0 628.2448 64.0684 23.5104 91.2316 0.000176
0 123.0529 9.3697 38.9260 18.7034 0.000164
0 635.8911 350.4144 8.2178 98.1695 0.000161
0 28.1567 195.6704 55.4676 172.2449 0.000155
0 601.1338 493.5778 41.4174 36.8426 0.000148
0 447.9303 7.0830 42.7295 14.1660 0.000143
0 632.9273 177.8733 14.0358 70.6142 0.000138
0 100.1138 10.4720 41.4033 20.9439 0.000131
0 627.9695 34.4413 24.0609 43.0335 0.000131
0 228.2892 15.1085 39.3817 30.0317 0.000124
0 93.3794 274.4652 36.7943 40.0200 0.000123
0 206.3782 8.0137 52.9545 16.0160 0.000107
0 467.4450 5.1384 35.4133 10.2193 0.000102
0 39.3972 238.0243 24.5685 94.8317 0.000097
0 239.0987 21.5680 19.6336 42.9680 0.000085
0 636.9393 384.2127 6.1214 72.0010 0.000084
0 3.3104 440.5506 6.6208 60.0255 0.000083
0 633.1322 153.7409 13.7330 73.3566 0.000079
0 635.6079 329.5977 8.7842 64.0417 0.000077
0 12.9777 116.7978 25.9553 83.5020 0.000070
0 127.4830 16.3196 47.0912 32.5626 0.000070
0 3.2727 273.1052 6.5454 118.3280 0.000059
0 454.6507 11.4637 32.6574 22.6653 0.000051
0 4.7151 401.6727 9.4303 90.5283 0.000049
0 627.3261 19.5393 25.3478 38.9844 0.000049
0 13.5436 93.2560 27.0872 71.6631 0.000043
0 138.3008 6.5198 31.4734 12.9188 0.000043
0 16.6204 16.8689 32.9335 33.6845 0.000041
0 39.7903 316.4968 54.7071 146.9783 0.000041
0 147.6222 6.9525 27.1642 13.8161 0.000038
0 6.9253 504.4359 13.8506 15.1282 0.000037
0 637.4467 101.7206 5.1066 52.8686 0.000035
0 8.4433 378.3609 16.8867 104.0187 0.000034
0 636.1942 223.8294 7.6116 119.7159 0.000034
0 315.2014 509.2785 18.4867 5.2761 0.000033
0 167.5320 7.2392 29.0862 14.4713 0.000030
0 632.2697 135.3421 15.2225 105.7944 0.000030
0 2.6524 90.0605 5.3047 69.3882 0.000029
0 179.7919 7.2534 29.2355 14.5068 0.000028
0 23.9543 235.9055 46.9024 101.0253 0.000027
0 338.8379 22.3069 27.6486 43.9878 0.000026
0 4.1191 244.3655 8.2382 85.9790 0.000026
0 4.5775 82.8403 9.1550 79.5762 0.000025
0 27.4109 14.7313 35.7135 29.4536 0.000025
