0 197.5929 325.8147 59.0825 163.8283 0.886279
0 4.5347 288.0808 9.0694 141.0763 0.011714
0 3.0330 201.1453 6.0660 110.8178 0.001674
0 11.3524 362.7290 22.7048 69.1306 0.000885
0 3.6102 240.2823 7.2204 104.7590 0.000707
0 9.6649 322.8294 19.3297 149.7113 0.000634
0 7.9199 271.6719 15.8047 115.9360 0.000427
0 2.9036 276.1331 5.8071 107.6997 0.000392
0 515.1745 508.3970 29.1642 7.2059 0.000190
0 450.3399 504.2486 35.0487 15.5028 0.000183
0 6.5943 379.1834 13.1886 100.5023 0.000157
0 411.8480 508.6745 40.1865 6.6509 0.000156
0 7.4401 227.7003 14.8048 107.1550 0.000144
0 637.1719 259.0342 5.6562 63.6543 0.000143
0 113.8698 25.5680 35.9641 51.1359 0.000115
0 3.2218 104.0236 6.4437 90.3652 0.000106
0 636.8059 348.8702 6.3881 62.8582 0.000098
0 284.1716 7.2262 32.4704 14.4434 0.000094
0 637.3941 474.6187 5.2116 59.4760 0.000074
0 635.8101 485.9613 8.3799 52.0773 0.000059
0 461.1704 503.0432 38.5800 17.7861 0.000049
0 447.0064 489.1081 29.8849 45.7838 0.000048
0 15.2449 7.8453 29.7029 15.6841 0.000044
0 441.8433 506.2558 34.6646 11.4885 0.000041
0 3.9965 371.1904 7.9930 88.3588 0.000040
0 202.8996 416.5557 34.1795 131.3660 0.000037
0 563.0861 505.9006 20.7000 11.9015 0.000037
0 15.3610 282.1924 28.0735 146.6592 0.000036
0 423.1098 507.8185 46.7015 8.3630 0.000034
0 454.7292 495.1318 51.9680 33.6882 0.000031
0 8.5681 10.8582 17.0742 21.7164 0.000031
0 637.2077 447.1172 5.5846 63.2485 0.000031
0 635.5381 501.9429 8.9239 20.1142 0.000030
0 635.0760 190.3206 9.8480 80.2849 0.000030
0 304.4641 8.0243 33.4563 16.0485 0.000029
0 532.3453 507.7675 50.2333 8.2784 0.000029
0 637.0296 239.4260 5.9408 45.0085 0.000029
0 636.1714 392.7547 7.6572 156.7618 0.000028
0 389.8873 6.1052 45.2947 12.2104 0.000027
0 314.4760 7.3873 22.7471 14.7597 0.000027
