0 218.1425 235.6961 22.0856 55.5269 0.852601
0 9.2718 299.8246 18.5425 67.9466 0.031728
0 4.9777 304.4605 9.9554 69.8862 0.005365
0 12.4384 283.9573 24.8749 97.1563 0.004812
0 3.1935 449.5968 6.3869 71.5027 0.001612
0 7.4671 271.6506 14.9342 127.6607 0.000830
0 435.8228 492.8416 29.8586 38.3168 0.000823
0 3.0038 310.5757 6.0076 68.2823 0.000655
0 10.5472 217.8382 21.0879 73.8194 0.000425
0 70.8675 330.1750 65.0347 86.9524 0.000398
0 548.5473 472.7619 52.4854 76.9184 0.000353
0 5.0447 251.9232 10.0716 100.0406 0.000296
0 188.9972 332.6451 43.7461 103.1516 0.000260
0 11.6566 314.9401 23.2533 79.9969 0.000226
0 3.2903 220.5098 6.5805 58.1904 0.000213
0 624.6226 496.8829 30.7547 30.2341 0.000189
0 426.1649 500.2230 41.1951 23.3673 0.000165
0 636.9298 393.8955 6.1404 92.7188 0.000156
0 4.3969 241.5641 8.7937 67.7436 0.000137
0 637.3090 366.7902 5.3821 72.5692 0.000128
0 597.0697 413.1447 27.9812 91.4073 0.000125
0 386.8983 506.7470 28.6100 10.5058 0.000123
0 19.4355 273.8720 38.8710 127.0731 0.000115
0 5.2487 218.0536 10.4973 94.0186 0.000102
0 614.6088 501.7973 46.5990 20.4055 0.000091
0 5.2103 470.1585 10.3972 83.6829 0.000082
0 13.5203 230.6981 26.9325 42.7419 0.000078
0 400.5958 506.9991 26.8485 9.8783 0.000077
0 391.1541 504.2932 21.5990 15.4096 0.000076
0 572.3091 473.4749 58.2097 76.7849 0.000075
0 423.9373 507.8274 29.5367 8.3452 0.000073
0 449.0162 501.4260 38.6407 21.1480 0.000060
0 512.4320 503.4436 45.6498 17.1128 0.000058
0 599.6681 503.0746 39.1733 17.8508 0.000057
0 4.0009 110.3204 8.0017 149.5099 0.000056
0 395.8330 501.4525 19.0525 20.9214 0.000054
0 428.3448 408.5028 41.6058 27.4948 0.000054
0 75.0856 503.7454 37.9360 16.5004 0.000050
0 421.7657 487.3245 45.6727 47.4017 0.000046
0 322.7460 508.4796 24.7266 7.0407 0.000046
0 17.4154 314.4286 34.6948 112.6919 0.000046
0 430.7968 504.3058 36.3098 14.7796 0.000044
0 7.7882 443.8879 15.4084 84.9600 0.000042
0 609.5995 505.8234 51.3655 12.3533 0.000038
0 404.2796 500.2051 29.8461 23.4401 0.000037
0 546.1135 506.2588 42.4944 11.4824 0.000037
0 8.7145 380.2763 17.4290 206.2363 0.000036
0 21.4070 494.0006 40.3417 35.9988 0.000035
0 545.8307 498.9077 44.7356 26.1357 0.000035
0 170.1805 343.8994 44.9836 81.5529 0.000034
0 412.5414 507.5075 36.1288 8.7458 0.000032
0 52.3566 321.8159 104.7132 106.5291 0.000032
0 86.1868 505.3844 44.2589 13.2312 0.000030
0 440.5427 507.3013 38.4084 9.2679 0.000029
0 405.6749 505.4267 30.3417 12.7168 0.000029
0 7.2052 493.0676 14.3902 37.8648 0.000028
0 5.4524 281.3461 10.9048 75.7910 0.000028
0 22.9813 505.1467 36.7638 13.7066 0.000028
0 375.9608 507.4627 34.8692 9.0746 0.000027
0 465.6658 505.7361 31.3276 12.5278 0.000027
0 3.7800 409.8370 7.5599 151.1678 0.000027
