0 242.4591 230.6123 54.8368 155.4314 0.889037
0 539.1345 402.8585 57.2826 213.0847 0.879080
0 58.0835 393.6360 36.6483 50.7959 0.037475
0 142.0909 192.9798 72.7061 98.9731 0.007054
0 623.1291 330.0000 24.0350 42.5104 0.004032
0 5.2076 497.7222 10.4151 28.3426 0.003555
0 635.0707 475.9363 9.8425 68.4954 0.003211
0 624.1407 339.3827 20.6703 25.7559 0.001837
0 12.7080 497.0451 25.3559 29.8149 0.001001
0 631.6942 488.3421 16.0710 46.5512 0.000864
0 4.0801 481.2257 8.1554 57.9266 0.000693
0 10.2908 446.6922 20.5785 80.5227 0.000555
0 545.0602 331.7032 45.9828 67.7268 0.000486
0 5.0189 42.6564 10.0378 78.7644 0.000435
0 541.5454 508.3496 37.5493 7.3008 0.000394
0 132.7574 25.8922 43.8054 51.6676 0.000383
0 632.3963 463.6180 15.0024 91.5617 0.000366
0 228.6336 197.9675 28.9052 86.6597 0.000346
0 619.2594 488.5020 40.8181 46.6108 0.000324
0 49.2938 387.1385 24.4598 39.5634 0.000283
0 627.7732 9.2992 24.4535 18.4347 0.000273
0 6.5286 469.1450 13.0572 76.9971 0.000270
0 634.4048 415.0295 11.1903 161.7141 0.000269
0 12.7529 42.7718 25.4428 83.9726 0.000256
0 12.6080 479.4801 25.2063 63.6881 0.000246
0 625.8332 409.8037 28.3332 166.3602 0.000228
0 10.2888 420.6116 20.5775 68.2231 0.000194
0 628.8600 336.6025 22.0403 39.5997 0.000183
0 140.6628 25.1201 25.0279 50.2402 0.000172
0 253.3781 10.8913 23.8920 21.7826 0.000129
0 118.6455 7.5026 19.2420 15.0053 0.000124
0 4.0669 63.1620 8.1338 58.1722 0.000095
0 139.3646 161.0747 67.0412 34.1847 0.000092
0 617.6349 506.1467 42.5781 11.7065 0.000084
0 630.6288 316.5800 18.6865 74.1740 0.000083
0 451.7045 301.7264 67.8051 347.8609 0.000079
0 22.4545 494.6672 44.1513 34.5476 0.000078
0 5.4152 18.0820 10.8303 36.1641 0.000076
0 3.6377 75.9205 7.2753 122.0913 0.000073
0 457.6693 353.8728 50.1205 231.9954 0.000070
0 10.6695 439.3715 21.2225 39.4193 0.000059
0 558.5610 219.7188 37.0840 133.3156 0.000052
0 293.6716 106.0289 18.2196 42.4812 0.000049
0 131.3761 11.7157 39.7840 23.4313 0.000049
0 518.5509 476.6004 80.4926 70.6512 0.000043
0 8.2415 55.0701 16.4830 52.5320 0.000043
0 500.3190 503.6534 37.5371 16.6932 0.000040
0 251.7386 4.9656 22.7065 9.9311 0.000039
0 531.4726 505.5930 51.9292 12.8140 0.000038
0 626.5792 498.1544 26.0406 27.6911 0.000037
0 512.3033 508.1175 49.3049 7.7650 0.000035
0 258.4225 4.3317 20.9744 8.6635 0.000033
0 634.2255 342.3262 11.5490 63.3851 0.000032
0 13.7126 10.9218 26.4640 21.8435 0.000032
0 7.2447 409.5108 14.4894 54.9255 0.000032
0 428.7992 42.3459 62.2803 83.9975 0.000032
0 448.1116 193.2510 49.3300 141.5063 0.000031
0 112.9231 5.9986 23.7829 11.9600 0.000028
0 4.3511 186.2140 8.7022 121.1985 0.000028
0 114.7680 164.5553 18.3686 20.1727 0.000028
0 543.8317 477.6263 57.8979 68.7473 0.000027
