0 218.2233 205.0293 58.2265 139.3589 0.893550
0 530.9963 329.9016 89.2862 191.5452 0.883616
0 193.0645 56.8936 36.9192 111.0971 0.010969
0 50.7044 26.4252 24.1367 52.7424 0.001199
0 51.0302 12.5122 25.6919 24.9620 0.000929
0 374.8588 500.5757 28.6590 22.8485 0.000722
0 579.9800 299.3147 42.8381 116.1928 0.000557
0 5.9579 339.0373 11.9159 67.2928 0.000456
0 636.5685 298.3543 6.8630 107.4381 0.000352
0 63.7365 501.8387 33.4941 20.3225 0.000305
0 636.5006 347.9498 6.9988 96.2248 0.000301
0 636.5129 456.2993 6.9741 110.8194 0.000270
0 39.9882 12.5143 44.0187 25.0285 0.000261
0 194.5650 30.8992 36.4367 61.1992 0.000259
0 543.7648 414.8866 72.9764 194.2269 0.000254
0 635.7177 496.9909 8.5646 30.0182 0.000242
0 381.4738 497.7902 48.9753 28.3984 0.000219
0 497.4803 329.5192 27.3561 150.0364 0.000208
0 61.2305 14.6434 46.8867 29.1841 0.000176
0 67.3893 24.6729 60.4335 49.3155 0.000162
0 3.6401 103.3041 7.2802 146.3424 0.000154
0 593.1461 343.1509 28.9836 45.9793 0.000144
0 637.2360 367.8637 5.5268 85.4867 0.000123
0 633.2381 112.8420 13.5237 95.1106 0.000113
0 596.2551 367.6874 31.1555 95.2368 0.000110
0 4.4399 42.4229 8.8541 83.8603 0.000110
0 365.1430 504.4518 49.9223 15.0662 0.000106
0 362.3140 11.7514 32.7497 23.3184 0.000100
0 498.8930 372.4138 17.8976 60.9577 0.000082
0 490.5663 506.0393 40.1323 11.9213 0.000074
0 630.2902 283.5683 19.2936 89.0910 0.000065
0 12.0065 339.7480 24.0114 65.6575 0.000064
0 75.9041 501.0111 60.8842 21.9777 0.000062
0 2.5784 338.5254 5.1568 71.2363 0.000061
0 354.0158 6.1736 36.4902 12.3132 0.000055
0 441.6307 276.9117 31.3289 65.9520 0.000055
0 37.4235 21.4038 45.3673 42.8076 0.000053
0 502.9658 506.5599 36.0797 10.8584 0.000047
0 9.2013 156.1328 18.3708 135.2601 0.000041
0 632.7196 328.1220 14.5608 155.0782 0.000040
0 485.8854 507.7468 24.3533 8.3392 0.000039
0 7.7075 198.8907 15.4150 115.7715 0.000039
0 477.6019 508.2942 33.6003 7.4116 0.000039
0 636.5790 387.7196 6.8420 113.7495 0.000032
0 5.7448 95.7121 11.4896 180.5405 0.000032
0 635.8737 49.9449 8.2526 96.3617 0.000032
0 609.8295 367.3900 46.6775 96.2856 0.000029
0 528.7966 499.3487 49.2869 25.3026 0.000028
0 285.9025 491.3108 38.2161 41.3784 0.000028
0 7.3440 362.5492 14.6351 132.9485 0.000027
0 634.1655 131.7081 11.6689 53.6041 0.000026
0 634.7722 162.5864 10.4555 100.2733 0.000026
0 430.9964 6.7802 40.5567 13.5603 0.000026
0 499.8363 278.1580 29.7743 72.9175 0.000025
