0 213.5386 234.4321 61.8361 89.3328 0.895460
0 555.5548 383.3342 98.3124 179.2471 0.872491
0 310.7893 207.3065 18.3412 59.6527 0.806360
0 168.4265 111.9439 36.9310 91.3110 0.048028
0 172.2675 93.8601 29.6604 54.0224 0.014075
0 174.6145 62.8806 37.7609 125.1096 0.005915
0 233.0029 203.4459 24.0611 36.7137 0.001763
0 635.9731 395.6727 8.0539 101.4364 0.001434
0 9.1907 318.7405 18.3785 45.0102 0.001255
0 42.5166 44.1769 35.7464 84.6413 0.000479
0 7.9765 294.9410 15.9529 89.9837 0.000351
0 584.8423 355.2417 43.8599 121.4244 0.000306
0 8.9553 339.7646 17.9106 79.2770 0.000293
0 3.6489 93.7056 7.2977 98.9067 0.000219
0 480.5481 404.1850 55.8210 102.1449 0.000164
0 628.7652 354.5878 22.4694 118.2996 0.000150
0 529.7991 384.1815 46.1431 174.6796 0.000111
0 38.8849 19.9962 44.2421 39.6300 0.000104
0 406.1762 12.6978 32.1885 24.2929 0.000089
0 253.0900 133.0096 49.5859 168.5829 0.000068
0 243.8000 203.5703 41.9797 46.4755 0.000068
0 3.9488 155.7756 7.8975 154.2403 0.000066
0 4.9897 504.6901 9.9794 14.6199 0.000065
0 302.3420 496.1317 63.6870 31.7366 0.000062
0 3.9328 62.5133 7.8655 121.8241 0.000059
0 635.0106 343.0499 9.9789 114.1221 0.000058
0 623.7001 319.4153 23.5557 37.9251 0.000054
0 416.2823 476.6679 50.1588 70.6642 0.000045
0 109.7204 7.3957 25.2573 14.7849 0.000044
0 5.2187 253.3590 10.4374 138.1575 0.000041
0 4.5131 33.2935 9.0262 66.5870 0.000040
0 637.6713 413.8693 4.6575 68.6379 0.000037
0 5.1534 17.0785 10.3067 34.1569 0.000036
0 391.8207 12.2158 43.6588 24.3274 0.000034
0 637.7156 339.7823 4.5688 93.5384 0.000029
0 516.3206 26.6032 51.8960 53.2064 0.000028
0 8.5404 95.4950 16.7057 92.5762 0.000026
