0 167.4108 232.7201 58.2976 97.2637 0.890951
0 484.9390 381.9629 71.8526 173.9181 0.886338
0 266.4274 206.2057 19.2820 55.8198 0.829227
0 124.0785 119.1772 34.0965 91.7163 0.016596
0 620.3979 4.0774 28.4841 8.1304 0.012518
0 6.3518 59.7694 12.7036 90.5228 0.010604
0 624.9650 7.8892 29.7077 15.7117 0.004862
0 443.3412 377.9478 60.0664 163.7722 0.002942
0 626.0584 15.9904 27.7330 31.9640 0.001915
0 610.7275 5.0169 41.4997 10.0171 0.001795
0 125.2291 98.4978 31.5411 56.3610 0.001152
0 129.2458 61.5088 37.2096 122.8509 0.000765
0 203.3461 126.8856 51.9160 169.1880 0.000294
0 614.4616 9.2937 42.8962 18.5875 0.000269
0 5.1105 95.1590 10.2210 131.2396 0.000264
0 633.8807 185.1864 12.2337 148.8601 0.000252
0 632.9511 22.3545 14.0979 44.7090 0.000221
0 3.9149 123.8203 7.8299 131.1851 0.000167
0 633.8431 262.0944 12.3138 59.1246 0.000166
0 613.8507 16.4572 49.0496 32.9128 0.000163
0 228.7926 95.8135 26.3147 59.5101 0.000149
0 6.4543 33.2045 12.9085 66.4091 0.000139
0 636.3115 256.2134 7.3770 64.0714 0.000135
0 630.6127 207.9886 18.7746 134.6245 0.000115
0 628.6992 32.4190 22.6016 64.8379 0.000099
0 441.7452 327.5728 33.7215 63.5008 0.000084
0 635.2488 227.5701 9.4156 102.6032 0.000080
0 8.7842 299.7579 17.5684 95.4126 0.000078
0 466.8103 378.7534 41.1614 168.1084 0.000073
0 3.9718 311.4969 7.9436 124.6903 0.000056
0 12.8263 269.6904 25.6527 127.3892 0.000048
0 3.4911 158.1709 6.9821 114.9832 0.000040
0 198.2349 188.7890 44.2431 67.7242 0.000037
0 185.3502 123.1583 15.7755 159.1811 0.000036
0 634.5267 147.2029 10.8616 48.3046 0.000035
0 460.3419 17.6343 35.2272 34.5955 0.000035
0 209.9117 502.9693 68.5819 18.0614 0.000034
0 635.2575 99.4670 9.4850 113.2619 0.000030
0 3.6805 249.7253 7.3610 172.3931 0.000029
0 194.8551 88.6150 32.9001 91.3038 0.000029
0 635.7431 39.9786 8.5138 79.9571 0.000029
0 15.9674 38.2692 31.3088 76.5383 0.000029
0 374.3440 483.9621 46.5927 55.2789 0.000028
0 244.0604 501.4993 89.8221 21.0013 0.000027
0 636.4872 417.4336 7.0256 120.0167 0.000026
0 636.1092 277.5563 7.7816 75.3292 0.000026
