0 413.1065 305.8225 19.9812 37.4644 0.850914
0 381.8080 293.6225 16.0590 39.0716 0.848861
0 137.2532 188.8356 20.8604 32.6166 0.836736
0 634.6276 89.9662 10.7447 52.0606 0.008160
0 552.2727 6.6073 21.6296 13.2145 0.002893
0 200.0474 209.8654 15.5150 12.1784 0.002502
0 8.2003 364.1880 16.4006 30.1340 0.002280
0 44.9998 131.4432 17.6581 34.0881 0.001836
0 635.0000 75.7886 9.9953 46.1145 0.001428
0 321.8622 15.5162 26.1519 30.0618 0.001339
0 550.3127 3.8240 20.7631 7.6480 0.001274
0 11.3548 430.7317 22.6085 27.7662 0.000923
0 635.9710 61.1152 8.0581 37.6745 0.000555
0 561.3463 508.2920 21.1194 7.4161 0.000533
0 633.6429 110.0568 12.7108 39.4960 0.000530
0 5.0493 284.6151 10.0986 43.5004 0.000380
0 70.9842 509.3992 20.2180 5.2016 0.000379
0 488.4225 2.6931 26.5629 5.3465 0.000364
0 289.9269 3.2030 15.7373 6.3216 0.000337
0 590.0352 274.2271 13.4584 24.3048 0.000333
0 130.5180 180.1947 23.2784 40.5773 0.000311
0 558.7727 3.7828 24.3947 7.5656 0.000291
0 293.8134 2.6452 15.9863 5.2633 0.000272
0 536.1402 4.8495 29.6731 9.6991 0.000268
0 59.0556 116.7932 24.0326 47.4599 0.000266
0 227.6212 99.4626 11.5035 19.6723 0.000256
0 4.3432 303.4736 8.6865 75.6801 0.000245
0 593.6887 507.8989 19.7975 8.2021 0.000232
0 635.2507 332.9618 9.4625 27.0981 0.000221
0 56.3126 125.0973 19.1945 38.6560 0.000216
0 636.9496 167.9911 6.1008 35.2610 0.000207
0 213.7001 372.7591 12.7449 18.7452 0.000180
0 6.5835 356.1150 13.1536 35.2424 0.000166
0 625.0082 500.3139 28.7849 23.0974 0.000166
0 636.7726 94.0893 6.4547 47.4141 0.000165
0 637.8928 74.3768 4.2143 46.2619 0.000164
0 546.0720 4.8957 22.4731 9.7244 0.000150
0 465.9409 286.5381 9.7871 12.2578 0.000150
0 2.7101 359.8242 5.4202 40.1818 0.000148
0 5.6461 501.8551 11.2923 20.2898 0.000146
0 561.2120 6.4318 29.4670 12.8636 0.000143
0 53.1337 131.8912 32.6775 33.5573 0.000142
0 79.0528 509.2910 26.8045 5.4179 0.000141
0 629.7046 505.3158 20.1345 13.3684 0.000129
0 6.1459 339.8193 12.2918 56.1564 0.000128
0 527.6022 4.1544 20.6926 8.2368 0.000123
0 3.8818 497.9018 7.7029 25.3310 0.000116
0 637.4380 336.9410 5.1239 34.6166 0.000112
0 632.8302 71.1948 13.6191 30.8255 0.000112
0 53.4932 118.7516 38.7769 60.3349 0.000108
0 637.6357 107.4234 4.7286 38.7766 0.000107
0 3.3733 63.6627 6.6682 34.9343 0.000105
0 3.8963 53.9165 7.7571 44.0395 0.000098
0 158.1492 509.1442 19.2478 5.7117 0.000097
0 278.8074 2.5502 25.9703 5.0702 0.000095
0 1.6441 272.9481 3.2881 36.1346 0.000092
0 5.2001 323.3948 10.4002 62.1327 0.000087
0 5.7807 442.3369 11.5613 43.1244 0.000085
0 2.7156 280.1782 5.4312 41.2415 0.000079
0 533.2268 3.6380 18.8325 7.1753 0.000076
0 1.6882 348.0707 3.3765 32.3481 0.000073
0 638.1099 176.1731 3.7802 44.2994 0.000071
0 149.1211 509.1883 21.7936 5.6234 0.000069
0 636.2076 434.0538 7.5483 46.4520 0.000067
0 152.4086 48.6864 18.2602 10.4239 0.000066
0 102.4582 38.4298 10.7407 21.6895 0.000066
0 157.2383 316.8298 16.3542 30.7501 0.000063
0 35.4033 508.3994 26.0875 7.2011 0.000061
0 521.4263 3.4344 21.7233 6.7554 0.000060
0 6.6957 41.5833 13.1108 25.9202 0.000060
0 142.4250 508.5742 16.2447 6.8515 0.000060
0 636.8818 325.1674 6.2364 25.9724 0.000058
0 5.7284 375.3665 11.4568 39.3625 0.000057
0 60.6938 8.7662 20.1415 17.4823 0.000057
0 59.3915 508.5433 25.5733 6.9133 0.000056
0 100.1021 238.6767 12.6597 19.5109 0.000055
0 300.9343 3.5291 17.3691 6.8192 0.000053
0 31.6737 185.5022 22.2849 31.5201 0.000053
0 637.0922 295.7505 5.8157 38.3706 0.000050
0 532.6654 496.0502 24.5881 31.8541 0.000048
0 245.2238 506.9763 16.1306 10.0475 0.000047
0 5.4838 506.6456 10.9676 10.7088 0.000046
0 113.4711 7.6297 14.0054 13.5063 0.000046
0 1.7226 111.9792 3.4451 45.1607 0.000045
0 137.2175 15.0199 16.4695 24.7506 0.000044
0 188.9654 508.6465 19.9506 6.7070 0.000041
0 60.7376 20.1576 21.5878 40.0444 0.000041
0 583.5989 507.9932 24.2202 8.0135 0.000040
0 70.0475 507.3832 21.4820 9.2335 0.000039
0 637.8269 15.5699 4.3461 28.4180 0.000038
0 205.4831 309.7516 17.5478 21.6859 0.000038
0 1.7088 467.6574 3.4175 31.9227 0.000038
0 107.4856 4.6506 18.7823 9.3012 0.000037
0 636.3588 152.2882 7.2825 38.6567 0.000037
0 638.2299 287.2782 3.5402 37.8422 0.000037
0 345.7651 257.1744 15.3840 33.4168 0.000037
0 270.9055 2.3493 20.7282 4.6986 0.000036
0 464.4953 288.1487 11.7975 18.6411 0.000036
0 7.8540 277.2722 15.2827 28.9741 0.000035
0 5.0950 182.4998 10.1900 25.3269 0.000035
0 109.0299 6.7790 13.2325 12.0073 0.000034
0 562.3172 504.1516 19.6986 15.6967 0.000034
0 315.5580 4.1019 24.6528 8.0503 0.000034
0 133.4796 169.6155 21.7959 38.2406 0.000034
0 195.6802 508.5989 19.5248 6.8022 0.000033
0 2.2004 59.6920 4.4008 42.5675 0.000033
0 4.3774 336.7588 8.7528 36.2780 0.000033
0 2.8098 471.8448 5.6197 36.0202 0.000033
0 635.8220 349.5042 8.3559 35.8053 0.000033
0 580.6381 369.3869 19.1991 29.6174 0.000032
0 292.9828 251.5214 18.9634 50.2354 0.000032
0 284.5227 3.3697 20.6760 6.7394 0.000032
0 575.3450 5.4876 25.1427 10.9751 0.000032
0 637.8463 59.9200 4.3074 39.7877 0.000031
0 18.5228 182.4247 20.4473 24.0027 0.000031
0 363.8452 509.2135 23.7112 5.5730 0.000031
0 3.1294 484.3885 6.2587 43.5214 0.000031
0 1.8021 454.6292 3.6006 37.1153 0.000030
0 205.3011 508.9814 15.5229 6.0372 0.000030
0 46.9939 508.1152 29.0385 7.7696 0.000030
0 507.4243 3.4191 22.0675 6.8382 0.000029
0 7.5731 54.7896 15.1461 44.2286 0.000029
0 528.4355 8.2234 21.7520 16.4151 0.000028
0 590.8745 262.9980 17.4614 47.7545 0.000028
0 260.4245 232.3557 9.9011 15.0197 0.000028
0 549.4373 507.6125 29.7056 8.7750 0.000028
0 573.7480 370.1162 18.5947 25.8655 0.000028
0 624.2623 3.8389 18.2644 7.6730 0.000028
0 408.1039 2.8781 23.9634 5.7410 0.000028
0 456.9536 126.7505 11.4777 16.9041 0.000027
0 8.1844 387.3391 16.3688 51.5028 0.000027
0 89.9863 508.7871 25.6258 6.4257 0.000027
0 636.8812 447.8391 6.2375 43.4285 0.000027
0 2.7023 459.0981 5.4046 22.0814 0.000027
0 136.7972 508.3400 19.3604 7.3199 0.000026
0 637.1364 312.4548 5.7272 45.3870 0.000026
0 637.1578 193.5825 5.6844 50.6910 0.000026
0 637.2646 222.9078 5.4707 44.8222 0.000026
0 131.6178 15.3301 17.9758 24.7310 0.000025
0 568.0568 507.6194 18.4037 8.2385 0.000025
0 297.4104 242.9386 13.2366 33.8036 0.000025
0 322.8417 4.7701 24.9467 9.4004 0.000025
