0 35.1646 300.1963 70.2659 187.0768 0.892497
0 622.3668 436.3950 34.8010 151.1646 0.006756
0 605.6129 30.3008 35.4243 60.2257 0.004262
0 583.0251 504.0894 35.4462 15.6549 0.001375
0 595.1080 20.5045 36.1868 40.6754 0.001111
0 332.5858 9.0285 33.6828 17.9436 0.001003
0 90.1585 217.8266 29.1253 137.6599 0.000895
0 633.7922 463.0605 12.4156 97.8789 0.000846
0 635.7844 78.1752 8.3927 152.9222 0.000705
0 82.2661 10.0221 25.8535 19.9908 0.000570
0 616.3005 81.8898 44.9142 163.2227 0.000554
0 630.6820 410.0825 18.6258 201.9286 0.000520
0 3.7678 181.1828 7.5325 95.4827 0.000501
0 154.6451 5.1069 26.6396 10.1852 0.000444
0 633.3022 489.3803 13.3842 45.2273 0.000437
0 554.5325 495.6373 47.1591 32.7252 0.000431
0 592.9701 12.0096 29.3827 23.8194 0.000393
0 315.7922 508.6674 43.2952 6.6369 0.000356
0 96.1606 10.7487 53.8195 21.2472 0.000334
0 10.5551 293.2750 21.1101 168.1557 0.000323
0 6.8900 337.4739 13.6631 176.5480 0.000307
0 4.6713 320.3560 9.3426 127.8521 0.000285
0 623.2929 487.4616 30.2295 49.0699 0.000285
0 16.8435 180.0961 33.6845 102.3622 0.000285
0 634.0667 19.8721 11.1491 39.6859 0.000276
0 477.8665 12.4451 28.4106 24.8901 0.000267
0 534.4600 494.9256 46.3013 34.1455 0.000266
0 611.1989 49.0143 47.7581 97.8700 0.000249
0 557.5228 466.3843 41.5527 91.2313 0.000217
0 634.8988 386.3886 10.1436 212.9792 0.000211
0 628.5559 27.6691 17.0930 55.3243 0.000207
0 635.2576 34.5296 8.9416 69.0592 0.000204
0 629.6165 468.2536 20.6555 87.4479 0.000201
0 471.4446 6.6177 25.8834 13.2008 0.000196
0 634.3550 160.9787 11.2900 171.9248 0.000191
0 345.6314 8.1567 45.8026 16.1614 0.000189
0 635.0579 368.7434 9.8225 106.2834 0.000163
0 635.7865 221.8108 8.2569 166.7704 0.000156
0 633.9215 44.2301 12.1570 88.4602 0.000144
0 7.9627 179.8655 15.9254 98.1060 0.000136
0 621.3821 27.2917 18.9244 54.5399 0.000133
0 461.7830 6.5977 33.5359 13.1904 0.000128
0 303.8752 507.1790 59.5724 9.6421 0.000126
0 2.0896 166.2798 4.1792 54.6860 0.000122
0 6.6412 255.0254 13.2823 96.4493 0.000118
0 635.5328 312.6420 8.9344 215.7490 0.000116
0 605.8750 477.0143 55.1982 69.8284 0.000110
0 480.0422 5.7109 28.0159 11.4218 0.000109
0 630.0295 66.7979 17.4650 133.5958 0.000105
0 631.1240 313.6535 16.9807 229.3239 0.000095
0 70.6796 8.9336 33.2188 17.7966 0.000094
0 141.5110 6.0881 40.2843 12.1762 0.000092
0 13.3492 252.2285 26.6983 91.1547 0.000082
0 541.9595 501.1862 26.8108 21.5989 0.000078
0 570.0277 503.7641 47.1948 16.4718 0.000073
0 599.9156 496.5587 46.8523 30.7549 0.000072
0 357.0565 493.0078 68.1753 37.8330 0.000072
0 4.2709 13.0251 8.5417 26.0501 0.000069
0 479.1293 24.5202 25.8788 49.0404 0.000064
0 590.5155 492.5616 47.7050 38.8417 0.000062
0 637.1976 465.6176 5.6049 85.4163 0.000061
0 580.4675 12.8070 44.3738 25.5960 0.000059
0 637.3998 158.8856 5.2004 101.1289 0.000056
0 161.1857 7.4954 38.9101 14.9202 0.000056
0 558.2247 482.7207 54.6917 58.2305 0.000043
0 84.3033 167.2675 24.9261 62.3096 0.000042
0 336.7354 506.8715 80.2362 10.2570 0.000038
0 598.6785 503.4931 43.9717 16.9634 0.000038
0 598.4873 47.6846 38.0992 93.2350 0.000036
0 71.6344 308.4778 68.8506 156.3171 0.000036
0 636.0076 126.4650 7.4812 162.9579 0.000035
0 4.1975 33.9540 8.3950 67.9081 0.000034
0 4.8030 128.8934 9.6059 129.4979 0.000034
0 6.3513 90.7594 12.7025 104.8909 0.000032
0 20.2179 290.3257 40.4359 166.0047 0.000031
0 531.8937 472.4045 56.3370 79.1909 0.000031
0 623.2876 74.4542 16.7793 148.9084 0.000030
0 2.9677 361.9561 5.9354 100.4412 0.000029
0 60.9618 461.6695 26.7648 22.4937 0.000028
0 637.6163 39.8011 4.7674 76.8008 0.000028
0 516.9242 496.2566 46.8567 31.4868 0.000026
0 626.1144 51.4961 19.4634 102.9922 0.000025
