0 138.9295 259.0219 47.9259 83.5230 0.871039
0 361.3645 261.7027 24.5900 52.0137 0.818317
0 332.1009 7.1461 32.4855 14.2725 0.005162
0 634.1621 336.5779 11.6757 79.2220 0.004134
0 634.6508 249.9262 10.6983 119.3876 0.002952
0 552.5952 190.8813 35.6570 134.0989 0.000953
0 319.8906 7.5000 50.9386 14.9937 0.000694
0 635.4065 281.5871 9.1869 90.6487 0.000687
0 635.3052 354.4564 9.3896 84.8017 0.000669
0 635.9605 375.3600 8.0788 74.6842 0.000625
0 624.9576 183.4475 30.0846 147.2505 0.000493
0 345.7530 8.7079 53.0786 17.3095 0.000388
0 632.7888 357.5187 14.1362 126.5927 0.000385
0 125.9498 4.8218 36.4305 9.6435 0.000369
0 635.8606 386.7649 8.2786 139.8925 0.000287
0 2.5123 102.1932 5.0246 64.2833 0.000239
0 329.8757 13.2288 36.9847 26.3301 0.000227
0 623.5096 271.6065 32.9807 107.3284 0.000180
0 628.7588 241.3812 22.4002 104.0785 0.000163
0 3.0057 126.7104 6.0114 83.0632 0.000160
0 635.7607 35.8197 8.4787 71.6394 0.000151
0 584.0801 2.9720 30.6208 5.8623 0.000149
0 2.0292 87.5214 4.0501 63.7136 0.000136
0 613.2922 240.3282 53.4156 133.2531 0.000131
0 3.2510 70.5825 6.5021 93.1772 0.000127
0 131.8936 8.1165 45.6396 16.2330 0.000127
0 74.3537 256.9692 20.8039 21.1376 0.000124
0 636.3995 348.5936 7.2010 49.4063 0.000116
0 633.7197 301.2090 12.5547 133.6590 0.000113
0 630.5106 220.4309 18.9510 68.2030 0.000110
0 358.8706 286.8025 30.6660 102.8042 0.000087
0 1.9086 112.6074 3.8172 60.1719 0.000086
0 553.8735 228.0674 31.0747 54.1635 0.000077
0 327.6599 4.6409 29.4736 9.2518 0.000077
0 637.6581 455.6089 4.6838 43.8011 0.000074
0 627.2583 301.4947 25.4834 119.9152 0.000073
0 634.6653 357.1325 10.5857 35.5909 0.000072
0 630.1023 272.4877 19.7954 192.7863 0.000071
0 635.0596 458.4613 9.6487 47.0191 0.000063
0 634.4323 222.0293 11.1354 61.3924 0.000060
0 634.7244 18.5211 10.5511 37.0422 0.000059
0 151.3187 260.6428 23.0664 77.0400 0.000051
0 369.7671 255.7907 35.1196 39.6026 0.000048
0 4.0589 143.0002 8.1178 101.0376 0.000046
0 524.0699 243.0118 49.2669 69.3127 0.000044
0 630.6729 200.5040 18.6542 124.5271 0.000042
0 632.2518 148.7148 15.4964 154.9126 0.000040
0 189.7968 2.9877 30.4322 5.9095 0.000040
0 354.0828 21.9947 60.0574 43.4693 0.000037
0 636.7413 213.2101 6.5174 57.0063 0.000034
0 7.7262 217.2190 15.4524 92.1944 0.000034
0 637.1107 469.3137 5.7787 61.0500 0.000034
0 7.8955 69.6577 15.7910 91.0593 0.000033
0 12.2387 4.6139 24.4774 9.2277 0.000032
0 637.6669 257.2901 4.6662 98.9026 0.000031
0 3.3232 189.4384 6.6464 83.0428 0.000031
0 563.4449 366.3999 34.9963 118.8603 0.000030
0 305.4794 6.5715 53.5201 13.1431 0.000029
0 162.0491 252.1990 29.0452 68.2610 0.000029
0 7.2896 8.4779 14.5792 16.9558 0.000029
0 310.5516 486.3130 48.6340 51.0993 0.000029
0 171.6427 4.3057 32.6050 8.6113 0.000027
0 12.0342 39.4773 24.0684 26.3707 0.000027
0 4.7782 460.3973 9.5564 57.3505 0.000027
0 630.2363 13.9018 19.5274 27.6655 0.000026
0 633.0549 202.7441 13.8396 80.9709 0.000025
0 636.5901 425.0860 6.8198 91.8188 0.000025
