0 61.9262 183.9261 30.7187 82.8155 0.830446
0 194.3260 243.2429 34.1404 93.0318 0.803592
0 429.1466 270.4365 58.7788 84.3008 0.270794
0 408.3686 256.3465 43.2321 56.2052 0.163173
0 416.3295 279.0178 53.6301 99.6830 0.002287
0 412.4315 243.3751 38.5936 31.4324 0.001049
0 4.7238 22.1002 9.4476 39.6276 0.000732
0 45.6623 195.3260 55.4616 105.9838 0.000613
0 6.2136 314.6405 12.4250 57.0169 0.000431
0 5.9517 45.5377 11.9034 81.1034 0.000414
0 635.6411 277.7117 8.7178 128.1292 0.000347
0 421.7524 258.8683 30.8452 61.0917 0.000244
0 172.6047 242.3770 70.8519 89.7923 0.000239
0 592.4255 404.5096 23.8699 52.9788 0.000149
0 183.3477 228.1844 44.4588 61.1354 0.000146
0 5.5455 264.7327 11.0909 129.2488 0.000141
0 593.2677 246.6709 33.8804 68.7774 0.000134
0 5.8939 329.9051 11.7877 111.9944 0.000113
0 194.7726 220.7561 31.6659 46.2386 0.000108
0 402.2945 245.5750 60.3472 71.0591 0.000099
0 581.2562 250.9252 34.8540 75.6764 0.000077
0 635.9875 300.9717 8.0248 81.0660 0.000065
0 4.6281 61.8804 9.2562 89.5595 0.000059
0 636.4441 338.2166 7.1118 78.4645 0.000055
0 611.3303 201.0475 52.7399 132.3734 0.000049
0 625.6900 280.1724 28.6200 174.4289 0.000048
0 39.1633 220.8211 78.3266 135.6371 0.000041
0 11.8572 39.7469 23.5765 71.0721 0.000040
0 636.3229 237.1943 7.3542 80.0872 0.000039
0 257.5878 206.8948 29.1722 51.0521 0.000038
0 395.1158 270.9012 67.7498 86.7421 0.000036
0 634.1102 242.0975 11.7795 120.9322 0.000035
0 242.7313 5.0811 43.8993 10.1360 0.000035
0 195.3706 5.0943 25.1466 10.1885 0.000034
0 477.7306 7.7039 28.6904 15.4077 0.000034
0 516.8617 506.1387 58.7647 11.5468 0.000032
0 380.0825 7.1302 37.2206 14.2027 0.000032
0 6.4880 63.4202 12.9760 45.8578 0.000031
0 637.1167 381.0516 5.7059 99.2550 0.000029
0 342.7047 497.1498 35.1182 29.7004 0.000028
0 220.9263 4.1449 33.1861 8.2825 0.000028
0 4.2735 230.1465 8.5471 153.8481 0.000028
0 613.1187 264.8473 52.4099 92.1949 0.000026
0 498.4120 251.2990 32.8630 114.9535 0.000025
0 7.9828 15.4210 15.9656 30.4242 0.000025
