0 478.1106 228.7962 27.5036 77.3976 0.088528
0 622.4560 183.8639 35.0880 168.0527 0.017073
0 256.3621 428.4726 32.7793 32.4201 0.016525
0 633.3106 122.1949 13.3615 49.2060 0.013253
0 5.3728 418.0477 10.7456 109.2006 0.011820
0 470.7170 252.9595 44.9313 127.0539 0.007292
0 633.5010 142.3015 12.9981 95.5115 0.004715
0 635.7208 252.5974 8.5567 64.8169 0.001674
0 465.9411 222.0644 47.0708 70.4655 0.001089
0 628.2706 135.7112 23.3722 72.3506 0.001046
0 5.3482 459.9889 10.6965 103.0048 0.000892
0 4.6310 441.6702 9.2620 88.8199 0.000675
0 8.9527 375.0537 17.8470 133.9099 0.000599
0 261.7613 453.1035 39.9602 79.3434 0.000449
0 13.7966 371.0669 27.5931 163.3604 0.000395
0 634.2884 204.9006 11.4180 141.0862 0.000333
0 634.1170 75.2182 11.7648 138.0711 0.000295
0 489.9469 225.7922 42.5859 82.9563 0.000260
0 632.9737 103.5803 14.0525 71.1867 0.000260
0 4.7271 361.3803 9.4542 120.2136 0.000243
0 5.0494 286.1936 10.0988 82.2007 0.000180
0 622.5107 157.0997 34.5263 82.3438 0.000159
0 2.9808 417.1562 5.9617 101.1094 0.000158
0 635.1842 271.3743 9.6315 114.6570 0.000144
0 632.6784 242.7150 14.6432 187.4306 0.000142
0 9.4995 318.7145 18.9989 131.0578 0.000136
0 17.8350 346.5104 34.6683 95.7400 0.000127
0 19.2925 422.3740 37.7500 93.8643 0.000125
0 53.3064 506.6849 47.3394 10.6192 0.000114
0 10.3533 404.5045 20.7065 128.4441 0.000099
0 632.1707 243.1190 15.5588 69.7690 0.000097
0 5.4326 309.5032 10.8651 123.5980 0.000085
0 622.8080 176.9272 34.1785 61.4965 0.000081
0 99.3890 496.1295 34.5750 31.7410 0.000079
0 355.7292 267.7123 57.0377 104.4837 0.000068
0 268.3346 340.6650 26.8655 47.8508 0.000065
0 622.5441 157.2776 31.6068 31.1540 0.000064
0 147.9148 483.0949 41.6045 57.7653 0.000055
0 630.4956 190.5195 19.0086 155.9472 0.000055
0 6.6624 479.9197 13.3247 64.1606 0.000048
0 14.6712 443.7938 29.3424 101.0839 0.000046
0 632.5696 166.8388 14.8555 46.1503 0.000045
0 10.6909 465.5991 21.3395 92.8018 0.000044
0 636.0967 230.1182 7.8066 124.6088 0.000043
0 48.5702 508.9886 37.9254 6.0228 0.000042
0 3.9693 257.7913 7.9312 88.5433 0.000041
0 476.7264 361.9199 62.2774 139.2535 0.000036
0 621.5297 249.5688 36.9407 61.8665 0.000035
0 134.8005 506.8528 42.6276 10.2944 0.000035
0 148.3568 507.6374 38.2351 8.6804 0.000034
0 127.4152 483.5105 59.8007 56.9489 0.000034
0 618.9644 245.5047 42.0713 195.5353 0.000033
0 425.7800 245.0251 31.3466 64.6755 0.000033
0 630.8226 269.7087 18.3548 97.4843 0.000031
0 3.6100 460.2534 7.2199 77.5181 0.000031
0 358.4730 10.4448 34.8213 20.8896 0.000031
0 51.5993 495.7584 50.1601 32.4500 0.000029
0 146.1904 421.5934 35.8788 73.1110 0.000027
0 96.6524 508.4968 32.1550 7.0063 0.000027
0 130.1561 193.2159 20.0272 47.3461 0.000027
0 401.8449 500.5418 33.3347 22.9164 0.000026
0 6.5531 454.3401 12.9264 60.9951 0.000025
