0 324.0974 225.1589 55.4597 70.1103 0.832372
0 466.6721 179.7647 43.5874 122.6288 0.022039
0 300.9752 198.9463 9.4539 18.3964 0.014134
0 288.6279 225.3388 34.9640 70.1393 0.006877
0 207.2089 387.6819 25.3834 47.6889 0.002200
0 199.9944 306.5282 18.9395 19.5289 0.002131
0 4.3539 464.1860 8.7078 78.3679 0.001070
0 228.6357 340.8679 42.2169 95.0887 0.000320
0 121.6423 425.3281 33.8292 40.1006 0.000320
0 7.3798 489.7479 14.7596 44.5040 0.000303
0 3.9961 489.5738 7.9895 40.7912 0.000303
0 122.8084 448.4610 39.1801 68.2224 0.000268
0 107.4564 428.2435 62.8011 62.0952 0.000188
0 84.7696 349.5112 38.1617 21.6687 0.000184
0 17.1920 473.8149 33.4111 74.5140 0.000183
0 338.7291 248.9736 26.8468 46.7874 0.000129
0 5.8347 447.2977 11.6331 117.8118 0.000122
0 217.4829 324.7216 58.5505 61.5778 0.000116
0 309.1665 226.3096 25.4358 73.0218 0.000098
0 212.7434 310.3315 31.0510 30.2241 0.000095
0 193.4397 307.4550 28.2310 29.3430 0.000093
0 631.5618 105.7439 16.8764 143.1686 0.000092
0 195.0020 321.6325 34.7661 49.8184 0.000080
0 15.0558 489.4438 30.1116 45.1124 0.000064
0 219.6593 328.4989 26.9063 67.7245 0.000064
0 635.9050 75.0757 8.1900 81.0010 0.000061
0 301.6730 222.0641 14.5687 62.8889 0.000059
0 637.5223 52.3453 4.9554 84.9059 0.000045
0 305.7678 208.4516 18.3922 36.9120 0.000041
0 8.6907 426.2864 17.3814 135.1296 0.000037
0 622.6984 147.1420 34.6032 172.3462 0.000037
0 20.9529 499.8421 41.9057 24.2559 0.000036
0 249.2788 490.0785 36.8864 43.8303 0.000036
0 78.4735 329.6192 31.2020 59.4715 0.000036
0 215.1049 359.4453 52.2657 92.6350 0.000034
0 5.3547 392.0212 10.7094 90.4517 0.000031
0 636.6592 375.7112 6.6815 97.0527 0.000029
0 34.8180 483.2826 64.1666 56.1826 0.000029
0 248.9575 504.9887 36.7471 14.0225 0.000025
