0 401.7969 319.2733 81.1016 239.4734 0.893311
0 333.7745 287.4426 54.4668 153.4614 0.884964
0 294.6774 287.4341 32.2021 156.7611 0.826266
0 631.3498 425.8587 17.2997 78.1511 0.001039
0 167.0639 496.2222 50.9012 31.5555 0.000851
0 163.9110 503.2774 46.7593 17.4447 0.000613
0 444.7120 317.2296 48.8015 230.5771 0.000432
0 633.8396 404.4769 12.2969 97.5570 0.000338
0 552.9336 205.6212 19.5923 44.5120 0.000332
0 634.6529 90.3157 10.6941 97.2623 0.000323
0 436.8818 407.5655 37.0188 55.9376 0.000243
0 629.8802 447.0142 20.2395 110.1316 0.000188
0 438.9479 388.6524 41.7362 94.4919 0.000173
0 636.0575 67.3878 7.8849 95.0845 0.000167
0 635.8112 353.3685 8.3775 128.5952 0.000147
0 636.9455 215.5237 6.1091 119.4935 0.000117
0 635.4735 134.0994 9.0530 116.4734 0.000087
0 635.4859 263.6089 9.0281 118.1713 0.000086
0 155.5299 506.8629 42.1475 10.2741 0.000083
0 636.7912 318.4856 6.4175 111.0545 0.000082
0 296.1875 244.0647 30.0551 70.0850 0.000082
0 470.0869 320.0053 116.1749 235.2044 0.000073
0 104.7234 504.5358 29.1783 14.7843 0.000061
0 632.0913 63.5739 15.6714 103.6319 0.000055
0 636.7250 426.1270 6.5500 76.4957 0.000053
0 630.6622 380.4474 18.5981 147.5046 0.000037
0 625.8085 473.9725 28.3831 75.7517 0.000036
0 425.1752 316.9990 31.2778 235.1100 0.000028
0 3.4207 460.1219 6.8415 103.7561 0.000028
0 17.9166 296.3477 35.5759 125.3378 0.000028
0 290.0784 318.9699 17.6455 89.2349 0.000027
0 461.3235 328.3928 63.9318 203.2906 0.000025
0 626.3665 497.0873 27.2671 29.7369 0.000025
