0 267.7920 250.9908 26.5252 119.8083 0.844233
0 304.5455 232.6028 16.7756 71.1625 0.000665
0 22.1722 502.6310 39.5602 18.7279 0.000640
0 637.4591 483.8691 5.0819 55.9248 0.000446
0 373.3035 9.9991 30.8769 19.9595 0.000374
0 616.5762 503.1486 36.7610 17.7027 0.000349
0 635.1348 491.7075 9.7206 40.5850 0.000333
0 606.4839 505.4560 39.2994 13.0878 0.000318
0 429.4040 201.8566 18.6206 55.6115 0.000270
0 622.4621 493.3593 34.6354 37.2813 0.000242
0 3.7401 46.7953 7.4802 93.4500 0.000223
0 635.4536 401.8428 9.0927 157.1346 0.000185
0 616.7057 507.4561 40.7751 9.0878 0.000168
0 339.5344 505.2392 30.7178 13.5215 0.000157
0 307.9762 266.2771 14.4988 76.4249 0.000147
0 292.1302 241.3343 39.8681 104.3418 0.000132
0 13.2268 496.6109 26.4158 30.7782 0.000110
0 8.1826 497.5368 16.1766 28.9264 0.000104
0 630.4099 483.3252 19.1576 56.9935 0.000102
0 33.2815 402.6553 29.9488 41.5072 0.000101
0 636.9991 253.8210 6.0018 126.1488 0.000093
0 313.6408 274.6998 26.9617 122.8044 0.000066
0 5.1174 485.2875 10.1564 53.4250 0.000058
0 331.3867 502.8883 35.1279 18.2234 0.000058
0 306.0022 257.5264 20.4551 126.2583 0.000054
0 38.2716 501.9892 58.9756 20.0217 0.000052
0 300.6394 232.1823 23.3033 101.0133 0.000046
0 4.2891 346.9531 8.5783 114.0812 0.000043
0 636.8841 304.6045 6.2318 89.2371 0.000043
0 378.3414 505.7693 24.7197 12.4615 0.000038
0 600.1017 494.8844 55.1990 34.2311 0.000036
0 19.5386 489.2074 38.5770 45.5851 0.000036
0 637.3034 464.1241 5.3932 83.2537 0.000036
0 3.2368 469.2781 6.4736 85.4437 0.000033
0 387.9139 11.3680 64.8013 22.7360 0.000032
0 5.1228 418.7192 10.2455 114.0438 0.000028
0 421.3483 201.3574 33.2750 58.0884 0.000028
0 48.1081 490.9154 68.8481 42.1693 0.000026
0 11.3168 45.8704 22.5783 91.7408 0.000026
