0 74.0232 257.6470 37.1836 139.5918 0.866318
0 264.8911 218.6829 45.7671 90.6213 0.860650
0 636.2622 446.0104 7.4755 86.9240 0.000824
0 625.3912 205.5352 29.2176 145.4882 0.000536
0 631.5801 214.7291 16.8398 127.8742 0.000332
0 635.8010 364.9597 8.3979 122.1145 0.000292
0 5.7357 371.0690 11.4600 145.0127 0.000256
0 469.9207 488.4665 34.2422 46.9593 0.000230
0 616.9396 193.7660 45.2639 165.9172 0.000196
0 93.1194 257.5492 71.9514 140.8641 0.000137
0 634.1653 235.9201 11.6694 86.7514 0.000107
0 387.6792 163.2639 32.5930 99.6503 0.000107
0 476.9736 474.2203 53.4022 75.5594 0.000097
0 631.5368 364.6639 16.8691 121.3453 0.000092
0 633.4648 276.5511 13.0704 77.4220 0.000087
0 455.2234 468.8286 34.2200 81.4315 0.000083
0 630.7152 261.8473 18.5696 114.1996 0.000083
0 479.2494 494.3549 24.5292 35.1517 0.000078
0 448.3483 497.3917 18.9058 29.1553 0.000078
0 629.5612 459.9150 20.7460 101.6417 0.000078
0 3.2760 226.6724 6.5520 106.7195 0.000073
0 607.1410 4.9546 38.4470 9.8867 0.000072
0 631.9337 37.3399 16.0794 74.6798 0.000065
0 621.3639 35.3675 37.2721 70.7349 0.000065
0 631.4885 173.5340 16.9501 104.3493 0.000058
0 530.0615 477.4920 27.0155 33.7258 0.000048
0 483.4415 495.1870 44.9340 33.6259 0.000047
0 258.1312 11.6730 62.8330 23.3091 0.000046
0 490.3505 486.4821 59.7341 50.5920 0.000046
0 637.5763 455.4717 4.8474 65.6323 0.000044
0 632.2067 253.3680 15.5709 52.3102 0.000044
0 550.5266 153.6512 57.5952 91.9070 0.000043
0 636.6428 404.2110 6.7143 126.5490 0.000040
0 302.4404 235.9483 28.5091 37.8371 0.000039
0 445.3481 464.6651 19.8038 68.1624 0.000037
0 632.0851 319.4850 15.8298 68.9316 0.000037
0 128.9202 29.2556 37.6027 58.0957 0.000036
0 455.7778 156.0750 28.1615 44.4379 0.000036
0 620.7690 362.2388 38.4619 130.8082 0.000035
0 494.6333 501.1480 45.2365 21.7034 0.000034
0 624.9218 16.8881 29.7739 33.7735 0.000034
0 445.1394 10.7942 62.7234 21.5884 0.000032
0 4.3987 287.0103 8.7974 129.0070 0.000029
0 514.2505 508.1530 24.9943 7.6941 0.000027
0 9.4762 25.1666 18.9523 50.3331 0.000027
0 76.6650 202.0565 30.8116 26.6520 0.000026
0 3.6331 328.9507 7.2661 109.5120 0.000026
