0 287.7402 202.9018 19.5908 33.4248 0.826106
0 364.8432 185.6312 14.9990 35.9039 0.825579
0 5.7195 9.1101 11.4389 18.2201 0.200160
0 11.8389 8.1188 23.6028 16.2281 0.011913
0 4.9743 20.8833 9.9485 41.7665 0.006163
0 156.0966 508.8217 26.4462 6.3565 0.004318
0 635.3493 23.4880 9.2988 46.6385 0.002290
0 8.6474 76.0810 17.2947 30.0614 0.001706
0 230.4886 415.2382 30.5408 23.2251 0.001210
0 630.7708 25.6146 18.4585 49.7256 0.001070
0 165.2341 508.6177 41.9128 6.7647 0.000634
0 8.3260 90.6850 16.6520 62.0559 0.000540
0 184.2615 508.3273 22.7119 7.3454 0.000502
0 633.0696 7.6646 13.8608 15.2844 0.000476
0 397.3156 6.8839 24.5387 13.7642 0.000384
0 355.6620 4.4059 25.0026 8.8015 0.000327
0 6.6246 223.8446 13.2256 39.7928 0.000295
0 388.3263 7.5915 28.7229 15.1746 0.000190
0 348.7227 507.9902 22.1302 8.0070 0.000179
0 634.5167 311.7637 10.9666 20.9067 0.000171
0 394.0041 12.0964 29.4609 24.0807 0.000170
0 395.1674 20.8832 30.5310 41.7543 0.000166
0 185.5374 4.4093 24.5989 8.7810 0.000140
0 443.8775 13.1587 26.0500 26.3174 0.000139
0 637.7294 30.8134 4.5412 48.6490 0.000138
0 3.4984 456.9913 6.9862 56.3753 0.000137
0 446.1251 3.9718 23.8214 7.9435 0.000127
0 369.7582 4.6409 26.2923 9.2073 0.000122
0 7.8007 45.2219 15.6014 82.0391 0.000121
0 343.7254 3.9530 27.7092 7.9059 0.000118
0 623.2847 28.0232 30.2673 53.3812 0.000116
0 194.2887 3.8865 24.7033 7.7356 0.000107
0 634.6242 320.1583 10.7516 38.6892 0.000107
0 54.2547 507.4855 30.6878 9.0289 0.000106
0 135.1837 508.4030 30.8129 7.1940 0.000104
0 522.7895 3.3304 22.0582 6.6552 0.000088
0 623.4278 3.7735 22.3487 7.5469 0.000086
0 246.5805 188.8022 26.2480 48.1635 0.000083
0 3.5892 479.8712 7.1785 64.2577 0.000081
0 628.1682 12.1880 21.9786 24.3224 0.000080
0 202.6150 3.8599 21.7197 7.7197 0.000076
0 5.8956 239.3374 11.7912 67.3865 0.000076
0 242.8599 180.4059 18.6926 28.4286 0.000075
0 281.8737 395.6780 24.6350 22.7711 0.000067
0 232.9819 410.8998 20.5472 22.1765 0.000067
0 636.8092 42.7408 6.3816 68.3907 0.000067
0 334.8203 3.5778 24.1755 7.1556 0.000064
0 629.8966 5.4455 19.3855 10.8910 0.000064
0 408.8399 4.6850 30.1497 9.3449 0.000064
0 540.6101 394.6298 27.3909 41.9082 0.000060
0 176.8196 4.6248 24.4764 9.2496 0.000056
0 4.7672 100.1479 9.5344 74.3006 0.000056
0 318.0753 494.8572 31.3363 32.9363 0.000056
0 588.7217 3.5765 17.9331 7.1530 0.000055
0 325.9841 3.1969 22.7891 6.3938 0.000051
0 404.7902 9.7490 32.9820 19.4576 0.000050
0 621.7684 280.1602 20.7081 28.0406 0.000045
0 150.1554 508.0664 43.8456 7.7112 0.000044
0 514.9020 3.3329 15.4556 6.6658 0.000042
0 361.5733 507.9026 26.0041 8.1947 0.000039
0 341.7238 507.5095 28.9102 8.9810 0.000039
0 198.7369 508.1713 29.1887 7.5920 0.000039
0 439.5685 3.4331 19.4501 6.8661 0.000039
0 323.4805 505.4043 26.2863 13.0842 0.000037
0 576.8649 3.5045 21.3240 7.0089 0.000036
0 333.5789 506.0710 31.3870 11.8580 0.000034
0 6.1640 209.6267 12.3280 57.2207 0.000034
0 351.7090 7.0621 23.5835 14.1241 0.000034
0 3.5606 399.6238 7.1212 49.0966 0.000034
0 168.0030 4.4318 23.8350 8.8635 0.000033
0 20.4744 4.7489 27.4846 9.4977 0.000032
0 177.0049 507.6792 36.8295 8.6416 0.000032
0 449.7307 6.5539 19.3920 13.1078 0.000032
0 635.7357 39.9003 8.5287 40.2701 0.000032
0 247.8248 190.3164 16.9886 40.8666 0.000031
0 218.7580 3.5864 25.3611 7.1728 0.000029
0 317.7245 3.2099 21.7512 6.4198 0.000028
0 567.5670 3.4752 17.1901 6.9503 0.000028
0 4.4524 423.8221 8.9047 68.8816 0.000026
0 121.4216 303.2408 50.3469 40.4719 0.000026
0 453.7777 4.7707 24.8911 9.5414 0.000025
0 15.3920 23.7031 30.7839 47.2915 0.000025
0 106.7273 503.3623 46.8887 17.2753 0.000025
