0 239.1283 149.3277 17.3249 30.2004 0.804591
0 314.3467 255.0480 17.2934 37.1673 0.727275
0 45.6774 13.6946 28.1728 27.3102 0.013154
0 48.8846 22.7542 23.5818 44.6622 0.007018
0 57.9089 4.8690 20.5844 9.7249 0.005549
0 64.9826 5.7007 26.0661 11.4014 0.004725
0 51.0218 5.1956 23.1188 10.1669 0.004416
0 57.4068 9.3832 30.8815 18.7137 0.004002
0 67.4068 4.5989 17.1433 9.1950 0.002915
0 38.5210 6.4034 29.0766 12.7588 0.002498
0 635.1555 239.8346 9.6892 43.6793 0.001142
0 28.3913 5.9691 21.0672 11.8805 0.001121
0 40.0908 20.7372 20.5377 37.9440 0.000940
0 337.6247 292.3184 15.0526 13.4161 0.000902
0 74.3431 4.8580 17.9303 9.7160 0.000859
0 333.1551 292.8174 11.9044 12.9480 0.000853
0 307.5255 278.8251 13.6093 23.0963 0.000812
0 4.2935 235.8192 8.5869 68.8322 0.000730
0 337.4920 297.0020 15.7714 15.7307 0.000699
0 635.9938 295.2493 8.0094 36.4034 0.000661
0 635.8681 211.0867 8.2638 68.6089 0.000654
0 23.9471 8.1717 30.2820 16.3391 0.000597
0 636.1749 231.0647 7.6502 51.1385 0.000563
0 67.3569 10.1346 14.2703 19.3644 0.000468
0 125.6559 4.0125 23.2159 8.0183 0.000450
0 25.6798 15.4352 40.5468 30.6644 0.000439
0 8.8903 29.5489 17.7034 58.5301 0.000337
0 6.6517 486.7778 13.3034 50.4443 0.000336
0 311.4012 275.7165 18.9030 29.8654 0.000304
0 636.3201 315.4721 7.3598 60.3718 0.000301
0 635.8860 279.9800 8.2278 56.1647 0.000288
0 4.2829 279.3204 8.5658 48.3485 0.000268
0 125.9969 8.7581 24.9380 17.5162 0.000262
0 134.0414 507.4131 28.1215 9.1736 0.000254
0 417.8955 265.2143 20.7953 44.3080 0.000231
0 52.2176 508.6443 36.6752 6.7114 0.000223
0 13.7423 6.7999 24.5975 13.5998 0.000215
0 4.8444 36.8049 9.6888 64.4675 0.000208
0 162.4280 163.3172 10.2738 32.9357 0.000207
0 637.0487 341.0532 5.9025 43.8628 0.000196
0 165.1579 161.9825 9.2927 32.3464 0.000179
0 345.8326 290.5247 16.8340 17.6573 0.000178
0 122.1533 11.3619 20.4953 22.6642 0.000177
0 28.4675 18.6338 20.6699 35.6132 0.000177
0 74.6243 8.2479 37.4696 16.1929 0.000175
0 636.0672 7.4489 7.8656 14.8977 0.000168
0 596.8054 452.4012 15.5712 24.0677 0.000155
0 342.9057 219.1230 13.1545 13.2730 0.000149
0 636.4893 258.8253 7.0214 65.9645 0.000148
0 13.5759 11.1916 25.7063 22.3832 0.000146
0 117.8758 4.7211 30.2404 9.4421 0.000146
0 3.5046 204.1523 7.0092 59.4510 0.000135
0 299.7590 294.0298 10.5468 21.1133 0.000128
0 74.6363 9.9470 17.6550 18.8775 0.000123
0 66.5354 30.3191 9.8419 29.5650 0.000123
0 345.6698 221.2928 13.2766 16.3223 0.000121
0 309.9997 283.6771 17.0134 18.1497 0.000107
0 248.4426 150.9454 13.8756 32.2079 0.000106
0 3.6564 345.3084 7.3069 51.1604 0.000102
0 636.7626 219.9265 6.4748 44.7953 0.000100
0 558.5467 365.9177 23.6420 32.0958 0.000095
0 633.5598 505.7640 12.8804 12.4402 0.000094
0 522.7150 375.5939 15.6594 22.2349 0.000091
0 82.8764 5.3057 42.5479 10.6114 0.000089
0 293.2932 293.4633 11.7316 22.9640 0.000088
0 568.5872 506.9570 22.9969 9.8434 0.000088
0 9.7019 497.9476 19.4038 28.1049 0.000087
0 164.5986 221.6916 10.5993 29.7233 0.000087
0 17.1976 30.8962 33.0040 60.7825 0.000087
0 83.8038 508.6716 39.1414 6.6353 0.000086
0 637.8655 328.0370 4.2690 66.8325 0.000086
0 344.7376 296.7762 17.4570 18.8763 0.000085
0 636.8548 466.6608 6.2903 52.0799 0.000083
0 338.2578 306.0775 16.9818 26.4250 0.000082
0 636.8396 16.5280 6.2914 33.0559 0.000080
0 58.9508 25.6650 20.4703 38.5652 0.000079
0 4.2179 61.2942 8.4356 29.1738 0.000078
0 5.0420 263.0490 10.0840 64.7163 0.000077
0 325.6594 292.7906 12.7441 13.9405 0.000075
0 6.1246 10.5913 12.2492 21.1826 0.000074
0 3.0320 222.5477 6.0640 64.1484 0.000073
0 165.9249 150.9220 9.4373 17.9044 0.000073
0 214.5063 96.8263 14.3261 36.9961 0.000071
0 635.9244 484.9099 8.1513 48.0741 0.000065
0 3.1435 321.2536 6.2870 44.5534 0.000064
0 243.9910 147.7873 17.3964 29.2410 0.000064
0 629.5374 4.2199 20.3325 8.4063 0.000062
0 3.3823 168.9824 6.7647 54.4052 0.000062
0 586.6005 4.0613 30.8428 8.1226 0.000061
0 4.4920 359.4168 8.9373 48.0022 0.000057
0 164.1874 209.9981 9.1369 29.3596 0.000056
0 3.6221 310.1196 7.2442 41.2727 0.000050
0 63.0423 31.0577 14.3341 32.9052 0.000048
0 339.0460 285.0614 15.1870 23.4217 0.000047
0 636.9710 110.5044 6.0580 54.2844 0.000046
0 346.6931 283.4075 16.3859 23.9017 0.000045
0 355.4136 290.2516 16.1539 20.4482 0.000043
0 67.3568 508.2582 42.2357 7.4835 0.000042
0 70.3859 14.2880 26.2087 27.2786 0.000041
0 636.6346 186.7851 6.7308 70.9779 0.000039
0 6.5980 456.4406 13.1959 80.7728 0.000039
0 312.6783 246.3176 18.0384 19.5947 0.000039
0 363.5837 290.9593 16.1741 21.4574 0.000039
0 170.0474 154.2080 11.3818 21.3731 0.000035
0 37.1871 508.2845 52.5675 7.4310 0.000035
0 636.3295 435.7421 7.3410 40.1760 0.000034
0 2.2296 223.3953 4.4591 44.7847 0.000032
0 123.2008 506.6657 45.0499 10.6685 0.000029
0 631.9694 293.4988 15.6152 31.3400 0.000028
0 636.5912 453.7688 6.8175 34.5337 0.000027
0 532.5287 506.6061 19.8630 10.4149 0.000027
0 4.0112 294.1602 8.0223 59.5601 0.000027
0 635.8658 341.5205 7.8339 70.0886 0.000027
0 632.7271 228.6396 14.2649 57.0849 0.000026
0 577.1445 506.9290 26.6168 9.8693 0.000025
0 51.4533 396.2595 18.3925 28.2283 0.000025
0 637.8917 352.6064 4.2166 61.6085 0.000025
0 340.7172 222.2827 15.3870 20.3200 0.000025
