0 344.6404 245.1752 18.4061 32.8982 0.818278
0 287.3127 118.4044 14.8348 29.0605 0.769747
0 637.0881 329.7632 5.8239 54.6776 0.002851
0 123.9354 3.8705 22.7933 7.7357 0.002341
0 122.3349 13.1021 21.0915 26.1665 0.001496
0 90.1707 4.5543 29.1033 9.0640 0.001376
0 122.9295 6.2654 19.1016 12.5174 0.000950
0 636.4588 344.2682 7.0171 48.5024 0.000784
0 213.5491 148.7684 10.1753 29.6134 0.000645
0 132.2191 4.3235 27.1358 8.6430 0.000628
0 4.1042 353.2574 8.2083 71.7101 0.000613
0 72.9714 5.6166 33.0037 11.2332 0.000472
0 182.7235 3.6382 21.1119 7.2755 0.000454
0 115.5852 7.2724 25.6609 14.5187 0.000301
0 211.4557 201.8837 9.1629 33.6456 0.000293
0 2.4604 112.5791 4.9209 52.7665 0.000280
0 635.7220 12.8526 8.5561 25.7051 0.000255
0 3.7048 42.0138 7.4096 43.6010 0.000250
0 99.1593 9.2591 23.7187 18.5130 0.000235
0 636.8701 23.7278 6.2597 47.2992 0.000183
0 116.0189 16.8337 25.4763 33.5374 0.000177
0 523.2252 262.6882 27.5132 54.8387 0.000161
0 104.5117 14.7189 21.6636 29.0364 0.000150
0 364.2601 293.2690 11.4398 15.7076 0.000149
0 375.4054 299.7779 17.8660 19.0264 0.000143
0 636.2051 362.2786 7.5898 38.9310 0.000130
0 547.8516 507.4779 23.0219 8.9647 0.000127
0 630.1932 160.9761 19.5194 32.0176 0.000125
0 350.9047 246.5696 17.8068 30.7390 0.000109
0 80.6865 7.6126 26.2294 15.2252 0.000104
0 492.1321 507.8468 22.2142 8.3064 0.000104
0 3.3320 325.5485 6.6641 69.0313 0.000103
0 132.0572 9.3748 25.1166 18.7224 0.000101
0 590.8253 41.9819 21.1218 40.8433 0.000096
0 636.4617 305.8219 7.0765 77.0240 0.000093
0 367.1032 298.1033 12.6933 15.7649 0.000085
0 101.7075 3.8179 25.4964 7.6314 0.000082
0 630.6859 141.1184 18.6282 61.0310 0.000081
0 4.1648 378.8536 8.3297 90.6167 0.000080
0 391.9611 222.7634 18.6231 16.5542 0.000078
0 212.0133 212.5285 11.6536 30.1308 0.000075
0 263.1412 209.7101 20.1722 31.4697 0.000070
0 369.6389 307.9089 16.2130 27.7771 0.000064
0 115.4903 4.2799 30.7506 8.5598 0.000063
0 631.3048 335.0040 16.2954 56.0125 0.000061
0 357.3939 249.5495 11.1542 24.2528 0.000060
0 95.6985 6.4811 23.6970 12.9622 0.000060
0 628.9930 7.4613 21.1299 14.9226 0.000060
0 371.9302 293.8246 17.0046 18.5731 0.000060
0 192.3406 3.6552 29.9761 7.3104 0.000059
0 637.0302 251.6993 5.9396 50.6197 0.000059
0 60.2652 8.9389 26.4977 17.8779 0.000056
0 637.1407 313.4177 5.7187 55.1505 0.000055
0 383.9946 220.4215 13.3597 12.6750 0.000051
0 634.1832 501.3987 11.3676 20.8983 0.000051
0 636.8459 194.8411 6.3081 54.4948 0.000051
0 217.3134 147.8801 9.7497 28.0354 0.000049
0 59.7718 22.3040 23.8632 44.6080 0.000049
0 377.3487 291.3301 17.6404 23.0350 0.000049
0 173.8705 3.9307 34.0004 7.8142 0.000048
0 553.0817 398.2854 16.9016 22.5048 0.000046
0 374.9070 311.6619 17.2418 30.7368 0.000045
0 500.0941 507.7613 27.8320 8.4774 0.000044
0 621.3693 11.3954 25.0967 22.7908 0.000044
0 532.9866 506.2424 25.1653 10.5806 0.000044
0 511.9344 506.1680 21.4750 11.5208 0.000043
0 373.4845 507.2664 15.9815 9.0342 0.000041
0 4.0883 478.0410 8.1767 61.2386 0.000041
0 356.9028 291.1702 12.5717 17.5392 0.000038
0 376.2250 496.2762 14.5681 30.3783 0.000037
0 2.9634 98.6554 5.9079 49.7147 0.000037
0 518.1302 504.7599 20.6268 13.9187 0.000036
0 637.2333 114.1100 5.5334 62.2621 0.000034
0 92.8988 13.6287 27.6251 26.5654 0.000034
0 636.7285 381.1772 6.5430 38.3752 0.000033
0 633.1053 482.3220 13.6658 37.9844 0.000032
0 634.4640 155.0788 11.0720 52.9782 0.000032
0 482.6401 506.7078 25.7659 10.5845 0.000031
0 370.4730 301.0028 9.8492 13.4901 0.000031
0 367.8149 507.3087 18.9900 9.3826 0.000028
0 83.7653 5.2003 18.9371 10.4006 0.000028
0 345.2390 278.9972 19.3628 24.1791 0.000028
0 636.3903 168.0200 7.2194 56.0839 0.000027
0 636.5481 140.8089 6.9039 62.3423 0.000027
0 217.9398 194.3719 11.4575 27.2319 0.000027
0 635.2895 469.4763 9.4210 51.1740 0.000026
0 634.0059 226.1425 11.9882 51.9060 0.000026
0 553.3751 391.8886 18.4847 27.0190 0.000026
0 3.8643 26.6559 7.7287 51.9890 0.000025
0 75.3711 9.7748 22.3971 19.5496 0.000025
