0 329.9300 239.0858 11.1013 21.4112 0.787623
0 287.9105 209.7406 16.5433 26.6263 0.777067
0 131.9792 6.8074 33.0989 13.6148 0.028333
0 122.1126 6.1488 28.2024 12.2967 0.006146
0 181.5229 66.4713 15.0315 33.0406 0.002014
0 637.1288 145.5013 5.7424 53.9501 0.001654
0 180.8412 80.7079 10.9037 32.7974 0.001599
0 636.9067 120.4276 6.1866 53.2016 0.001236
0 636.7678 165.6147 6.4643 82.8705 0.001129
0 125.2265 12.4143 30.1810 24.6419 0.001044
0 635.2741 109.0860 9.4446 64.6715 0.000841
0 332.0747 287.5552 17.8454 21.8936 0.000715
0 113.8479 7.2589 42.4011 14.5081 0.000657
0 140.2570 9.6514 47.7696 19.2005 0.000628
0 4.3620 412.8597 8.7239 77.4375 0.000605
0 183.9221 77.8692 13.6886 40.4284 0.000437
0 636.0057 502.3222 7.9886 19.3555 0.000361
0 3.7723 451.8619 7.5435 61.4779 0.000247
0 3.4403 159.4031 6.8805 55.7883 0.000215
0 403.6608 506.2433 15.3776 9.4203 0.000209
0 191.8041 45.7135 14.8076 27.7139 0.000184
0 404.4523 495.6194 16.4254 25.9890 0.000173
0 637.1176 189.4282 5.7648 70.2172 0.000157
0 3.2773 391.1459 6.5546 76.8602 0.000152
0 635.9069 473.0029 8.1861 48.0729 0.000142
0 632.1643 120.2213 15.4365 48.3140 0.000139
0 188.0644 62.1001 15.8782 33.5582 0.000111
0 637.4694 214.8674 5.0611 61.7772 0.000110
0 541.6478 508.5151 20.6463 6.9698 0.000110
0 569.9187 442.5191 26.4393 57.2470 0.000106
0 398.5728 506.2694 15.8336 10.0696 0.000105
0 409.8725 482.0768 24.1325 32.8823 0.000093
0 176.7501 83.0102 15.3599 33.8326 0.000092
0 50.5731 7.4609 23.5246 14.9218 0.000091
0 285.2203 217.1428 14.8536 33.6137 0.000088
0 529.8512 3.4238 34.7184 6.8477 0.000084
0 3.4062 138.9192 6.8125 56.9480 0.000080
0 2.9608 371.5855 5.9215 61.9533 0.000080
0 633.1503 137.6514 13.5868 38.8340 0.000078
0 636.9092 314.1042 6.1816 65.2554 0.000078
0 636.9426 254.0115 6.1147 67.6324 0.000076
0 96.8142 507.3389 34.8774 9.3222 0.000074
0 368.3595 73.7085 24.5964 51.7488 0.000072
0 3.5494 476.1208 7.0987 59.3887 0.000072
0 636.3305 375.4681 7.3391 54.8940 0.000066
0 6.5090 501.9704 13.0178 20.0593 0.000066
0 103.5262 422.9332 34.1041 27.0758 0.000059
0 638.0276 129.3236 3.9448 52.5694 0.000057
0 101.0260 503.0970 35.4336 17.8059 0.000056
0 299.5004 356.9888 22.5729 38.5419 0.000055
0 139.8115 4.8105 38.2404 9.6158 0.000055
0 281.2326 210.9081 16.9640 30.6427 0.000052
0 399.9917 498.1155 15.4124 22.8488 0.000052
0 3.4685 346.4921 6.9370 64.1151 0.000049
0 99.1166 489.5336 41.9163 44.8395 0.000049
0 405.5783 487.9101 19.8741 27.9778 0.000048
0 635.7108 390.1971 8.5784 55.7778 0.000045
0 637.0190 277.5676 5.9620 67.1743 0.000043
0 3.6712 178.3603 7.3424 58.6611 0.000040
0 408.8802 506.8380 19.5623 8.6371 0.000040
0 373.0943 362.9218 13.0923 26.7749 0.000039
0 276.8669 47.1453 15.0355 34.0066 0.000038
0 229.3632 177.4001 17.9780 24.6757 0.000038
0 637.1848 437.9264 5.6304 54.2875 0.000038
0 79.2326 505.8041 35.8177 12.3917 0.000036
0 516.6504 4.1995 45.2820 8.3990 0.000035
0 634.1394 6.8959 11.5718 13.7919 0.000034
0 631.3472 504.1386 17.3055 15.7227 0.000033
0 633.1531 160.8228 13.5281 71.7796 0.000031
0 636.8231 342.8858 6.3538 76.7417 0.000031
0 1.7486 371.6144 3.4973 47.7109 0.000026
