0 329.7293 238.9566 11.7230 21.3658 0.764340
0 288.1889 206.0793 18.1412 23.8966 0.763831
0 127.2536 6.0376 28.6339 12.0724 0.010046
0 180.6734 80.1873 10.8249 32.3150 0.004058
0 116.3707 5.9498 34.1981 11.8996 0.003881
0 134.3891 8.3463 39.6965 16.6907 0.002570
0 188.9301 49.1957 13.0346 24.9504 0.001034
0 634.8909 109.8841 10.2183 56.5058 0.000907
0 4.1517 407.5041 8.3034 78.6005 0.000617
0 636.0992 502.0260 7.8016 19.9480 0.000449
0 123.0289 12.8983 27.3412 25.5818 0.000388
0 184.9417 73.6730 13.4401 42.3913 0.000385
0 182.5894 65.8515 12.8499 34.9658 0.000373
0 2.7328 377.0742 5.4655 64.4605 0.000343
0 636.7198 165.1672 6.5604 77.4843 0.000338
0 3.3061 161.9893 6.6121 56.4845 0.000322
0 636.7473 113.7483 6.5054 49.2613 0.000308
0 404.3323 493.7393 17.2725 28.8513 0.000267
0 637.1519 131.3860 5.6963 60.3450 0.000259
0 367.6067 72.1067 26.5317 54.4971 0.000247
0 403.5805 505.7678 16.0261 10.1045 0.000218
0 635.6468 474.4017 8.7064 53.3808 0.000215
0 407.6793 480.1319 22.8148 34.9198 0.000178
0 176.6248 82.0470 15.5815 34.4912 0.000167
0 184.5433 52.7034 14.0251 26.9999 0.000161
0 637.4174 215.9055 5.1653 61.3031 0.000147
0 4.0886 452.8211 8.1726 58.3802 0.000144
0 529.7301 3.4257 34.1573 6.8513 0.000127
0 637.1288 186.4326 5.7423 63.3526 0.000125
0 3.0709 347.0133 6.1418 60.9108 0.000118
0 278.5658 44.8126 14.1848 29.5856 0.000082
0 332.1576 287.1303 14.8752 19.1689 0.000077
0 7.0473 501.9965 14.0946 20.0070 0.000072
0 636.3370 375.0959 7.3260 55.6639 0.000071
0 636.9583 252.5364 6.0834 70.9934 0.000068
0 3.7671 474.2754 7.5342 58.0779 0.000059
0 3.5647 139.4479 7.1293 52.4043 0.000058
0 326.0772 237.8426 10.6372 21.6313 0.000058
0 636.8550 312.3138 6.2899 70.5623 0.000057
0 636.5234 338.0975 6.9532 62.3733 0.000057
0 276.4869 40.6271 13.9523 18.7218 0.000056
0 635.8348 390.6568 8.3303 57.7839 0.000055
0 193.6246 45.2257 16.6821 27.5169 0.000054
0 99.6148 489.7768 40.6691 44.3226 0.000052
0 631.5394 503.7753 16.9212 16.4493 0.000051
0 557.8439 443.8229 36.7886 58.3527 0.000049
0 1.4873 372.0175 2.9746 48.2675 0.000044
0 418.1829 249.5781 9.1249 23.5836 0.000043
0 183.6842 84.0575 17.3835 42.4634 0.000043
0 637.1971 290.7668 5.6058 74.8738 0.000041
0 516.1045 3.9804 44.6757 7.9608 0.000038
0 637.1366 437.1815 5.7268 56.4989 0.000038
0 95.8477 506.1666 35.2967 11.6667 0.000037
0 635.8050 130.8027 8.2166 73.1439 0.000034
0 80.1352 504.9666 35.8718 14.0668 0.000033
0 593.6987 3.3526 27.8335 6.6830 0.000030
0 540.8842 508.3052 21.4387 7.3896 0.000029
0 6.1097 490.7021 12.2194 42.5958 0.000029
0 634.1642 7.0612 11.6716 14.1224 0.000029
0 632.9989 136.7286 13.6797 43.3992 0.000029
0 7.4107 156.6350 14.7708 53.1847 0.000028
0 269.6067 47.9453 20.5204 36.0442 0.000027
0 99.0368 5.1429 34.6801 10.1713 0.000027
0 531.3835 8.7239 42.2744 17.4477 0.000026
0 394.8259 419.0355 16.4763 24.3431 0.000025
