0 392.8415 262.3573 29.6919 62.0728 0.855255
0 420.1440 271.2123 27.8301 52.0153 0.853055
0 370.6347 321.9723 15.3047 20.2938 0.001107
0 9.4690 184.7347 18.9298 30.4520 0.000797
0 637.0861 130.5242 5.8277 75.0991 0.000319
0 636.8182 186.9560 6.3635 62.0451 0.000289
0 447.7537 238.5746 29.8340 52.4677 0.000238
0 384.9036 260.4797 18.1289 53.8441 0.000219
0 3.2640 171.4441 6.5279 47.6778 0.000196
0 2.7304 475.1552 5.4590 40.1567 0.000148
0 70.1942 509.9013 22.3508 4.1511 0.000140
0 635.9000 7.5914 8.2000 15.1828 0.000133
0 68.0232 269.7398 56.8209 58.0747 0.000125
0 393.1159 4.8786 21.7978 9.6037 0.000120
0 262.3033 4.2605 20.1179 8.5211 0.000120
0 401.6932 503.3055 40.1466 17.3890 0.000118
0 2.2534 124.4847 4.5068 59.3035 0.000118
0 444.5677 381.2553 14.0665 12.3754 0.000114
0 2.9769 142.5310 5.9426 78.7259 0.000099
0 193.4118 4.8201 17.4392 9.5806 0.000098
0 357.2270 3.5726 20.9153 7.1229 0.000089
0 3.3122 184.9937 6.6244 31.9078 0.000083
0 8.8900 171.0398 17.5704 48.1097 0.000080
0 193.1082 3.4586 23.6878 6.8206 0.000077
0 375.8919 3.6609 24.3067 7.3217 0.000074
0 259.7016 506.9406 28.7517 10.1186 0.000074
0 636.8982 13.7648 6.2036 27.5296 0.000070
0 365.1592 3.3752 22.6411 6.6925 0.000062
0 1.5992 163.9639 3.1984 31.8197 0.000061
0 261.1148 427.8221 16.8872 17.5505 0.000059
0 630.6962 3.6411 17.1461 7.2822 0.000059
0 350.2746 3.4870 17.5779 6.9154 0.000058
0 385.0384 367.8499 33.2390 30.6709 0.000058
0 272.2321 508.8210 23.7133 6.3580 0.000053
0 45.6370 501.4115 59.2757 21.1770 0.000053
0 596.6588 3.7253 16.2463 7.4506 0.000050
0 377.5950 261.6718 15.8419 49.1634 0.000048
0 264.3875 508.7416 22.1368 6.5168 0.000046
0 295.6106 3.5736 21.0781 7.1131 0.000042
0 602.9047 52.9199 16.7644 18.7786 0.000041
0 400.5141 4.9423 20.1978 9.8537 0.000041
0 256.1915 9.2146 20.9926 18.3928 0.000040
0 188.4693 6.0983 26.9647 12.0277 0.000037
0 424.0068 503.0862 31.7665 17.5031 0.000037
0 3.8563 481.5880 7.6107 45.5801 0.000037
0 638.0743 248.4356 3.8513 44.1957 0.000037
0 2.4289 96.6948 4.8578 53.6522 0.000037
0 274.1578 4.5971 22.7124 9.1943 0.000036
0 4.8760 165.4056 9.6360 49.3572 0.000035
0 497.5304 198.7345 18.4794 22.1052 0.000034
0 633.0337 185.7240 13.6318 64.3037 0.000033
0 5.7017 501.3556 11.4033 21.2888 0.000033
0 5.3025 417.6365 10.6049 63.6481 0.000032
0 243.5560 503.1062 26.6504 17.7876 0.000032
0 636.6926 166.1236 6.6148 47.4980 0.000032
0 637.1480 200.3758 5.7040 40.0064 0.000031
0 182.3235 3.8713 25.1371 7.7427 0.000031
0 301.9264 395.7610 14.2278 7.4109 0.000031
0 237.9277 506.6503 31.5614 10.6994 0.000029
0 284.1484 4.0439 25.5698 8.0646 0.000027
0 247.7430 498.1309 19.7043 27.7382 0.000026
0 445.1116 380.7744 9.4369 9.6285 0.000026
0 214.0222 4.9723 19.8756 9.9446 0.000025
0 297.3237 508.4688 24.9743 7.0625 0.000025
