0 235.8052 232.7295 18.1269 42.9436 0.833131
0 360.6212 261.7833 14.8358 39.0164 0.823783
0 279.6539 236.2439 15.4257 45.7525 0.811553
0 3.8827 462.3791 7.7655 59.9497 0.001503
0 284.6897 113.4327 13.7384 20.7654 0.000768
0 312.1386 5.3971 18.6998 10.7372 0.000616
0 195.8870 4.2096 15.3019 8.4191 0.000454
0 609.7903 479.8933 59.0496 63.0156 0.000395
0 636.7041 348.2920 6.5734 56.6064 0.000306
0 313.1302 496.2987 55.5052 31.4026 0.000275
0 254.4008 4.7214 20.7092 9.4096 0.000224
0 3.4159 478.6477 6.8319 45.0043 0.000217
0 43.4535 80.3282 19.3253 49.8918 0.000187
0 637.6770 113.7376 4.6460 43.9079 0.000164
0 623.7786 508.7892 25.9262 6.4216 0.000155
0 272.3261 4.6269 25.3244 9.2538 0.000139
0 228.1649 233.6333 25.8057 43.9524 0.000125
0 286.5252 107.0240 14.9011 33.2646 0.000117
0 522.7937 507.8325 52.8900 8.3349 0.000094
0 134.6639 505.4751 30.0518 13.0498 0.000088
0 282.7579 241.8121 9.3568 33.2773 0.000084
0 637.9165 259.6969 4.1670 45.9048 0.000082
0 635.8930 331.1880 8.2140 69.8948 0.000077
0 138.4304 497.8226 32.9561 28.3548 0.000074
0 262.8982 4.3966 24.5784 8.7931 0.000068
0 615.6843 299.4844 35.1582 21.6736 0.000067
0 8.1248 409.3262 16.2496 45.3907 0.000058
0 280.6415 104.8175 17.6475 36.9755 0.000057
0 134.3744 7.5032 21.6413 15.0065 0.000057
0 241.1841 4.1432 26.7465 8.2864 0.000056
0 5.1688 76.6798 10.0105 31.8333 0.000051
0 601.0252 460.6658 39.3567 24.3170 0.000048
0 143.9572 504.5769 34.0151 14.6685 0.000048
0 233.4591 508.1966 22.7056 7.6068 0.000047
0 238.0112 249.7338 15.1627 46.9048 0.000041
0 206.1623 4.9357 29.0676 9.8714 0.000037
0 230.9497 4.2444 24.7136 8.4887 0.000034
0 509.6671 509.3360 37.6648 5.3279 0.000030
0 8.1864 10.6831 16.3728 21.3663 0.000030
0 611.9189 505.8149 51.0840 12.3702 0.000029
0 2.2966 118.7345 4.5932 46.8387 0.000029
0 635.5552 258.5155 8.5221 50.3951 0.000029
0 2.4645 99.1839 4.9290 34.9841 0.000029
0 280.4257 5.0665 17.8204 10.1330 0.000028
0 438.8553 480.8884 40.7078 62.1224 0.000026
0 299.9305 4.3743 31.7739 8.7486 0.000025
0 320.8821 7.5707 33.7293 15.1328 0.000025
0 330.1802 498.4915 24.0989 26.7849 0.000025
