0 527.9289 187.1916 17.3990 48.9093 0.845488
0 385.4468 324.6439 27.5932 51.9291 0.844255
0 230.4163 226.7771 17.5777 49.0396 0.787468
0 8.2067 251.2226 16.4116 56.2264 0.037335
0 164.6122 495.9180 51.1081 32.1516 0.034951
0 240.7607 229.0620 12.9518 43.9200 0.030915
0 3.5862 251.0322 7.1724 53.5192 0.004523
0 310.0532 13.2759 36.9919 26.5517 0.002520
0 149.0384 496.7326 44.0195 30.5349 0.000709
0 637.0757 42.6832 5.8486 54.0681 0.000249
0 2.3606 238.9813 4.7212 60.9010 0.000207
0 236.7088 230.5609 18.4092 47.8550 0.000196
0 283.8483 4.2155 19.5011 8.4310 0.000190
0 11.0038 221.5621 21.4737 46.6288 0.000170
0 384.2987 357.6742 24.8811 21.9625 0.000153
0 24.3135 248.5749 47.5688 55.2416 0.000147
0 351.4236 505.7232 27.7703 12.5536 0.000143
0 636.5902 368.5863 6.7368 31.6382 0.000140
0 10.1920 464.8798 20.3840 56.0177 0.000139
0 274.9571 3.9059 25.3312 7.8118 0.000135
0 7.3266 236.4816 14.5990 66.4593 0.000133
0 256.5936 4.6025 23.0548 9.1717 0.000127
0 631.7548 497.9255 16.4902 28.1488 0.000123
0 634.7292 241.2445 10.5416 52.5278 0.000120
0 4.6417 265.9233 9.2833 71.5019 0.000108
0 636.8029 263.2075 6.3944 50.5797 0.000105
0 637.0249 284.0102 5.9502 50.9847 0.000098
0 635.8731 354.8642 8.2538 53.8433 0.000093
0 264.1713 4.1306 29.8112 8.2612 0.000092
0 379.1537 326.4849 15.6959 47.1314 0.000085
0 376.3521 13.3035 16.8190 26.3120 0.000077
0 247.1011 230.9037 24.9977 48.2264 0.000077
0 308.6819 92.8573 11.1154 18.8526 0.000073
0 636.6780 20.7233 6.6440 41.4466 0.000070
0 148.4974 220.0085 25.0984 37.1748 0.000069
0 484.9157 3.1950 22.7080 6.2813 0.000069
0 636.4868 379.7527 7.0264 41.8921 0.000062
0 578.8811 106.0263 17.7803 47.6161 0.000059
0 399.8267 10.0501 20.3964 20.1002 0.000058
0 636.3221 400.6300 7.3557 59.1121 0.000053
0 1.6489 164.8490 3.2978 22.3632 0.000052
0 635.8264 127.6227 8.1678 31.2011 0.000049
0 391.6196 7.0474 20.6271 14.0948 0.000048
0 405.8711 11.4422 17.4897 22.8844 0.000048
0 311.4059 3.6499 26.7980 7.2036 0.000045
0 636.4672 225.9487 7.0656 46.7502 0.000045
0 635.7759 253.3629 8.4481 42.3205 0.000044
0 292.1706 4.3635 21.3199 8.7271 0.000044
0 435.5780 3.1855 26.1469 6.3376 0.000044
0 427.0051 3.2389 22.7430 6.4240 0.000042
0 5.7525 225.0633 11.5049 52.5999 0.000041
0 234.2548 228.3953 10.3201 43.4424 0.000040
0 588.0096 486.2523 38.6892 51.4954 0.000040
0 241.4655 249.1421 15.9441 30.2623 0.000039
0 285.8844 8.5304 22.7498 17.0608 0.000039
0 420.2253 3.6180 23.7725 7.2215 0.000039
0 1.6973 174.6272 3.3947 33.1808 0.000036
0 2.8648 221.0282 5.7296 47.2258 0.000035
0 380.6964 6.4709 18.6190 12.9418 0.000035
0 636.1882 322.3391 7.6236 47.5778 0.000035
0 225.4631 56.3557 20.5859 42.0427 0.000034
0 54.6049 401.9208 19.7963 34.3314 0.000034
0 636.4825 178.0076 7.0350 50.4128 0.000034
0 349.1254 500.6458 28.5522 22.7084 0.000033
0 1.6688 150.5289 3.3375 38.7168 0.000032
0 638.3186 49.0294 3.3627 48.0255 0.000031
0 291.1664 508.0311 22.3765 7.9378 0.000031
0 493.5120 3.7323 26.1476 7.2657 0.000030
0 145.7077 506.0527 33.4289 11.8946 0.000030
0 633.0668 331.2083 13.8663 40.1000 0.000029
0 637.2755 306.2434 5.4491 57.8561 0.000028
0 443.1169 3.4667 22.7983 6.9334 0.000028
0 401.6817 505.0331 25.7063 13.9338 0.000027
0 637.0489 306.3738 5.9022 30.7589 0.000026
0 372.5130 62.1109 11.1127 19.1599 0.000026
0 525.9984 507.3923 21.6841 9.2155 0.000026
0 449.6966 504.9053 29.2947 14.1058 0.000025
0 8.2895 268.5404 16.5789 113.7009 0.000025
