0 355.9905 218.8926 21.3826 61.1593 0.857261
0 140.9043 347.2085 27.0609 79.8038 0.856044
0 79.5684 352.1779 22.5171 81.8404 0.836023
0 277.5208 5.4910 18.9832 10.9774 0.057456
0 337.7815 4.3800 17.8855 8.7599 0.010564
0 285.3675 5.5091 28.0218 11.0005 0.009964
0 477.8746 15.9337 17.9906 31.8564 0.009643
0 159.3862 15.1530 14.7757 30.3059 0.009478
0 331.1081 4.2586 23.6478 8.5170 0.005186
0 291.4727 3.9001 28.2054 7.8002 0.002928
0 480.8041 10.1044 19.1445 20.1836 0.002563
0 276.1754 10.5412 19.6438 21.0503 0.002167
0 579.5156 166.3244 17.0426 27.8165 0.001544
0 477.0248 232.7383 38.1464 59.4196 0.001375
0 267.4028 5.3107 30.2711 10.6214 0.001363
0 10.5661 306.4427 21.1120 38.5513 0.001201
0 489.5905 236.5767 12.2593 44.3021 0.001080
0 636.8601 167.0527 6.2798 74.9102 0.000949
0 482.8718 6.2148 24.0417 12.4296 0.000845
0 302.2337 3.5688 26.1706 7.1375 0.000772
0 478.6507 4.6197 17.6721 9.2097 0.000706
0 165.0222 17.2787 20.7645 34.2521 0.000701
0 162.2368 7.5038 15.9739 15.0076 0.000696
0 292.3174 7.6371 26.9924 15.2741 0.000690
0 244.5250 4.8289 17.9229 9.6416 0.000630
0 334.5989 6.5927 20.8332 13.1853 0.000608
0 488.6448 14.8895 35.3811 29.7776 0.000593
0 4.1375 281.7915 8.2749 53.8828 0.000379
0 468.3321 16.1200 29.1763 32.2400 0.000323
0 637.2633 185.3539 5.4735 48.3246 0.000320
0 9.6883 322.6503 19.3767 69.4629 0.000315
0 5.1390 302.9386 10.2531 46.7809 0.000282
0 342.7421 11.6345 19.3186 23.2690 0.000248
0 151.9457 324.6832 18.4403 60.3149 0.000241
0 152.8980 308.0981 18.5540 29.7420 0.000225
0 251.4416 7.4301 25.5612 14.8170 0.000221
0 345.6240 4.9581 23.9467 9.9012 0.000218
0 636.3778 204.0642 7.2446 81.5549 0.000217
0 492.2058 508.0888 24.9495 7.7576 0.000191
0 507.1683 11.6261 19.7565 23.2465 0.000177
0 240.3650 7.1365 19.8170 14.2703 0.000169
0 482.3634 236.8332 24.7407 48.2817 0.000159
0 456.5050 235.4177 20.9371 43.2462 0.000155
0 472.9239 17.9016 14.3062 34.7612 0.000153
0 459.7687 409.2136 30.2853 52.1237 0.000150
0 322.1869 4.0208 26.8016 8.0286 0.000148
0 471.5061 4.4741 19.4398 8.8317 0.000139
0 472.8087 10.9813 18.8295 21.9601 0.000129
0 133.4612 320.7542 17.1409 35.8619 0.000119
0 490.8694 7.8229 25.2206 15.5686 0.000116
0 326.8338 6.9505 25.2073 13.8803 0.000108
0 6.6067 291.7906 13.2134 61.8014 0.000101
0 286.1534 12.2295 29.7366 24.2072 0.000097
0 266.0716 12.9064 28.7086 25.5633 0.000090
0 2.5981 306.1638 5.1963 47.2640 0.000089
0 68.5168 353.8753 28.9919 84.6118 0.000081
0 167.1927 4.5478 20.4781 9.0956 0.000077
0 499.7565 4.2333 20.2825 8.4666 0.000073
0 299.2865 70.1325 20.2550 22.3380 0.000073
0 574.2735 151.4457 27.0396 60.6461 0.000073
0 513.1703 18.3626 20.2700 36.7253 0.000072
0 190.9877 4.5063 14.6759 9.0126 0.000068
0 236.0812 4.2610 22.0175 8.5220 0.000067
0 502.9521 16.0907 31.1161 32.1358 0.000066
0 508.7897 3.8052 18.5533 7.6104 0.000066
0 520.3624 3.1205 21.9555 6.2410 0.000058
0 500.2288 8.2999 22.2382 16.5151 0.000048
0 358.0419 186.5731 22.5076 25.7283 0.000043
0 455.8077 254.3827 21.5710 31.3622 0.000043
0 494.7772 235.2773 16.2740 46.4047 0.000041
0 11.1187 452.6465 22.2373 69.2625 0.000041
0 532.6943 3.2067 18.5591 6.4135 0.000040
0 350.2937 186.4646 16.0980 28.6633 0.000040
0 505.3099 5.8820 13.8566 11.7381 0.000038
0 635.3579 155.7171 9.0906 79.7138 0.000036
0 502.4218 508.7120 30.2474 6.4985 0.000036
0 380.1578 508.5109 29.2664 6.8151 0.000035
0 636.7649 249.4441 6.4702 82.4511 0.000035
0 636.4126 426.8708 7.1748 80.8720 0.000034
0 465.0802 232.0860 36.9489 46.8701 0.000033
0 162.7912 10.1964 21.4368 20.3928 0.000033
0 148.3158 16.2097 33.4260 32.3344 0.000032
0 475.5694 26.2736 12.7855 27.8919 0.000032
0 636.9226 403.3098 6.1548 67.6978 0.000031
0 632.7304 499.2037 14.5392 25.5926 0.000029
0 636.8389 280.1165 6.3221 52.7606 0.000027
0 541.8909 3.1787 18.2625 6.3574 0.000027
0 354.2125 506.4365 28.2584 11.1270 0.000027
0 261.3542 7.5380 34.8189 15.0759 0.000025
0 637.3678 294.0288 5.2644 44.1323 0.000025
