0 417.3213 173.5895 29.6497 40.1180 0.837525
0 323.7599 188.9406 23.2059 63.7373 0.799541
0 249.7796 504.2611 39.0144 15.4778 0.056629
0 222.8947 504.1387 78.8517 15.7077 0.021380
0 256.6697 504.7449 45.0741 14.5101 0.008738
0 514.0904 10.7966 42.9657 21.5930 0.007918
0 636.8762 302.1853 6.2476 40.1905 0.007053
0 523.1242 7.5639 32.4560 15.1047 0.004853
0 512.6804 76.0057 18.0809 39.6329 0.004543
0 636.3546 285.9675 7.2344 61.8396 0.001649
0 500.7514 12.4660 35.3463 24.9320 0.001120
0 52.3937 3.5397 29.8452 7.0587 0.000730
0 200.8036 505.0988 51.8328 13.8024 0.000652
0 259.0389 190.3112 12.5922 49.0078 0.000648
0 631.3387 439.3326 17.3228 70.7999 0.000624
0 579.4817 71.3887 34.8158 43.9768 0.000537
0 110.9032 385.9572 40.4515 35.3123 0.000530
0 326.9559 198.4613 13.9216 42.4007 0.000485
0 635.6747 318.1486 8.6027 78.9270 0.000444
0 270.1089 505.9240 51.0217 12.1519 0.000433
0 57.3294 6.4732 45.7122 12.8946 0.000402
0 491.4177 14.4644 25.5143 28.7077 0.000402
0 470.8384 50.2800 33.1887 30.6812 0.000378
0 631.1372 478.2364 17.6463 60.4091 0.000358
0 631.1463 302.8083 17.5623 41.1567 0.000327
0 633.6841 415.1932 12.6318 42.7720 0.000311
0 376.1319 3.4553 26.6136 6.8754 0.000268
0 258.1389 496.1516 34.6105 31.0811 0.000261
0 535.2278 5.0188 42.4097 10.0374 0.000250
0 504.8374 75.2440 34.5551 46.5735 0.000232
0 318.2564 163.9929 19.2010 30.4725 0.000210
0 50.1163 9.0822 32.0637 18.1643 0.000190
0 395.0065 115.0074 14.4089 29.9417 0.000180
0 454.5314 63.2951 26.1951 41.7031 0.000138
0 46.2771 5.2714 31.0413 10.5428 0.000133
0 637.3656 31.9752 5.2689 53.5970 0.000132
0 499.9746 6.6137 37.8053 13.2275 0.000130
0 365.4752 4.8013 33.9117 9.6026 0.000126
0 8.2730 5.8169 16.5461 11.6337 0.000117
0 636.8967 201.9442 6.2066 38.6183 0.000116
0 300.6412 184.3329 16.6165 41.6561 0.000114
0 226.3309 484.7753 87.6463 54.4494 0.000111
0 448.6720 72.6183 19.0309 21.2352 0.000107
0 312.9398 168.4459 18.8855 26.4501 0.000106
0 466.0927 49.9960 24.4845 19.8090 0.000103
0 303.4138 167.6216 14.4858 22.1497 0.000101
0 514.6732 5.1986 43.8975 10.3711 0.000099
0 335.2733 9.1172 31.8040 18.2345 0.000099
0 322.1156 4.3912 23.5434 8.6596 0.000095
0 462.6967 60.6182 23.1491 41.6561 0.000095
0 360.7265 10.1728 36.2849 20.0120 0.000095
0 344.9956 11.0255 36.7155 22.0510 0.000094
0 8.5006 13.2368 16.9347 26.4736 0.000093
0 620.9834 10.4483 22.4213 20.8617 0.000086
0 399.7693 206.0039 17.9368 26.5651 0.000082
0 167.9351 8.8906 33.2588 17.7736 0.000081
0 70.4510 4.1358 46.4330 8.2716 0.000079
0 297.7135 4.0703 20.2673 8.1291 0.000079
0 304.1207 5.3028 26.8856 10.6056 0.000078
0 476.1260 61.1569 47.9633 65.2849 0.000078
0 637.5099 54.5816 4.9801 41.3402 0.000076
0 637.1148 45.2320 5.7703 45.3614 0.000076
0 82.4680 3.5423 27.4236 7.0228 0.000073
0 449.3395 63.8864 19.5096 33.5307 0.000072
0 242.0031 211.1423 23.0057 46.3011 0.000065
0 468.2884 46.5401 41.0313 76.4522 0.000065
0 406.7264 193.9373 18.9608 17.9244 0.000065
0 322.9964 171.3025 22.8835 35.9362 0.000063
0 477.4001 12.9869 43.6969 25.8646 0.000059
0 629.4489 201.2571 20.9963 31.8397 0.000056
0 370.3908 8.8664 32.3465 17.5693 0.000056
0 331.3223 179.5606 23.3849 50.1938 0.000053
0 11.1969 2.7448 21.8545 5.4564 0.000050
0 633.5435 429.9256 12.9054 45.1068 0.000048
0 34.1228 9.0100 36.6943 17.9036 0.000048
0 256.6686 178.7395 14.5315 35.2062 0.000047
0 180.9250 8.7371 52.1698 17.4742 0.000045
0 476.5174 5.0139 40.2833 9.9889 0.000045
0 629.6692 178.5900 20.2458 74.3411 0.000045
0 329.9145 205.0642 12.0235 32.0711 0.000044
0 249.7924 206.0509 22.4462 55.4272 0.000044
0 572.9615 4.3967 22.7041 8.7934 0.000043
0 461.2014 56.8103 15.2357 28.8744 0.000043
0 392.7919 14.1100 28.5147 21.0757 0.000042
0 388.4221 3.9207 35.5396 7.8415 0.000041
0 295.4253 195.0229 23.8193 45.2089 0.000041
0 230.3577 296.8374 32.6234 69.3483 0.000040
0 267.7108 502.1046 71.7878 19.7771 0.000039
0 636.7458 388.3735 6.5084 68.5187 0.000039
0 21.2111 5.1352 38.1968 10.2705 0.000037
0 335.0577 165.7339 20.0687 34.9564 0.000037
0 636.6422 89.6288 6.7156 35.8683 0.000036
0 441.4686 4.9382 32.7332 9.8764 0.000034
0 565.5092 3.6757 22.1547 7.3514 0.000034
0 635.9318 187.7302 8.1364 58.8112 0.000033
0 528.5137 12.1877 39.2260 23.1490 0.000033
0 635.2936 28.3304 9.2961 56.6607 0.000031
0 315.5056 179.6911 21.9150 44.5479 0.000030
0 580.9830 7.7615 19.0925 14.6971 0.000029
0 400.2016 215.3999 21.7927 47.6035 0.000029
0 559.2926 52.4184 27.3231 14.2801 0.000028
0 585.5942 9.9695 18.1987 18.7980 0.000027
0 325.5665 11.3416 27.4338 22.4508 0.000027
0 553.5353 3.9115 31.0000 7.8230 0.000027
0 16.2938 3.4137 24.5992 6.7547 0.000026
0 149.3336 7.2772 34.4605 14.4145 0.000025
