0 429.3200 355.2421 27.9728 73.0585 0.867891
0 358.7207 219.8317 34.0044 32.6377 0.844185
0 24.5783 322.5413 32.9385 38.6862 0.734867
0 115.6595 8.8703 19.3638 17.6833 0.082779
0 31.7353 319.3221 23.5056 36.4449 0.025566
0 7.9542 294.5459 15.9083 63.9197 0.021521
0 104.0911 8.6631 40.0622 17.2773 0.016309
0 5.0271 322.7219 10.0541 42.9877 0.005365
0 9.2159 320.1956 18.4318 43.3641 0.002622
0 35.3002 310.8118 21.4806 23.3979 0.001885
0 7.0705 278.9106 14.0980 43.2793 0.001724
0 537.0852 4.7406 26.9522 9.4266 0.001710
0 175.2155 502.4028 31.6072 19.1943 0.001203
0 125.1198 7.2669 30.9625 14.4627 0.001040
0 89.9037 7.4804 33.7595 14.9608 0.000797
0 354.7144 44.4060 18.4342 24.8453 0.000685
0 32.9994 299.3252 24.2813 46.8647 0.000681
0 358.6863 25.8859 20.2763 19.4690 0.000480
0 548.3738 5.2104 33.3726 10.3996 0.000458
0 67.8864 4.7940 22.1771 9.4955 0.000427
0 3.4507 69.9410 6.9015 27.5927 0.000393
0 374.4405 217.7377 13.2117 27.7053 0.000383
0 636.7422 40.0508 6.5157 38.1026 0.000373
0 5.8363 309.9148 11.6726 37.3402 0.000346
0 5.3534 206.8226 10.6889 40.7000 0.000327
0 78.5940 5.7857 35.5102 11.5714 0.000301
0 637.1642 47.6233 5.6041 22.8942 0.000295
0 5.3713 290.7621 10.7425 51.8295 0.000294
0 130.1471 504.2787 21.8588 15.4426 0.000293
0 94.3064 151.1238 17.8462 20.2910 0.000289
0 1.8677 264.0610 3.7353 29.0131 0.000285
0 636.8021 57.0942 6.3956 39.5422 0.000285
0 554.5420 6.0668 31.2051 12.1295 0.000270
0 246.0158 188.4959 26.0740 37.6722 0.000263
0 9.0878 173.4272 18.1756 54.1917 0.000256
0 182.7754 505.3154 23.4865 13.3436 0.000250
0 396.9542 247.7558 24.9724 19.7793 0.000244
0 368.6201 218.9720 20.8270 30.6390 0.000236
0 84.2772 12.8123 18.7295 17.5045 0.000220
0 85.6672 11.5245 48.0543 22.5884 0.000220
0 66.3445 128.5671 14.5460 42.9070 0.000217
0 636.2842 23.7361 7.4315 43.9401 0.000216
0 92.6846 16.7350 31.1651 32.4842 0.000188
0 531.7712 300.7744 43.3018 57.8998 0.000182
0 634.9730 10.4175 9.9616 20.8349 0.000168
0 128.8658 4.1444 26.2360 8.2887 0.000154
0 10.8550 123.7724 21.7101 48.9432 0.000152
0 636.4480 74.8422 7.1041 57.4815 0.000144
0 208.0072 507.5650 25.6022 8.8698 0.000138
0 3.8881 174.8622 7.7761 77.4352 0.000135
0 323.6619 4.9569 26.4198 9.9139 0.000131
0 124.3890 506.5881 26.7032 10.7570 0.000130
0 367.5408 27.5123 33.9819 18.9771 0.000128
0 69.9644 8.0218 28.0174 15.2434 0.000127
0 624.9891 7.0657 27.8254 14.1313 0.000122
0 16.4567 321.3493 32.9134 58.7961 0.000121
0 2.6273 271.7624 5.2545 39.6368 0.000114
0 503.2662 305.3020 44.1726 66.3523 0.000112
0 75.9382 13.2076 27.3845 20.9295 0.000110
0 199.8553 507.3691 25.3291 9.2617 0.000110
0 402.3154 22.0854 20.2885 15.0691 0.000100
0 58.9386 4.5930 30.4265 9.1658 0.000095
0 84.9302 27.2521 17.9495 32.8836 0.000093
0 5.0095 269.6562 9.9393 44.2276 0.000085
0 321.4214 217.3068 19.9205 36.2683 0.000084
0 249.3073 226.9591 17.9759 17.0802 0.000083
0 123.4959 12.6148 27.6700 24.8784 0.000081
0 123.4363 498.7560 25.8161 25.0295 0.000079
0 4.0811 222.9519 8.1447 45.4042 0.000078
0 542.9790 7.1772 33.0852 14.3114 0.000071
0 5.2690 128.3745 10.5381 56.2858 0.000070
0 636.7485 92.4112 6.5029 54.5745 0.000068
0 541.6216 507.9298 35.8413 8.1403 0.000066
0 532.9869 7.3225 25.7200 14.6449 0.000063
0 269.2914 318.4050 13.2229 9.8812 0.000062
0 499.1102 507.8012 35.3163 8.3976 0.000060
0 631.2335 385.4870 17.4535 64.2432 0.000060
0 468.9444 362.7699 33.4232 26.6957 0.000057
0 1.6858 252.9899 3.3716 31.9425 0.000052
0 526.7146 4.3531 31.3385 8.4442 0.000050
0 600.0471 508.3806 28.7590 7.2388 0.000048
0 355.8115 107.1783 12.2791 22.3935 0.000048
0 550.9390 508.1969 27.1006 7.6062 0.000046
0 13.9403 286.7482 23.0933 37.7081 0.000045
0 3.8314 153.0683 7.6628 57.1258 0.000045
0 352.5843 32.1356 16.0468 14.1383 0.000044
0 212.6080 506.1379 25.6517 11.6022 0.000041
0 140.5125 2.9060 22.7687 5.8120 0.000040
0 610.6261 5.1410 26.3540 10.2819 0.000039
0 559.4595 9.7203 35.0913 19.4405 0.000039
0 312.6051 4.7478 20.6563 9.4005 0.000039
0 624.8251 390.7930 30.3498 76.0460 0.000039
0 630.7772 403.5001 18.2664 46.0968 0.000039
0 276.8090 3.5376 25.1717 7.0752 0.000039
0 270.5051 4.6478 20.7845 9.2956 0.000038
0 15.5813 304.3149 26.4041 54.0321 0.000038
0 453.4589 6.6848 27.7560 13.3696 0.000037
0 71.7831 33.5583 33.8771 46.1442 0.000037
0 526.5991 507.8467 46.4712 8.3065 0.000037
0 394.2224 243.3922 19.4725 12.8514 0.000036
0 213.3011 359.1403 31.3906 54.1008 0.000036
0 141.7248 504.4147 35.7120 14.9968 0.000036
0 103.8932 162.5468 11.9615 15.2679 0.000034
0 359.7635 32.8237 20.9357 16.9680 0.000033
0 512.3085 507.6964 41.4031 8.6072 0.000032
0 220.7519 504.3050 34.9936 15.3900 0.000032
0 3.4598 262.0282 6.8441 24.2418 0.000031
0 637.1287 283.5754 5.7427 52.6929 0.000030
0 122.1800 229.7090 36.2981 12.0058 0.000030
0 284.2956 3.6032 21.1150 7.0717 0.000029
0 22.3147 296.0233 34.9461 59.4072 0.000029
0 107.7452 157.3710 10.0866 12.6877 0.000029
0 103.7267 17.2258 40.6097 34.2521 0.000029
0 285.8434 44.0571 37.9158 43.3319 0.000029
0 170.8892 4.5815 31.7472 8.9056 0.000028
0 162.5767 3.4869 26.0846 6.9738 0.000027
0 636.2087 362.9084 7.5826 64.5016 0.000027
0 561.2638 508.1257 32.0828 7.7486 0.000027
0 422.1421 367.8767 15.9596 46.9446 0.000026
0 444.9163 7.7422 30.1600 14.7838 0.000025
0 149.3846 100.4693 14.8552 34.2993 0.000025
