0 354.3593 212.4400 22.6857 45.4411 0.842538
0 492.9318 338.3868 25.6318 64.6903 0.839532
0 26.2963 322.3824 33.6725 38.9518 0.731168
0 117.9580 9.0434 19.4900 18.0394 0.064776
0 8.4562 293.4690 16.9124 63.6740 0.060115
0 470.8864 364.5790 36.7914 24.3427 0.059832
0 107.1051 8.9683 36.6718 17.8920 0.019150
0 6.2721 322.0201 12.5441 40.3327 0.018556
0 34.7027 310.3641 23.0146 22.6123 0.003973
0 8.0745 314.0988 16.1490 57.2618 0.001431
0 353.7400 43.9109 18.3101 25.9945 0.001401
0 92.3244 8.8059 54.7303 17.6118 0.001094
0 208.7069 507.2035 24.5634 9.5839 0.001089
0 125.6279 7.4313 29.4605 14.7965 0.000880
0 536.4971 4.6989 25.8683 9.3546 0.000821
0 72.6200 5.6047 22.7585 11.0242 0.000746
0 359.5972 26.1627 18.6007 19.4664 0.000737
0 86.1252 7.2061 34.8242 14.4122 0.000696
0 177.6264 503.6460 31.5242 16.7079 0.000607
0 3.6248 68.9949 7.2496 29.5534 0.000597
0 33.0573 299.7570 29.0251 51.6246 0.000589
0 629.1397 386.6174 21.6755 67.7157 0.000570
0 34.8483 300.6509 20.2074 40.4181 0.000540
0 9.0260 275.4686 17.2007 38.7482 0.000438
0 186.4669 505.3760 19.9766 13.2393 0.000412
0 549.4699 4.9786 30.6862 9.9461 0.000345
0 199.1928 507.7422 26.1332 8.5116 0.000323
0 5.8245 208.4190 11.5721 33.5754 0.000322
0 83.2186 13.1583 20.4197 16.4588 0.000293
0 6.3047 285.9847 12.6094 44.8163 0.000290
0 5.6960 306.9964 11.3920 47.5448 0.000275
0 9.7334 174.7458 19.4667 61.0394 0.000257
0 67.9889 128.4441 14.3451 42.5400 0.000255
0 133.5034 504.0584 23.6695 15.8832 0.000251
0 636.5059 31.0286 6.9881 44.2946 0.000218
0 635.0238 10.5815 9.8803 21.1629 0.000215
0 75.6443 8.0838 25.2752 12.2533 0.000204
0 2.1946 264.7925 4.3893 32.4095 0.000199
0 4.5679 181.1250 9.1358 84.2900 0.000185
0 246.8088 188.7984 26.0032 37.4257 0.000178
0 324.8143 4.8287 29.5412 9.6573 0.000171
0 461.4702 368.7604 13.9303 18.3006 0.000164
0 62.3885 4.9220 29.1052 9.8308 0.000160
0 636.4658 71.5684 7.0683 57.7964 0.000156
0 5.4371 269.1862 10.7717 36.9985 0.000153
0 497.9675 324.8570 19.1023 40.3660 0.000152
0 371.4474 27.7270 38.3365 20.6604 0.000140
0 215.7700 503.7572 35.6806 16.4359 0.000135
0 487.9172 386.8395 15.2374 49.1475 0.000134
0 94.8233 14.6673 37.9799 28.7687 0.000132
0 637.0392 46.2217 5.9035 28.1602 0.000130
0 129.4190 4.3148 24.9822 8.6296 0.000130
0 635.5096 370.4795 8.9808 67.9810 0.000129
0 13.5715 288.9694 23.7749 49.6130 0.000127
0 556.5024 6.1129 31.8901 12.2258 0.000125
0 123.6686 12.4991 25.7184 24.6537 0.000123
0 484.1932 362.1818 16.9811 25.8473 0.000114
0 636.5955 54.6143 6.8090 34.2356 0.000111
0 456.3175 377.1420 9.9874 21.2397 0.000107
0 161.8972 503.1892 24.8406 17.6216 0.000104
0 625.9052 6.2745 26.2722 12.5490 0.000103
0 636.8405 92.7311 6.3190 53.5104 0.000097
0 570.8480 327.5123 35.3131 45.3915 0.000093
0 500.2890 507.3528 37.8481 9.2509 0.000092
0 124.0587 506.7600 26.8474 10.4800 0.000088
0 271.6774 47.4188 38.4797 45.0169 0.000082
0 459.3266 373.6304 11.9024 19.6761 0.000078
0 129.7493 159.1123 7.7341 15.6184 0.000076
0 7.1589 192.7970 14.3084 63.4876 0.000071
0 634.2105 501.0586 11.5791 21.8828 0.000066
0 203.9675 503.8989 29.1408 16.2022 0.000065
0 522.7194 507.2256 44.3444 9.5488 0.000064
0 611.6782 508.1211 26.9056 7.7055 0.000064
0 467.3028 359.4591 21.7200 21.7697 0.000063
0 10.2844 124.0741 20.5688 49.8005 0.000063
0 464.1142 363.9615 18.3591 23.2886 0.000056
0 337.3867 4.7992 25.1108 9.5984 0.000055
0 489.5334 323.3372 19.4498 48.6790 0.000054
0 123.9568 498.4678 26.5606 26.9677 0.000053
0 249.5475 226.4676 18.1547 15.4483 0.000051
0 322.3722 217.1986 20.7711 35.4718 0.000050
0 183.8011 5.9889 35.1049 11.9376 0.000048
0 74.8490 31.1321 29.1702 48.3014 0.000048
0 351.7689 35.7820 16.0240 18.3370 0.000048
0 277.2169 3.4762 25.3633 6.9524 0.000047
0 525.0741 4.0918 30.1200 7.9868 0.000046
0 107.1940 157.2030 9.4837 11.6113 0.000043
0 92.9477 150.8154 20.9192 20.4184 0.000043
0 532.6526 7.5096 26.4453 15.0192 0.000043
0 312.9539 4.4727 22.3264 8.8249 0.000043
0 7.6447 411.4789 15.2322 92.3239 0.000042
0 14.5529 319.4080 29.1057 59.0189 0.000041
0 4.1165 156.3994 8.2331 61.5167 0.000039
0 270.2072 318.2809 13.0234 9.8690 0.000039
0 195.0272 504.3919 25.2885 15.2162 0.000038
0 637.2477 279.0389 5.5046 48.8525 0.000037
0 334.7992 498.5939 19.1427 26.2449 0.000036
0 285.2144 45.3558 36.8148 46.0690 0.000034
0 454.3199 7.1066 27.6381 14.2131 0.000033
0 139.0608 3.0983 23.9080 6.1966 0.000032
0 542.2858 7.1330 29.9562 14.1271 0.000031
0 221.1082 506.4966 37.2529 11.0068 0.000030
0 4.5083 406.6970 9.0167 74.2270 0.000030
0 597.8424 48.6205 13.0881 15.2059 0.000029
0 99.9383 156.4871 10.3540 9.6765 0.000029
0 548.3381 507.7509 36.7988 8.4982 0.000029
0 397.2297 247.3693 23.5934 19.3010 0.000029
0 559.8881 10.0713 33.5620 20.1425 0.000028
0 140.2424 501.4934 38.2527 21.0132 0.000027
0 629.1849 410.7878 21.6302 50.4260 0.000027
0 120.4626 229.9609 27.7341 14.0919 0.000027
0 636.5739 348.0428 6.8523 51.3541 0.000027
0 4.0537 54.3749 8.1073 54.1316 0.000026
0 637.0393 107.8342 5.9214 45.9152 0.000025
0 24.1605 367.2185 45.8947 139.2610 0.000025
