0 347.6630 258.9782 36.9233 51.8726 0.836263
0 618.5214 416.6781 42.9572 131.4504 0.096842
0 632.8163 83.8906 14.3674 119.5291 0.051166
0 632.2657 51.9682 15.4683 56.7744 0.004824
0 634.5164 127.1505 10.9673 38.7770 0.004739
0 632.9260 413.9158 14.1413 126.2838 0.004557
0 634.3596 110.6544 11.2807 67.2316 0.003647
0 445.8377 403.3018 62.6902 214.4804 0.002591
0 634.7376 146.2533 10.5249 83.3511 0.002238
0 217.7808 213.9553 19.5829 33.1940 0.002148
0 336.0909 254.0353 18.1913 41.8073 0.001779
0 326.2536 254.5745 22.8876 47.8876 0.001020
0 474.4298 404.6570 120.0436 214.6860 0.000662
0 254.2619 326.1811 19.3481 35.4529 0.000555
0 2.9028 349.8873 5.8056 58.5521 0.000525
0 634.6451 376.4624 10.7099 165.5543 0.000495
0 147.5963 56.0220 16.7002 26.9309 0.000438
0 633.2443 144.0133 13.4728 140.1698 0.000341
0 2.9480 86.1679 5.8959 43.4094 0.000327
0 623.9506 83.0930 31.3675 110.6678 0.000284
0 624.3473 365.8194 31.1139 213.0495 0.000246
0 227.3316 238.1101 33.2670 76.5394 0.000245
0 303.6195 298.0920 10.8746 14.9252 0.000220
0 636.6991 398.6557 6.6017 80.2853 0.000213
0 367.5105 509.3450 41.6728 5.3100 0.000172
0 5.7416 345.7253 11.4832 80.6526 0.000161
0 628.0230 105.5901 23.9540 77.7267 0.000159
0 608.0768 443.6824 63.5088 136.6350 0.000153
0 10.2094 9.1086 20.4188 18.2171 0.000151
0 267.0458 345.8273 38.1614 58.3425 0.000135
0 5.7388 223.3019 11.4777 58.2442 0.000123
0 12.5260 346.3507 25.0520 85.3959 0.000103
0 635.2974 58.8094 9.4052 56.1188 0.000093
0 239.9402 292.4336 33.0646 90.2638 0.000079
0 14.3806 498.5236 28.3342 26.9528 0.000079
0 267.4523 293.7818 11.9357 46.8129 0.000077
0 628.5913 436.9855 22.8174 150.0290 0.000072
0 631.5950 331.8650 16.8100 190.8848 0.000070
0 12.5252 320.1045 24.2213 30.1958 0.000066
0 636.4135 84.3164 7.1730 104.0619 0.000063
0 33.6655 87.7896 21.2631 41.7395 0.000062
0 426.7944 352.0551 23.2947 67.7965 0.000060
0 627.8440 130.1541 23.2693 34.7291 0.000058
0 10.2493 228.1781 20.4605 54.7168 0.000055
0 291.2363 406.8564 26.1534 38.7034 0.000048
0 302.2388 127.0205 26.4749 21.8515 0.000047
0 302.4120 301.1824 10.5823 13.0992 0.000046
0 15.9529 29.5173 31.8195 50.3038 0.000044
0 13.0859 404.7153 26.1718 47.3300 0.000039
0 249.5501 309.5844 22.3409 67.6907 0.000038
0 308.3085 347.3054 19.1968 25.8503 0.000037
0 15.0658 13.7052 30.1274 22.3620 0.000037
0 230.6049 258.4394 17.8785 28.4634 0.000036
0 164.4644 15.7206 28.9536 30.3854 0.000036
0 19.7652 9.4864 30.1356 15.9797 0.000036
0 60.2378 505.9113 40.9461 12.1774 0.000035
0 3.3093 65.4862 6.5654 64.3445 0.000034
0 600.3333 491.1358 63.5498 40.6415 0.000032
0 372.3193 330.0559 29.2058 58.1365 0.000031
0 1.8846 336.9840 3.7324 79.9212 0.000029
0 5.9589 5.4384 11.9178 10.8767 0.000028
0 73.8896 504.1401 37.0158 15.7198 0.000028
0 635.6431 39.1854 8.7137 57.9624 0.000027
0 11.2304 3.2666 22.4609 6.3858 0.000027
0 3.2072 237.5692 6.4145 64.3046 0.000026
