0 293.8600 337.5097 28.4531 95.2419 0.861620
0 280.8750 257.7627 27.1885 52.4585 0.848969
0 483.8667 44.9949 21.2431 24.4247 0.069092
0 185.0693 15.0829 13.7777 23.5034 0.003380
0 233.7871 266.0066 26.2631 23.8280 0.001689
0 178.9018 13.1864 26.8468 25.8475 0.000756
0 138.7677 258.1416 13.4678 24.6204 0.000335
0 608.3420 485.5482 41.9084 52.9036 0.000283
0 192.3585 12.3363 27.9309 24.5092 0.000252
0 636.0151 481.0582 7.9697 61.8479 0.000246
0 634.5463 493.3074 10.9075 37.3852 0.000237
0 624.5379 493.1665 30.9240 37.6669 0.000192
0 3.5708 208.3005 7.1416 57.6013 0.000192
0 626.5089 445.8809 25.7096 73.9622 0.000163
0 628.6442 479.8773 22.6616 64.2109 0.000155
0 307.7850 3.7928 26.2135 7.5835 0.000142
0 20.6201 328.5911 41.2402 60.5027 0.000141
0 195.4125 237.2823 15.9983 25.2371 0.000135
0 47.5719 488.1650 30.5640 47.4955 0.000105
0 635.5599 451.9015 8.8802 66.6509 0.000089
0 215.2570 4.5257 17.7239 9.0406 0.000079
0 1.9184 211.2556 3.8367 43.1795 0.000071
0 488.0728 408.8102 20.6240 40.2427 0.000069
0 315.6653 3.9063 20.4628 7.8126 0.000067
0 138.7049 246.8255 12.9127 51.8003 0.000066
0 23.7877 464.9766 47.5685 49.4450 0.000060
0 203.3177 11.0828 36.3073 21.9967 0.000050
0 2.9391 204.1033 5.8782 34.6883 0.000049
0 637.8851 487.4830 4.2297 49.0340 0.000044
0 203.4558 4.7389 30.8628 9.2598 0.000044
0 357.5509 4.7459 22.3812 9.2197 0.000043
0 5.4630 200.5771 10.6884 26.0353 0.000042
0 2.8284 227.3440 5.6569 50.1508 0.000041
0 210.2578 6.7938 23.0084 13.5876 0.000041
0 365.3055 8.6267 39.7569 17.2534 0.000038
0 3.5776 169.9544 7.1552 77.7838 0.000037
0 3.8548 192.7888 7.7096 53.7489 0.000037
0 287.5734 3.0130 23.5399 5.7736 0.000035
0 350.1225 4.7377 21.2969 9.1407 0.000035
0 635.3975 12.8398 9.2050 25.6796 0.000031
0 365.7902 4.4586 30.0073 8.8357 0.000030
0 1.9073 257.3775 3.8146 48.2157 0.000029
0 1.8390 229.8700 3.6780 42.3104 0.000029
0 386.3759 4.5805 23.3749 9.1049 0.000028
0 294.6882 376.1274 27.7754 23.4575 0.000028
0 312.3954 5.8026 21.0059 11.5677 0.000028
0 378.0436 5.5823 26.4114 11.1645 0.000027
0 142.7682 247.7269 26.3502 56.3317 0.000026
0 448.2881 4.0469 24.5391 8.0938 0.000026
0 477.1578 31.6618 35.3722 46.9957 0.000026
0 3.8175 149.1902 7.6350 38.6835 0.000025
0 476.6577 41.3606 12.7010 22.7194 0.000025
