0 252.8451 236.3254 42.8753 73.1980 0.896314
0 364.9536 274.4722 30.5075 37.2013 0.870795
0 125.6659 503.4517 44.7881 17.0962 0.040329
0 116.4536 508.1567 28.9442 7.6866 0.004424
0 117.6228 506.6512 43.3798 10.6977 0.003156
0 634.1053 441.0999 11.7893 79.7350 0.000726
0 116.7490 251.7854 10.6539 18.6288 0.000227
0 371.5016 494.6468 61.7636 34.7056 0.000193
0 508.0791 400.7944 47.6112 82.4656 0.000174
0 478.5809 498.4753 35.1678 27.0496 0.000152
0 635.0488 414.2703 9.9023 83.4069 0.000142
0 142.2928 506.7945 42.3695 10.4016 0.000135
0 3.7451 223.1331 7.4864 66.6531 0.000109
0 469.6999 465.7152 45.1843 92.5526 0.000086
0 141.9345 502.6627 64.7811 18.5893 0.000085
0 3.7683 196.5928 7.5366 62.9118 0.000076
0 101.0513 507.7631 37.9113 8.2556 0.000061
0 473.3385 490.2531 43.7646 43.4938 0.000059
0 106.5871 504.8802 63.3365 14.1871 0.000059
0 264.1415 238.0628 21.1714 70.1354 0.000059
0 632.0574 242.7117 15.8852 149.0473 0.000056
0 3.2376 282.9429 6.4752 93.9501 0.000051
0 108.4528 499.1309 72.2756 25.7382 0.000046
0 528.4897 500.2788 69.8519 23.4423 0.000045
0 623.8840 245.5240 32.2320 154.9759 0.000041
0 629.3398 290.0197 21.3203 50.7489 0.000036
0 179.5114 196.1555 24.1451 22.7841 0.000033
0 433.7320 490.9565 42.0555 42.0869 0.000028
0 492.4856 504.6229 46.5378 14.7542 0.000027
0 2.7610 246.6196 5.5220 53.2360 0.000026
