0 442.4439 257.3500 23.9174 87.5215 0.897336
0 314.9855 268.1424 41.8542 106.7454 0.862960
0 297.3465 296.9347 46.3798 154.9891 0.846158
0 80.6927 273.8678 26.8536 62.2351 0.000428
0 119.9854 14.5038 20.7232 28.8848 0.000363
0 304.5733 261.8379 21.2523 89.3498 0.000200
0 79.5544 502.9066 30.3338 18.1755 0.000121
0 282.3416 259.3044 14.7865 73.1334 0.000069
0 93.1710 3.6575 12.9957 7.3150 0.000063
0 12.0553 509.2837 16.1798 5.4326 0.000058
0 221.9562 502.7057 24.6334 18.2020 0.000043
0 85.4789 507.3185 28.2618 9.3630 0.000042
0 79.8603 53.9944 12.3600 16.8051 0.000041
0 110.8023 14.4591 36.7012 28.9182 0.000039
0 585.0176 492.4863 41.9137 39.0273 0.000039
0 4.3777 333.3030 8.7554 47.9541 0.000039
0 97.6198 4.4048 16.5076 8.8095 0.000037
0 290.3447 267.2797 25.5928 91.1597 0.000031
0 637.7047 354.6632 4.5906 75.2360 0.000029
0 6.9041 508.6865 13.7865 6.6270 0.000027
