0 387.9225 207.8138 47.7693 47.7601 0.864653
0 155.1584 365.2690 44.8363 43.9563 0.017281
0 82.8594 192.0606 60.9547 87.3235 0.009463
0 533.3412 16.5303 45.8807 32.2433 0.006188
0 628.6629 502.4724 22.6530 19.0554 0.005861
0 443.4343 63.2544 59.8283 64.6437 0.004510
0 129.1026 375.3218 30.6070 42.6709 0.003743
0 131.9096 390.1986 24.1814 22.2674 0.002593
0 457.8536 34.7676 33.3187 18.9373 0.002224
0 455.8740 42.7900 37.0869 34.2217 0.002155
0 27.1534 438.9084 27.2151 45.0417 0.002073
0 540.9769 492.9208 40.7129 37.7917 0.001810
0 19.4482 432.6877 38.5285 62.5647 0.001719
0 472.3486 6.4717 30.4296 12.9164 0.001373
0 564.8488 15.5975 80.1427 30.8151 0.000899
0 288.4693 9.9761 31.7512 19.7583 0.000835
0 468.9125 68.3918 27.2050 48.4633 0.000778
0 485.2626 7.3825 39.0310 14.6138 0.000724
0 622.3735 43.9124 34.6140 53.4882 0.000680
0 382.4169 506.3424 28.7864 11.3152 0.000580
0 55.2918 4.1364 26.7106 8.2728 0.000560
0 300.3432 11.3684 39.8603 22.1104 0.000532
0 312.6164 507.1151 23.1637 9.7294 0.000532
0 545.8165 15.2229 39.1565 28.4198 0.000518
0 458.5261 66.0622 43.5594 52.6293 0.000494
0 98.7537 487.7380 29.8570 44.6187 0.000445
0 3.7063 314.8782 7.3780 73.1211 0.000404
0 226.1647 4.7089 34.7864 9.4168 0.000403
0 38.2800 10.8865 22.8007 21.7537 0.000390
0 44.8589 3.8023 20.3286 7.6045 0.000367
0 79.0009 227.1782 53.7820 161.1995 0.000361
0 277.4524 7.9933 39.8836 15.8999 0.000360
0 286.9536 14.8331 18.9186 23.6605 0.000350
0 65.1273 4.3203 22.3409 8.6407 0.000327
0 636.5493 51.8554 6.8921 65.1306 0.000306
0 387.7676 502.0755 35.0037 19.8489 0.000296
0 2.5076 403.4809 5.0152 43.6991 0.000279
0 47.3764 8.0814 25.9857 16.1627 0.000277
0 6.3646 423.9727 12.7291 77.4570 0.000273
0 464.9091 9.6209 33.4383 19.1926 0.000262
0 35.7933 6.5337 22.7943 13.0674 0.000250
0 37.3898 3.6673 21.1702 7.3347 0.000241
0 635.6540 18.3836 8.6919 36.7673 0.000232
0 222.6765 9.6888 38.6487 19.2355 0.000232
0 364.7460 163.5380 24.0746 50.3344 0.000230
0 379.0274 193.4386 27.3261 19.7708 0.000218
0 545.3348 501.4831 46.1800 21.0116 0.000198
0 443.8251 45.2841 53.1687 35.4697 0.000184
0 144.3702 374.4027 58.7091 44.7634 0.000150
0 2.8354 386.8890 5.6708 56.7115 0.000140
0 77.2713 154.6572 18.7276 16.1720 0.000133
0 634.1118 8.2690 11.7762 16.5380 0.000129
0 435.2969 54.3121 45.3733 40.6223 0.000128
0 616.2895 502.0732 47.4209 19.8536 0.000114
0 400.2847 500.2750 40.6323 22.4699 0.000111
0 632.7221 50.3725 14.5520 67.0343 0.000109
0 293.5864 439.6855 35.1448 20.1235 0.000107
0 480.8320 64.7233 46.9336 60.5568 0.000102
0 428.4072 73.0458 33.9437 51.4869 0.000094
0 283.2340 258.5915 21.4832 20.1808 0.000091
0 418.4531 507.6228 34.1530 8.7544 0.000089
0 637.8568 219.1464 4.2864 54.5193 0.000086
0 509.7554 8.5963 61.5822 17.1927 0.000082
0 629.5736 488.7429 20.8456 46.5141 0.000081
0 560.5654 478.7225 74.6135 66.5550 0.000080
0 63.9305 8.6419 20.3115 17.1773 0.000079
0 312.2588 7.8672 53.6038 15.7345 0.000078
0 628.8037 6.1857 22.3926 12.3714 0.000073
0 637.0899 212.2945 5.8202 41.0816 0.000072
0 23.2622 4.3482 26.2211 8.4541 0.000072
0 591.9323 471.9582 96.1354 80.0836 0.000071
0 562.5076 11.3449 37.2544 22.5664 0.000069
0 322.7203 507.1736 37.5587 9.4344 0.000069
0 525.8507 8.5695 44.3630 15.8339 0.000068
0 288.3200 17.6985 12.5153 21.2756 0.000065
0 77.4314 4.2710 21.9733 8.5419 0.000064
0 131.3362 410.2740 25.6836 63.6803 0.000063
0 278.8214 5.7349 25.9749 11.4697 0.000062
0 635.3430 38.2029 9.3141 48.6881 0.000055
0 564.8716 498.5526 31.6517 26.8627 0.000051
0 636.9957 392.8344 6.0086 47.6559 0.000046
0 30.4280 9.0525 28.8324 17.9276 0.000045
0 339.5593 400.3340 24.1852 39.7985 0.000044
0 5.7963 295.5506 11.5926 68.6119 0.000044
0 492.6589 10.0612 44.2239 19.9491 0.000043
0 278.2808 490.9276 29.4325 42.1449 0.000043
0 277.4760 429.0709 17.8407 37.9041 0.000042
0 626.9021 15.2029 26.1958 30.4058 0.000041
0 272.6224 431.0936 14.9387 31.3795 0.000040
0 507.5786 5.4698 37.0554 10.5371 0.000040
0 364.4376 206.2131 11.8108 45.4515 0.000039
0 168.9906 498.4512 35.9127 27.0977 0.000039
0 212.7738 104.0691 29.6732 36.9975 0.000037
0 244.2739 4.6481 60.3017 9.2207 0.000036
0 540.9973 473.0812 45.1350 63.5367 0.000035
0 363.7195 505.3170 42.7291 13.3659 0.000035
0 3.3408 367.0399 6.6817 102.5521 0.000034
0 637.5944 236.2314 4.8112 57.5534 0.000034
0 409.4764 505.1369 36.4613 13.7262 0.000034
0 11.2292 129.4863 22.3441 56.0415 0.000032
0 371.4613 4.7580 47.0505 9.3766 0.000032
0 32.0204 420.1622 29.4416 80.0400 0.000032
0 636.3899 354.9689 7.2202 45.9031 0.000031
0 283.3091 434.0596 27.8191 31.2032 0.000030
0 65.7400 162.1685 26.8394 60.9751 0.000030
0 2.4328 136.2264 4.8656 72.6486 0.000029
0 579.8774 12.8844 42.8184 25.7688 0.000028
0 4.1085 345.4759 8.1494 102.2234 0.000027
0 370.3372 507.6262 29.6531 8.7476 0.000027
0 264.9512 4.8787 41.1173 9.7110 0.000026
0 636.3950 197.7527 7.2101 39.8103 0.000026
0 475.9034 10.3234 40.9275 20.2181 0.000026
0 456.6636 431.2466 17.4807 26.7039 0.000025
0 637.2075 151.5414 5.5850 30.0502 0.000025
0 324.9476 319.0785 11.5267 28.8185 0.000025
