0 313.5900 228.7333 32.9927 47.4039 0.865252
0 368.7297 369.0187 38.5244 40.5285 0.854011
0 545.0388 29.5008 21.7460 33.0565 0.146369
0 622.6774 416.2986 34.5500 70.8471 0.004110
0 59.6729 19.6561 27.6241 39.2722 0.003011
0 505.0735 45.2578 42.6925 22.9745 0.002649
0 636.1331 289.7668 7.7185 61.2695 0.001891
0 168.6587 11.9119 29.9015 23.6271 0.001825
0 628.9892 353.3829 22.0214 183.4302 0.001731
0 610.5322 153.3458 28.2051 51.3707 0.001422
0 181.4662 11.2576 40.0037 22.5146 0.001419
0 515.1721 50.6028 22.4783 26.1853 0.001040
0 4.8778 108.7130 9.7555 71.0793 0.000738
0 54.4473 5.1246 33.5393 10.2492 0.000684
0 5.1303 132.4893 10.2606 76.3774 0.000495
0 635.6086 167.1773 8.7078 63.5322 0.000474
0 636.6093 264.1338 6.7814 77.8347 0.000469
0 634.6590 363.1319 10.6820 165.4977 0.000466
0 634.2963 9.7936 11.3752 19.5660 0.000426
0 411.0999 3.3567 26.9600 6.6089 0.000408
0 635.0369 134.7378 9.9261 61.8423 0.000374
0 544.9547 49.8000 30.4118 79.5651 0.000351
0 635.3316 309.1622 9.3369 94.9956 0.000346
0 106.8588 11.9631 35.8062 23.9263 0.000302
0 67.9212 11.6575 36.8490 23.2751 0.000284
0 465.8680 5.3165 23.9403 10.6331 0.000255
0 629.0426 405.2367 21.9046 92.9193 0.000254
0 100.9506 7.9358 29.2555 15.8665 0.000242
0 632.4609 287.2610 14.3095 55.5276 0.000230
0 3.3526 40.5096 6.7051 67.7673 0.000227
0 50.1275 9.6970 37.4031 19.3845 0.000220
0 360.8294 207.8513 42.8584 29.2683 0.000194
0 634.0831 409.5259 11.8340 75.7022 0.000190
0 623.7722 382.3627 32.3140 137.5608 0.000175
0 528.3040 213.9382 32.9706 58.0023 0.000169
0 377.8610 358.3231 21.2464 23.5434 0.000146
0 14.0631 90.8901 28.0797 107.0104 0.000137
0 98.0147 508.1152 29.8393 7.7696 0.000136
0 12.2905 59.7582 24.5809 48.4841 0.000131
0 285.9963 506.5269 40.6398 10.9277 0.000128
0 475.1479 4.7870 29.4551 9.5739 0.000125
0 80.8491 8.1290 34.4670 16.1763 0.000121
0 413.1034 22.2674 30.8270 43.8840 0.000121
0 46.5987 19.0154 43.6878 37.9345 0.000114
0 496.7485 33.3214 61.8242 45.8565 0.000112
0 194.5693 29.7607 64.7567 59.5214 0.000112
0 409.3411 30.1050 21.7033 31.0687 0.000111
0 483.5478 179.8568 29.9474 50.7588 0.000109
0 624.9771 443.3326 30.0336 106.4380 0.000108
0 211.1550 224.3237 20.9640 51.1766 0.000108
0 269.6759 506.6714 53.3166 10.5812 0.000103
0 634.2980 215.0049 11.4040 103.4625 0.000099
0 55.8719 28.1984 23.6103 32.3789 0.000097
0 122.7536 3.6016 26.9135 7.1961 0.000094
0 573.4301 109.0581 26.2905 47.0198 0.000094
0 3.4878 71.8674 6.9756 78.1862 0.000094
0 246.0777 478.1917 36.0148 63.4233 0.000093
0 111.7551 5.2436 33.7525 10.4872 0.000092
0 42.9507 5.1671 38.9375 10.2529 0.000090
0 86.6022 506.6707 41.1709 10.6586 0.000088
0 138.0544 12.2424 33.4349 24.3663 0.000086
0 636.8315 232.3427 6.3370 101.4848 0.000082
0 631.4765 307.6627 16.7170 100.6859 0.000078
0 118.8507 11.9004 39.2523 23.7688 0.000077
0 627.1019 7.5919 25.7961 15.0744 0.000075
0 379.8472 507.7556 23.7605 8.4888 0.000073
0 6.0608 18.7680 12.1216 37.3400 0.000073
0 408.3686 6.1161 24.4852 12.2321 0.000072
0 273.4024 492.9315 53.6033 37.6057 0.000070
0 152.7603 12.3491 53.1185 24.6716 0.000070
0 615.2822 347.8322 49.4356 196.1853 0.000068
0 636.9406 192.0859 5.9729 58.7672 0.000065
0 634.2316 20.5152 11.5367 41.0304 0.000064
0 313.2421 3.1832 24.4490 6.3474 0.000063
0 4.5897 124.6134 9.1793 46.6839 0.000062
0 387.8135 503.4288 21.5792 16.9182 0.000059
0 128.7168 7.6969 26.4626 15.3856 0.000056
0 585.5928 115.9324 22.8745 45.6857 0.000053
0 486.5527 4.2623 32.4841 8.3038 0.000051
0 7.0054 506.2730 14.0108 11.4539 0.000051
0 550.4281 4.9386 28.0667 9.7280 0.000050
0 533.4008 55.8335 36.6755 45.5257 0.000049
0 364.6098 488.5269 44.4688 46.9462 0.000046
0 317.1341 213.1807 27.1211 20.6535 0.000046
0 184.6755 7.7601 26.2537 15.5202 0.000045
0 208.5733 238.1109 27.3533 92.6274 0.000045
0 548.7878 87.7145 33.4725 27.6102 0.000044
0 16.4463 46.0864 32.8926 66.2520 0.000044
0 5.9492 54.9503 11.8983 49.9909 0.000043
0 31.6087 3.9208 37.0910 7.8416 0.000043
0 8.8267 105.9068 17.6533 85.4039 0.000042
0 75.6724 16.7477 55.1328 33.4954 0.000042
0 634.5049 67.2235 10.9902 81.9821 0.000041
0 56.6186 37.8863 20.7626 26.3337 0.000041
0 319.2868 4.0501 25.3380 8.0591 0.000039
0 9.4343 13.0642 17.8341 25.3535 0.000039
0 3.7356 388.0451 7.4460 54.0211 0.000037
0 405.3107 17.3911 28.3484 34.7822 0.000036
0 419.0010 4.7674 37.3926 9.5348 0.000036
0 268.5991 475.0006 69.1095 73.2483 0.000035
0 114.8455 3.8393 26.9766 7.6787 0.000034
0 4.0089 63.4809 8.0178 40.2979 0.000034
0 632.7977 259.9393 14.1631 73.3702 0.000033
0 249.9739 459.4428 22.5310 27.9390 0.000032
0 345.0760 355.4095 27.4211 60.6372 0.000031
0 543.0571 21.7858 22.9158 28.7944 0.000031
0 19.5883 3.9878 27.9226 7.9756 0.000031
0 300.0005 194.3917 19.4944 23.9619 0.000030
0 100.6845 506.7346 40.3577 10.4122 0.000030
0 5.0623 10.6373 9.9635 21.2746 0.000030
0 2.8638 91.1456 5.7276 47.1339 0.000030
0 619.1265 291.2294 40.9486 75.2269 0.000029
0 401.3156 502.9660 40.4115 17.7538 0.000028
0 485.4210 8.2974 28.4233 16.1129 0.000028
0 90.9058 13.1701 42.4614 26.3401 0.000027
0 636.2109 371.1959 7.5782 107.6449 0.000027
0 191.6690 5.9928 40.6786 11.9856 0.000027
0 172.1160 6.1095 34.1993 12.2189 0.000027
0 488.4518 24.4069 23.2409 47.1356 0.000027
0 193.1590 13.2925 44.7889 26.5850 0.000026
0 320.1422 208.8305 18.9370 15.4138 0.000026
0 347.9662 53.1835 16.1708 22.3637 0.000026
0 268.9460 503.6938 35.9999 16.4252 0.000025
