0 237.9447 177.9257 34.3578 76.0746 0.879442
0 256.5459 251.0176 32.7174 75.0644 0.874282
0 634.6362 349.5639 10.7278 50.6358 0.020224
0 635.6325 453.5098 8.7350 75.7737 0.016771
0 637.0798 339.4786 5.7999 53.0820 0.009975
0 635.0723 435.5209 9.8500 68.1177 0.003483
0 632.1697 491.0161 15.6606 41.8139 0.003408
0 632.7061 459.5502 14.5679 86.8358 0.003170
0 26.9361 7.5424 28.8065 15.0152 0.002321
0 17.1058 8.7668 30.2258 17.4897 0.001791
0 3.3202 176.8286 6.6404 45.8038 0.001650
0 154.5980 4.9232 23.4335 9.8463 0.001420
0 2.8040 117.3190 5.5973 43.5828 0.001260
0 159.6887 5.1429 21.5276 10.2825 0.001149
0 631.5323 144.2310 16.9235 97.3362 0.001122
0 633.8909 305.4230 12.2182 76.9118 0.001026
0 148.6286 9.6407 30.0140 19.2792 0.000799
0 162.2643 8.0071 26.1855 16.0141 0.000792
0 636.8817 325.3042 6.2366 42.5981 0.000712
0 421.9585 146.4328 20.1754 32.1411 0.000641
0 3.7303 226.0337 7.4605 108.7293 0.000587
0 94.1076 4.8219 30.0584 9.6145 0.000561
0 34.9750 19.3406 21.3691 30.6400 0.000424
0 631.6500 357.7130 16.7000 59.6573 0.000418
0 10.0220 451.7257 19.5464 72.0739 0.000376
0 632.0879 338.3176 15.6857 56.0470 0.000364
0 629.8237 301.5119 20.3526 78.3173 0.000348
0 69.7603 14.2374 47.6425 28.1752 0.000298
0 341.8267 503.9915 57.6200 16.0169 0.000272
0 3.6560 93.0116 7.3120 77.7134 0.000263
0 10.2965 472.3817 20.5930 65.8192 0.000256
0 41.0145 5.1890 32.3189 10.1267 0.000240
0 622.9222 134.0615 34.1555 150.6378 0.000209
0 31.4683 163.6471 16.1444 31.3686 0.000192
0 244.0637 23.7080 26.4359 47.3652 0.000185
0 81.3281 4.9510 31.7150 9.7723 0.000175
0 3.1454 141.2562 6.2760 66.7796 0.000163
0 3.3449 21.0890 6.6895 41.3803 0.000160
0 492.6023 8.4475 35.7646 16.8363 0.000159
0 12.1194 15.0202 24.0124 29.8772 0.000158
0 529.7052 240.4460 17.2349 32.3533 0.000154
0 97.9139 8.9678 40.7989 17.9200 0.000152
0 296.5956 237.7321 16.4714 30.5687 0.000152
0 326.7995 3.4353 22.4983 6.8707 0.000150
0 326.6621 504.3880 39.0507 15.2091 0.000147
0 4.7861 476.7006 9.5425 63.2429 0.000140
0 634.9310 123.6867 10.1064 136.6251 0.000134
0 6.5590 16.7907 13.1157 33.0329 0.000133
0 635.7796 138.6624 8.4408 75.4635 0.000122
0 348.8370 201.1135 45.4693 45.9468 0.000106
0 635.7289 395.1194 8.5422 120.9799 0.000101
0 634.3328 321.5552 11.3344 38.3433 0.000098
0 481.0990 10.2900 31.8243 20.5800 0.000095
0 307.0364 494.7677 27.6628 34.4647 0.000095
0 635.2124 419.7515 9.5752 35.3336 0.000093
0 634.6264 354.7230 10.7471 114.9154 0.000088
0 2.7887 200.0767 5.5774 56.1830 0.000083
0 173.0989 6.3904 29.2461 12.7808 0.000082
0 108.2290 4.3666 45.0208 8.6831 0.000079
0 2.0162 165.3102 4.0323 50.1580 0.000072
0 514.1014 144.5781 35.4425 107.2976 0.000071
0 5.6008 303.1678 11.2015 94.0356 0.000071
0 56.0827 10.4677 56.8876 20.7988 0.000063
0 626.7999 150.9644 26.0920 68.8323 0.000056
0 619.8972 168.5287 40.2056 85.7871 0.000056
0 371.7413 506.3748 34.1664 11.2504 0.000054
0 24.4614 119.1585 42.7168 37.1804 0.000054
0 601.2318 276.9619 19.6418 47.5330 0.000050
0 238.4147 9.4843 44.9164 18.9686 0.000049
0 8.6279 8.5841 17.2558 17.1683 0.000047
0 4.3737 255.4409 8.7473 66.8298 0.000046
0 9.0434 487.8864 18.0868 48.2273 0.000045
0 625.6313 500.4268 24.0009 23.1463 0.000045
0 294.3849 153.7273 13.7605 28.5215 0.000042
0 104.4137 499.2310 55.4388 25.4951 0.000040
0 503.3837 5.2659 35.8390 10.5317 0.000039
0 626.2362 461.6407 25.6152 87.5883 0.000037
0 51.6981 4.9087 37.8139 9.7287 0.000037
0 14.6762 244.0240 29.3524 77.4291 0.000036
0 102.1757 14.8415 55.2899 29.5379 0.000035
0 5.1980 131.7376 10.2264 72.4664 0.000034
0 88.7649 7.4527 31.2920 14.8162 0.000033
0 350.4038 148.9361 35.1106 46.9848 0.000032
0 138.0716 7.0933 27.7863 14.1865 0.000031
0 635.9910 164.8047 8.0181 61.5727 0.000030
0 9.6031 225.0830 19.2062 118.0856 0.000030
0 345.9261 276.3376 17.9810 37.4410 0.000027
0 32.9934 495.1873 41.2984 33.6254 0.000026
0 156.8283 10.3273 28.1819 20.6546 0.000026
