0 242.1815 242.6443 25.6087 70.2242 0.885257
0 375.9307 246.2587 16.1259 31.8597 0.852780
0 171.1301 235.8895 11.3594 58.4533 0.808451
0 624.7556 260.8125 10.5214 13.7537 0.006249
0 628.6781 264.8872 19.5769 26.5959 0.000221
0 166.7229 235.0833 17.7661 58.5081 0.000207
0 384.7089 246.1585 25.9756 33.1075 0.000139
0 629.8398 285.2386 20.3204 79.4795 0.000099
0 630.3445 274.5222 18.8223 46.3650 0.000072
0 636.3712 264.8290 7.2577 43.2541 0.000048
0 171.2580 222.0615 9.5786 31.1791 0.000042
0 627.2449 245.7908 14.6781 45.5016 0.000036
0 179.3900 236.1642 30.1305 60.1300 0.000032
0 625.8417 252.2329 9.8748 31.8046 0.000028
