0 330.4493 279.4917 12.5771 48.0495 0.799120
0 339.8359 278.9944 10.9413 51.5040 0.750103
0 266.6680 7.8044 25.9983 15.3782 0.000975
0 636.8560 497.8460 6.2879 28.2899 0.000168
0 368.5783 11.1599 26.4976 22.3198 0.000135
0 279.3848 7.8810 42.6277 15.6995 0.000089
0 253.7849 7.4383 46.5516 14.8430 0.000073
0 347.0529 279.1258 23.6218 51.7051 0.000065
0 353.5041 11.2489 52.1064 22.4352 0.000057
0 638.1307 493.4144 3.7385 37.1712 0.000044
0 339.5176 278.7439 28.1300 52.4055 0.000036
0 341.2078 287.9675 8.0081 33.8038 0.000029
0 633.6385 5.4410 12.4028 10.7509 0.000029
