0 227.4931 211.4331 23.8089 37.5282 0.897430
0 269.4747 201.2724 20.8510 39.0744 0.897292
0 224.2787 372.4889 21.8006 36.0134 0.896082
0 38.2278 5.1669 38.9459 10.3308 0.016374
0 47.2426 4.2332 27.2259 8.4513 0.007685
0 10.6931 46.6459 21.3861 65.4590 0.002074
0 56.5809 5.1716 39.0244 10.3432 0.001299
0 37.5896 15.9722 40.4498 31.7314 0.001080
0 48.2455 7.2800 40.3805 14.5579 0.000753
0 34.3624 8.2011 45.6216 16.3993 0.000745
0 367.1806 207.5712 13.9056 20.0686 0.000566
0 21.3465 6.3042 35.0765 12.6084 0.000542
0 406.4739 502.2681 26.3198 19.3935 0.000506
0 416.0046 500.5948 50.9807 22.7025 0.000505
0 26.7954 11.7748 40.8188 23.5495 0.000252
0 397.4261 500.3661 46.4368 23.2637 0.000182
0 12.4610 10.3856 24.6290 20.7711 0.000180
0 16.0199 25.7615 31.1926 47.8295 0.000131
0 4.2214 55.6243 8.4427 55.1986 0.000089
0 6.4176 32.3346 12.8351 41.5287 0.000076
0 294.3817 351.3881 28.0255 34.5106 0.000058
0 5.0629 24.5741 10.1258 24.0603 0.000038
0 9.7577 23.7314 19.5155 34.2216 0.000033
0 28.0176 40.3806 56.0352 80.7612 0.000032
0 3.1219 34.1455 6.2439 46.4031 0.000031
