0 218.9397 185.3762 16.7115 40.6674 0.900905
0 367.1166 207.6396 21.6677 41.4889 0.890540
0 155.0541 207.3031 18.0601 46.2300 0.885568
0 28.0803 3.2375 17.9644 6.4420 0.005276
0 19.8655 3.5203 26.9332 7.0259 0.002446
0 629.8561 505.6317 20.2278 12.7282 0.001982
0 621.2492 505.9254 37.4887 12.1491 0.000435
0 33.8919 3.7482 28.5963 7.4964 0.000365
0 634.2055 505.3277 11.5211 13.3445 0.000239
0 13.3526 6.9080 26.5756 13.7837 0.000139
0 19.5169 9.9143 27.1964 19.8285 0.000094
0 26.3580 8.2561 16.1531 16.5121 0.000089
0 101.8494 508.0346 26.7468 7.9308 0.000056
0 5.9310 506.4312 11.8620 11.1376 0.000034
0 634.1506 496.7735 11.6987 30.4530 0.000029
