0 431.4433 274.4631 21.1372 45.6089 0.902487
0 297.6456 311.4389 19.7873 42.6457 0.899550
0 256.9452 339.6019 9.8113 44.8552 0.679460
0 251.2046 339.4616 19.8536 46.0871 0.001377
0 257.5000 328.6772 8.5475 25.2302 0.000342
0 299.8700 9.1709 23.2813 18.3361 0.000339
0 90.2388 9.7277 22.9578 19.4554 0.000240
0 262.3842 339.3157 18.2771 44.9874 0.000189
0 254.7939 505.2883 58.2746 13.4234 0.000065
0 289.2463 9.3609 21.3700 18.7031 0.000053
0 330.5143 5.4704 19.3874 10.9407 0.000029
0 250.7445 508.6305 64.0420 6.7390 0.000027
