0 395.9208 260.6519 19.0607 41.1689 0.894008
0 435.6269 227.9523 12.1760 32.5364 0.867648
0 395.7453 218.9723 12.8767 38.3207 0.865941
0 424.6708 210.0222 11.3386 31.2225 0.717773
0 427.1302 214.2678 11.5803 23.5413 0.003589
0 419.0872 211.0930 21.1760 31.5983 0.000657
0 10.9322 499.4013 21.8645 25.1150 0.000304
0 428.0655 224.1343 16.7946 35.6253 0.000229
0 396.4210 210.0859 11.5284 20.9415 0.000145
0 4.5935 103.2341 8.6920 36.0526 0.000114
0 433.6899 219.4402 13.3784 47.0818 0.000107
0 165.8197 509.1371 24.6209 5.7258 0.000100
0 430.2016 209.5851 16.6647 32.7028 0.000076
0 4.2389 84.9579 8.4756 76.5415 0.000059
0 4.9614 116.9720 9.9009 67.1338 0.000050
0 171.6151 507.9458 24.6439 8.1085 0.000037
0 396.4108 273.1260 18.5697 16.7423 0.000037
0 230.8411 190.4984 6.5611 17.2610 0.000028
0 80.0817 502.8726 36.2579 18.2548 0.000027
0 425.9188 200.6114 10.0422 15.6651 0.000026
