0 189.3102 117.8831 18.8634 33.6339 0.891323
0 145.6063 142.0545 13.8473 27.9392 0.852305
0 253.3725 132.9733 13.8194 29.8216 0.833194
0 3.9443 492.7832 7.8834 34.8285 0.010960
0 3.6580 480.2559 7.3160 30.4835 0.005065
0 7.8455 494.4625 15.6910 34.6724 0.001501
0 256.7682 509.4968 20.1539 5.0063 0.000551
0 3.9423 465.8595 7.8846 56.0273 0.000300
0 612.6109 429.6065 22.5746 27.6096 0.000265
0 7.9961 476.0274 15.8176 39.9526 0.000264
0 2.8577 390.8953 5.7153 25.1183 0.000147
0 3.4828 381.0031 6.9656 41.7435 0.000140
0 5.8452 482.9638 11.5617 19.6147 0.000119
0 236.3124 12.7890 21.1848 25.5780 0.000114
0 3.1162 401.2690 6.2325 52.5347 0.000100
0 12.9603 492.1131 25.3080 38.3604 0.000082
0 10.4744 17.7287 20.9488 35.4574 0.000054
0 637.8328 239.6244 4.3344 71.7850 0.000048
0 139.8624 140.7036 23.0661 30.3112 0.000034
