0 398.7064 242.1245 18.1926 47.3815 0.895666
0 342.9817 199.3708 14.2619 36.9019 0.881149
0 234.0268 156.5199 12.9949 37.2208 0.845932
0 212.6880 508.3036 34.6479 7.3927 0.000526
0 94.6357 13.8104 21.0952 27.6207 0.000133
0 221.7636 507.2656 47.0031 9.4688 0.000070
0 199.7605 508.0957 61.5092 7.8084 0.000062
0 166.2783 509.0202 17.8765 5.9595 0.000056
0 210.3345 504.8830 34.9590 14.2340 0.000045
0 398.8797 230.2915 17.5458 23.4544 0.000034
0 132.6642 8.6924 23.5526 17.3849 0.000031
0 634.5058 65.1031 10.1825 61.0599 0.000026
