0 24.8900 247.6383 32.4741 97.4688 0.884991
0 357.1556 293.3039 35.1495 57.1330 0.842927
0 216.6791 271.9053 31.2289 34.5020 0.788526
0 224.5889 247.8955 50.1929 85.1110 0.215617
0 4.1503 251.9763 8.3005 84.8097 0.076644
0 629.0194 18.5086 21.9587 37.0171 0.015900
0 2.4805 255.2756 4.9610 75.4304 0.007975
0 584.7448 3.6691 28.7503 7.3373 0.004263
0 530.5609 244.0001 18.1209 37.2998 0.002383
0 608.7938 18.0824 62.4124 36.1556 0.001513
0 601.3357 5.5797 58.1745 11.1326 0.001346
0 389.9973 288.8023 33.6958 28.4671 0.000846
0 623.3391 25.9798 33.3000 51.9597 0.000782
0 12.7162 249.5600 14.5449 93.7324 0.000516
0 585.8423 7.7385 34.0994 15.4770 0.000468
0 632.5231 26.6651 14.9537 53.3301 0.000424
0 1.8444 232.3450 3.6888 72.3463 0.000362
0 377.7723 293.2679 55.7848 41.0203 0.000339
0 629.8914 39.6267 20.1677 79.2446 0.000300
0 526.5321 262.1272 27.4026 70.2084 0.000278
0 623.5452 13.0648 32.9096 26.1296 0.000263
0 612.3185 11.5544 53.6587 23.1045 0.000237
0 636.5559 286.5185 6.8882 101.7738 0.000175
0 2.8770 284.3440 5.7539 129.5805 0.000164
0 3.4151 226.3653 6.8302 61.4377 0.000159
0 1.3435 220.1656 2.6870 49.6645 0.000156
0 236.0386 253.7379 31.4771 71.4375 0.000154
0 53.9688 507.6726 43.9439 8.6548 0.000137
0 35.4608 253.1646 13.3190 82.4943 0.000126
0 636.2582 24.6271 7.4837 49.2541 0.000111
0 390.4167 287.0203 31.6093 16.4789 0.000091
0 172.8882 4.9904 30.1154 9.9808 0.000088
0 138.6173 8.8966 40.4722 17.7932 0.000082
0 6.5841 253.6671 13.1682 107.5320 0.000075
0 626.8170 7.4565 25.3926 14.9129 0.000061
0 588.7542 12.8348 38.5557 25.6661 0.000059
0 138.0747 179.5251 37.3841 52.4573 0.000051
0 228.0931 273.9073 30.2921 33.2045 0.000045
0 573.1791 4.1067 31.7031 8.2134 0.000043
0 411.5475 291.9869 32.5985 41.6145 0.000039
0 134.4381 17.0337 37.3664 34.0674 0.000038
0 632.9502 389.5644 14.0996 86.6603 0.000037
0 161.8716 6.2382 50.5500 12.4764 0.000036
0 1.4594 200.2148 2.9188 47.2905 0.000032
0 518.7659 272.4889 39.6365 45.7831 0.000031
