0 477.8846 375.2258 19.9593 54.9200 0.898415
0 410.6100 359.4341 28.5053 44.7896 0.896055
0 492.8984 146.9814 20.0263 48.5978 0.895090
0 21.3839 20.7690 42.7408 41.5248 0.059209
0 415.9794 119.0305 17.0890 54.8971 0.023656
0 10.7590 19.3622 21.4970 38.7243 0.001155
0 5.9624 25.3654 11.9247 50.6811 0.000568
0 4.9029 42.9391 9.8057 66.5507 0.000303
0 10.4582 39.8437 20.8996 75.8350 0.000282
0 35.4953 17.7323 48.7220 35.4596 0.000251
0 12.1113 11.3523 24.1134 22.4461 0.000189
0 20.9288 6.6248 40.5589 13.2449 0.000187
0 416.3168 105.0226 16.1952 26.1810 0.000161
0 570.3064 7.3047 21.8262 14.6093 0.000137
0 256.4762 26.7402 34.6357 53.4335 0.000126
0 402.6379 359.4236 13.5721 44.7770 0.000113
0 9.5943 6.7945 19.1886 13.5704 0.000080
0 11.9544 120.7242 23.9088 112.0551 0.000076
0 238.0822 27.0066 38.2045 53.9645 0.000058
0 2.9114 32.8668 5.8228 44.5740 0.000041
0 6.4707 13.1601 12.8648 26.3202 0.000039
0 19.6941 40.1380 38.7347 80.2760 0.000039
0 32.4799 8.1633 45.9287 16.3265 0.000038
0 578.5741 7.4020 33.2407 14.8040 0.000027
