0 377.4802 314.8169 22.6929 46.5261 0.893784
0 319.6989 246.1276 22.1076 42.3191 0.868331
0 331.0651 280.9535 20.1078 20.7248 0.163387
0 336.4738 233.5057 10.7388 22.9742 0.001670
0 331.4892 270.5264 22.2794 41.2976 0.000371
0 447.7710 508.4644 25.5196 7.0711 0.000228
0 328.0737 258.9688 32.3457 69.2089 0.000161
0 503.5642 16.7587 23.0423 33.4897 0.000089
0 303.0891 10.4498 51.5526 20.8362 0.000057
0 322.7326 267.6823 28.3494 43.3293 0.000040
0 325.0852 277.4526 26.9135 28.9789 0.000029
0 489.6666 17.6386 56.5446 35.2772 0.000029
0 107.2082 146.4376 17.8566 21.0206 0.000027
