0 181.2985 298.6996 32.1091 31.9261 0.900101
0 183.6483 213.5459 21.6821 33.1608 0.835465
0 538.8869 8.5011 21.1154 16.9749 0.642927
0 633.7969 174.4803 12.4061 28.9074 0.086287
0 634.0346 159.9191 11.9307 57.7059 0.013080
0 549.2897 8.4136 42.1584 16.7957 0.005504
0 633.3527 185.0407 13.2929 40.1744 0.002355
0 621.3925 156.4417 37.1351 65.7084 0.002209
0 613.3816 174.5830 53.1804 34.6432 0.001113
0 331.6036 270.1774 28.1491 27.1987 0.000987
0 636.0800 185.4780 7.8400 44.8415 0.000986
0 527.6011 9.1473 42.9604 18.2946 0.000932
0 595.0777 180.9633 17.5125 16.1555 0.000722
0 526.5836 410.9966 33.2248 31.3731 0.000673
0 637.1570 153.2216 5.6860 66.6737 0.000134
0 620.8888 176.1343 37.9114 25.5693 0.000083
0 6.7958 417.6132 13.5916 19.7218 0.000040
0 7.3661 394.5656 14.7321 56.9791 0.000038
0 178.2643 207.5527 11.2292 21.3469 0.000031
