0 174.8692 435.5908 65.4008 152.6856 0.897090
0 3.8492 359.0760 7.6984 58.0330 0.005871
0 619.6671 279.5434 29.2190 33.8627 0.002709
0 12.4008 354.1196 24.8016 51.1958 0.002016
0 7.9795 365.3402 15.9591 65.3556 0.001381
0 319.5416 365.2745 26.8358 59.2611 0.000517
0 270.9092 250.9430 33.1376 110.3643 0.000512
0 5.3330 380.3043 10.6660 107.1859 0.000172
0 90.1159 16.3706 26.3736 32.6830 0.000168
0 9.5995 377.8045 19.1990 106.9128 0.000161
0 3.0734 337.2545 6.1468 79.9055 0.000127
0 1.8636 343.3467 3.6926 66.1453 0.000054
0 339.0444 269.3348 38.6631 118.5952 0.000050
0 629.5333 160.0194 20.1307 53.6032 0.000048
0 101.4456 321.4707 12.4738 26.7637 0.000046
0 636.4899 423.3844 7.0201 45.6042 0.000042
0 422.9377 434.1259 22.2918 24.5828 0.000040
0 532.0988 7.7702 35.6561 15.5404 0.000040
0 147.7710 508.2707 40.4634 7.4586 0.000037
0 2.9812 171.4207 5.9623 52.7261 0.000036
0 462.2448 326.3550 21.1488 15.4217 0.000036
0 636.9001 443.7564 6.1996 54.8946 0.000033
0 528.5186 385.2685 16.3350 28.5532 0.000030
0 556.9037 508.6754 24.0892 6.6492 0.000027
