0 273.2063 207.7160 21.8414 49.1511 0.841660
0 176.5317 504.2971 26.7402 15.3858 0.026727
0 637.2535 343.4198 5.4929 58.6310 0.012417
0 408.7649 290.8742 23.2003 17.2463 0.002394
0 636.0054 320.9542 7.9704 78.6804 0.001987
0 636.5051 357.0316 6.9898 94.2756 0.001765
0 492.7048 92.2691 37.5301 66.0255 0.001503
0 163.7996 504.8368 41.8108 14.3265 0.001351
0 386.3676 126.9897 34.9396 63.1482 0.001343
0 401.1288 103.7321 61.5221 66.6090 0.001178
0 12.5617 421.2368 25.1112 77.3130 0.001042
0 188.4913 505.3263 43.7433 13.3472 0.000651
0 637.6133 325.6503 4.7734 67.8746 0.000607
0 622.8855 23.1368 34.2290 46.0970 0.000530
0 637.2037 232.7370 5.5926 49.9438 0.000442
0 144.4447 505.0706 24.9889 13.7640 0.000393
0 637.0485 250.2699 5.9031 52.4450 0.000358
0 632.5798 339.9350 14.7524 62.1827 0.000325
0 627.4348 158.4378 25.1133 73.4439 0.000317
0 636.9737 391.7822 6.0524 64.7490 0.000306
0 385.3723 110.1354 28.2640 31.3024 0.000284
0 11.8513 403.3561 23.6581 41.6903 0.000278
0 627.1197 134.4803 25.3997 49.6487 0.000249
0 137.2268 502.7975 37.1284 18.4051 0.000217
0 636.9389 412.0982 6.1221 52.1478 0.000196
0 129.9904 505.9832 33.4254 11.9994 0.000181
0 169.0578 499.8839 38.1399 23.7416 0.000114
0 631.9086 316.3456 16.0653 76.0638 0.000103
0 584.9663 69.8208 29.2930 49.2007 0.000087
0 397.1281 111.2769 52.4972 39.5028 0.000081
0 98.3001 506.0848 24.2070 11.8304 0.000076
0 274.5451 23.5876 37.7414 30.5592 0.000073
0 9.9795 447.8405 19.9591 128.3189 0.000072
0 635.6139 415.5618 8.7722 63.5215 0.000067
0 485.3378 212.2293 33.6843 86.4861 0.000064
0 452.2400 161.3603 26.7061 24.4807 0.000064
0 625.2105 44.3588 29.5072 83.2503 0.000059
0 631.1964 121.2402 17.4009 59.8114 0.000056
0 626.7603 506.4880 26.4794 11.0240 0.000049
0 630.6466 503.0071 18.7068 17.9858 0.000045
0 622.3752 173.6509 34.3608 105.3290 0.000042
0 455.9219 94.7990 29.7759 59.0036 0.000039
0 635.5933 400.7530 8.5709 29.6548 0.000039
0 614.5813 36.4176 21.6791 24.3465 0.000038
0 632.7883 506.3858 14.4235 11.2285 0.000037
0 635.6675 197.6201 8.6649 108.1840 0.000037
0 631.5380 467.0400 16.9240 40.1068 0.000036
0 474.3176 474.1032 47.6361 67.0242 0.000035
0 637.4583 397.3261 5.0834 33.7688 0.000035
0 12.5822 249.1764 25.1644 36.6029 0.000034
0 630.8860 146.7276 17.9532 58.6330 0.000032
0 633.6907 487.4242 12.6187 47.0447 0.000031
0 500.0029 287.3411 15.1473 19.8489 0.000031
0 634.1359 431.7512 11.7283 100.4642 0.000030
0 636.6052 123.3194 6.7410 60.0093 0.000028
0 636.2546 157.1925 7.4908 65.3795 0.000026
0 633.6470 166.0176 12.4359 94.3520 0.000026
0 631.8055 240.9402 16.1528 51.7417 0.000025
