0 190.5064 228.5218 28.0965 118.2453 0.880068
0 517.2757 95.8856 38.9407 81.5079 0.005009
0 317.1443 505.2905 38.6366 13.4190 0.003536
0 495.9426 9.4188 35.3145 18.6380 0.002475
0 625.0524 347.8606 29.8656 161.5752 0.000606
0 636.1553 166.0378 7.6894 86.8476 0.000372
0 518.5139 123.9407 30.9920 26.3167 0.000254
0 470.2262 188.5277 32.4121 39.2105 0.000225
0 422.4819 342.0957 27.4016 18.7059 0.000216
0 635.4338 320.7130 9.0650 75.7364 0.000205
0 633.0048 139.9298 13.9904 76.7998 0.000192
0 636.4611 296.8879 7.0726 72.4266 0.000176
0 631.9193 327.0534 16.0717 75.2197 0.000171
0 139.1615 506.5598 34.6781 10.8804 0.000121
0 631.7518 112.6761 16.4963 89.7752 0.000119
0 346.3957 505.6970 52.7686 12.6061 0.000110
0 636.9597 316.8104 6.0806 46.9099 0.000095
0 635.3570 494.4635 9.2861 35.0729 0.000093
0 631.6727 201.7993 16.5040 142.0671 0.000067
0 506.7308 8.5197 43.0352 17.0044 0.000064
0 325.0717 502.1450 44.2749 19.1628 0.000063
0 213.7181 15.4145 39.3840 30.7107 0.000057
0 138.2103 468.3687 37.8131 87.1677 0.000056
0 303.3641 502.3422 54.0857 19.3158 0.000054
0 637.3919 301.8793 5.2162 46.7000 0.000052
0 634.2340 86.4645 11.5320 134.0847 0.000048
0 479.9081 11.0742 60.8361 21.6980 0.000047
0 635.6465 307.7162 8.5358 43.3727 0.000045
0 636.2866 478.3801 7.4268 67.2397 0.000045
0 2.0334 238.9358 4.0669 61.4071 0.000041
0 562.9760 4.4232 31.1885 8.8465 0.000040
0 626.7717 344.7274 25.6809 62.8507 0.000037
0 190.2220 182.9714 24.3844 28.5663 0.000036
0 635.2097 454.4347 9.5806 115.1306 0.000036
0 182.4165 480.1411 36.2632 63.6667 0.000034
0 631.4734 28.0971 17.0533 56.1942 0.000034
0 502.8123 94.8433 49.4528 83.7818 0.000032
0 137.5309 500.5335 35.1765 22.9329 0.000031
0 515.9435 145.8641 33.1027 69.8261 0.000030
0 631.6652 307.9261 16.1660 59.9852 0.000027
0 2.3048 260.9039 4.5500 85.6072 0.000026
0 636.7242 202.7480 6.5515 117.5460 0.000025
