0 374.5181 337.1264 47.0576 71.0291 0.902188
0 385.6083 283.8760 34.0744 69.2381 0.884628
0 11.8140 330.3035 23.6192 113.8033 0.864927
0 424.4883 476.3831 32.5898 71.2338 0.032482
0 117.7536 351.3544 33.1533 52.6275 0.012591
0 620.4251 348.3012 38.9413 92.6535 0.003911
0 625.2490 296.1228 29.3768 66.7736 0.001868
0 635.1171 356.1504 9.7655 102.1304 0.001258
0 4.0759 362.9904 8.1518 56.9050 0.001156
0 610.1223 340.0782 26.6862 71.0080 0.001019
0 6.5466 374.2011 13.0932 67.3688 0.000461
0 7.7373 352.5241 15.4745 56.7044 0.000460
0 4.5948 299.8309 9.1897 52.0374 0.000367
0 636.0359 334.1832 7.9168 75.2298 0.000344
0 630.0022 276.8684 19.9955 78.1661 0.000300
0 77.5980 507.9414 31.4197 8.1171 0.000268
0 633.8312 286.5066 12.3061 64.8353 0.000226
0 331.5225 501.8414 42.7781 20.3172 0.000194
0 633.4285 496.8120 13.1429 30.3262 0.000180
0 631.8976 345.5878 16.1931 87.0020 0.000165
0 635.9760 397.7863 8.0479 93.5019 0.000158
0 7.4161 444.1980 14.8322 73.7878 0.000156
0 9.3935 307.9454 18.7871 68.4637 0.000153
0 458.2799 487.1678 29.1489 49.4272 0.000148
0 5.3547 337.3538 10.7095 79.0857 0.000142
0 7.5781 370.4833 15.1560 157.1677 0.000134
0 635.0579 310.6115 9.8842 56.9424 0.000132
0 635.7102 476.4013 8.5797 56.2171 0.000131
0 426.8207 496.0260 32.8771 31.8827 0.000129
0 420.9254 506.8260 27.3332 10.3478 0.000126
0 197.9052 296.0523 17.0068 24.8731 0.000125
0 88.0793 506.7051 41.4417 10.5897 0.000123
0 635.2639 433.0394 9.4618 102.4347 0.000114
0 2.2577 289.5020 4.5154 31.6367 0.000101
0 527.4619 504.0925 34.6488 15.8016 0.000101
0 624.9000 312.6592 27.7427 25.5026 0.000093
0 500.3893 501.8597 37.2102 20.2186 0.000088
0 636.0328 297.5643 7.9344 63.2766 0.000082
0 369.9279 504.8184 26.2736 14.3306 0.000078
0 515.1779 502.8885 29.9714 18.2230 0.000077
0 636.7583 259.5700 6.4834 85.6776 0.000074
0 579.0259 7.5056 24.6682 15.0112 0.000073
0 637.3978 369.7960 5.2043 91.9458 0.000072
0 624.6663 323.1886 30.4295 47.8552 0.000071
0 3.5500 285.4291 7.1000 23.3185 0.000071
0 385.7958 342.6650 25.9586 59.6932 0.000068
0 552.9812 506.2288 23.1062 11.5422 0.000064
0 7.0999 470.5573 14.1998 80.3332 0.000064
0 383.3080 309.1407 34.2106 22.4785 0.000056
0 634.8554 488.2957 10.2892 41.4369 0.000056
0 3.4999 165.9322 6.9999 46.2666 0.000048
0 626.5308 268.7653 26.9384 106.1579 0.000048
0 3.2412 178.8518 6.4823 35.3315 0.000044
0 637.5958 316.7210 4.8083 85.8946 0.000044
0 420.9962 502.5012 28.9524 18.9913 0.000042
0 205.3608 501.8973 44.1043 20.2054 0.000041
0 79.2494 504.5687 35.0479 14.8627 0.000041
0 3.4798 387.0074 6.9596 86.3532 0.000039
0 547.3408 508.0854 23.8175 7.8292 0.000034
0 627.2438 362.5147 25.4314 120.5055 0.000032
0 339.2271 504.1601 32.9050 15.6798 0.000032
0 64.8801 507.4925 39.5923 9.0150 0.000031
0 190.4247 191.5304 28.0250 36.8029 0.000030
0 560.6080 506.8521 27.0863 10.2438 0.000029
0 6.1665 498.9949 12.3331 26.0102 0.000029
0 181.7270 9.1306 35.4143 18.2611 0.000028
0 2.4075 439.2213 4.8151 67.6119 0.000027
0 492.2670 503.9200 26.4153 16.1343 0.000027
0 287.2028 274.1729 18.0370 81.5529 0.000025
