0 145.7652 342.2735 46.7017 114.6252 0.882198
0 601.1727 281.3400 41.6994 97.3119 0.879864
0 333.9983 295.2699 31.8575 64.2409 0.869236
0 626.5652 204.6500 26.8696 60.6739 0.011378
0 16.6345 501.0616 31.9195 21.8770 0.007751
0 4.0311 493.9476 8.0621 36.1047 0.005026
0 555.9972 388.0703 28.5088 53.4596 0.003817
0 65.5608 499.4389 34.1141 25.1191 0.003282
0 236.8511 506.6207 27.0000 10.7380 0.003163
0 6.2185 500.7237 12.4191 22.5014 0.002808
0 68.3521 506.3583 30.1649 11.2835 0.001994
0 12.3813 484.8997 24.7302 54.1720 0.001740
0 3.4783 473.7028 6.9565 76.5944 0.001457
0 618.9416 209.2637 41.3775 67.4927 0.001355
0 240.2170 257.5824 21.5149 33.7265 0.001191
0 125.8369 476.8546 37.7287 70.2018 0.000870
0 49.9367 498.5638 61.9935 26.7263 0.000692
0 10.7641 504.4106 21.5281 15.1787 0.000592
0 227.4792 504.8500 41.7798 14.3001 0.000557
0 76.4194 495.9308 35.0722 32.0568 0.000522
0 565.9753 499.9654 36.4309 24.0403 0.000500
0 636.1230 193.5143 7.7538 42.0550 0.000475
0 35.4870 27.6861 34.8472 55.3538 0.000473
0 247.1776 505.4091 40.8146 13.1636 0.000366
0 32.2225 499.7490 63.4597 24.2812 0.000344
0 634.4995 212.3163 11.0010 77.9082 0.000316
0 26.4193 501.6436 17.4679 20.3968 0.000302
0 83.8866 469.3472 49.1210 85.3028 0.000298
0 136.7400 495.9441 51.2960 32.0723 0.000269
0 326.7820 272.3298 18.1751 21.3810 0.000223
0 69.5891 486.0414 44.0344 51.8794 0.000198
0 81.7716 504.3994 42.4415 15.2013 0.000190
0 636.2649 277.0514 7.4701 76.5299 0.000188
0 205.3205 504.1331 34.6622 15.7339 0.000181
0 631.0842 186.8972 17.8316 30.3947 0.000161
0 631.1069 236.0004 17.7864 109.2036 0.000160
0 635.7812 498.8415 8.4375 26.0312 0.000159
0 270.4765 507.1700 29.2446 9.6601 0.000154
0 140.8707 504.5244 51.4289 14.9511 0.000154
0 217.1371 505.5223 43.9062 12.9384 0.000151
0 634.0740 187.0357 11.8521 68.7267 0.000148
0 501.4290 497.7769 43.0077 28.4461 0.000139
0 221.7648 500.7543 47.5837 22.4098 0.000131
0 23.3093 27.4073 46.6185 54.7753 0.000128
0 339.8313 309.1495 21.3512 35.5402 0.000119
0 636.4435 414.2341 7.1129 80.1198 0.000114
0 604.9824 234.1317 19.0014 20.9104 0.000113
0 256.6886 507.2060 43.7810 9.5398 0.000112
0 326.8880 285.8286 19.1554 43.5227 0.000110
0 622.4907 239.5498 35.0186 130.1155 0.000109
0 235.4896 501.1864 21.2703 21.1300 0.000108
0 636.1432 474.4487 7.6712 67.7045 0.000104
0 634.8677 444.1273 10.2646 131.1981 0.000098
0 610.1773 224.5913 29.5255 40.7946 0.000097
0 612.4025 276.3297 19.8470 85.0542 0.000095
0 625.4043 468.1861 29.0312 73.1898 0.000086
0 6.2551 19.7660 12.5101 39.2299 0.000083
0 317.0376 7.9930 26.0065 15.9844 0.000083
0 316.9648 487.0985 33.8488 49.7571 0.000081
0 142.6849 472.6849 64.5602 78.6302 0.000077
0 92.3600 449.6890 25.9756 44.2944 0.000077
0 81.8545 481.5111 38.9734 60.9015 0.000076
0 573.1541 505.3303 25.4763 13.3394 0.000075
0 634.6107 254.6006 10.7784 104.1098 0.000074
0 598.0903 498.9328 39.7886 25.5184 0.000072
0 322.6264 497.3176 39.2509 29.3589 0.000070
0 636.6614 181.5630 6.6771 34.4523 0.000069
0 2.6460 434.7680 5.2919 96.1737 0.000068
0 629.5249 444.9915 20.9502 126.7518 0.000067
0 236.3747 496.7811 30.6766 30.4379 0.000067
0 34.2358 501.0226 32.8888 21.9547 0.000066
0 243.8438 499.7531 33.5938 24.4938 0.000055
0 629.9083 270.2223 20.1834 80.7240 0.000055
0 546.4507 505.4576 25.9353 13.0242 0.000052
0 172.6466 441.0854 16.7684 20.9115 0.000051
0 578.5477 500.5388 37.9949 22.6250 0.000050
0 392.7246 3.7350 21.9286 7.4040 0.000044
0 154.3634 370.8628 31.1192 57.9774 0.000043
0 47.0206 484.7346 68.1418 54.5308 0.000043
0 630.6125 235.3332 18.7748 41.6304 0.000041
0 636.9730 490.6536 6.0503 42.5603 0.000041
0 10.4958 460.6903 20.9916 102.6193 0.000041
0 355.2194 275.8029 23.8371 31.9873 0.000041
0 410.0282 507.8963 36.0823 8.2074 0.000041
0 628.8272 503.9799 22.3456 16.0401 0.000038
0 611.2861 499.5167 36.2466 23.9595 0.000037
0 4.8826 389.0724 9.7652 118.9597 0.000036
0 332.3827 251.2622 39.8340 72.0526 0.000035
0 284.3960 506.4809 35.9229 11.0381 0.000035
0 64.7489 484.1582 23.8503 55.6837 0.000034
0 632.2490 472.1003 15.3403 68.7095 0.000034
0 356.5630 290.4138 24.6201 55.1898 0.000034
0 512.3489 499.9081 46.8026 24.1838 0.000032
0 552.2080 502.2418 38.2422 19.5164 0.000031
0 637.6807 288.6290 4.6386 51.9297 0.000030
0 609.4471 506.8270 29.2910 10.2675 0.000030
0 537.5754 122.9089 33.9141 61.8160 0.000030
0 499.0671 504.0717 38.9734 15.8566 0.000029
0 123.8503 494.7068 39.7647 34.3888 0.000029
0 629.3824 492.8574 21.0046 38.2115 0.000029
0 637.0468 208.1850 5.9064 68.9059 0.000029
0 197.9821 500.4116 40.1843 23.0665 0.000029
0 310.2280 499.9498 41.6555 24.1003 0.000028
0 92.7515 490.1349 61.3572 43.6472 0.000027
0 16.8252 387.4347 33.6503 117.4117 0.000026
0 633.1254 283.0669 13.6299 66.8740 0.000025
