0 282.8362 217.8962 50.6100 126.2125 0.897406
0 443.9399 213.6719 46.4393 156.5909 0.891415
0 6.3879 86.5185 12.7757 114.3182 0.123991
0 174.9952 250.9761 31.2561 95.5850 0.009906
0 237.1088 200.2805 25.6327 31.5374 0.006961
0 7.1524 314.8938 14.3049 66.9220 0.006511
0 5.9052 61.7538 11.8103 81.5479 0.005048
0 7.7791 339.8388 15.5583 86.1859 0.004021
0 5.6688 126.3735 11.3375 82.0008 0.002493
0 228.8423 198.2887 28.5537 27.6877 0.001647
0 235.4512 193.7272 22.7134 17.5958 0.001010
0 4.6060 41.0613 9.2120 67.2524 0.000989
0 231.5028 196.4836 16.4878 23.9541 0.000274
0 280.7483 246.9369 46.0245 66.1398 0.000230
0 98.9588 505.0017 28.2929 13.9964 0.000211
0 231.2334 6.8312 36.9036 13.6624 0.000208
0 144.8011 199.9763 19.7628 26.0889 0.000165
0 300.3408 507.5659 31.2889 8.8681 0.000155
0 310.5974 507.0623 26.0506 9.8477 0.000129
0 14.1575 304.4186 27.4201 79.7294 0.000112
0 247.3569 229.6751 45.6541 90.8167 0.000107
0 292.8315 258.6193 20.6989 41.0471 0.000096
0 277.1940 508.4936 32.1471 6.9730 0.000094
0 8.9962 290.9453 17.9923 121.2041 0.000091
0 432.8762 141.5217 18.9380 15.3559 0.000084
0 2.2376 126.3696 4.4752 54.7050 0.000066
0 2.5288 39.4870 5.0577 54.6022 0.000065
0 83.4865 506.0197 43.3049 11.9606 0.000063
0 8.5369 32.7221 17.0739 64.7595 0.000059
0 390.8272 508.9764 23.8744 6.0437 0.000059
0 4.2582 155.8657 8.5164 86.5171 0.000055
0 331.1237 508.2025 23.6707 7.5950 0.000053
0 382.9401 508.0201 37.4252 7.9598 0.000051
0 164.5747 238.1085 53.4454 102.9846 0.000049
0 116.2143 14.7415 24.9564 29.4829 0.000043
0 237.9937 222.8652 29.3477 76.3114 0.000037
0 216.2948 6.8160 45.5297 13.4112 0.000035
0 318.5870 508.0190 27.1497 7.9619 0.000034
0 364.5505 508.2286 21.6380 7.5427 0.000034
0 23.2530 507.5658 35.3456 8.8684 0.000033
0 289.1628 508.2472 41.6931 7.5057 0.000033
0 106.9984 11.7932 27.0007 23.5863 0.000032
0 435.1661 160.2719 29.4689 49.7473 0.000031
0 7.0674 503.8209 14.1349 16.3582 0.000030
0 109.0185 505.1986 36.7584 13.3618 0.000029
0 14.4308 53.4933 28.0962 100.8805 0.000029
0 264.0331 507.4622 43.0527 9.0756 0.000027
0 17.0269 289.0310 34.0538 131.2897 0.000026
0 218.2289 222.0623 48.4268 76.4543 0.000025
