0 254.0975 265.1284 44.0849 108.6941 0.875974
0 326.0167 297.2494 28.3138 92.3892 0.855919
0 347.6712 256.7851 28.5979 41.4761 0.848963
0 6.3968 205.0794 12.7935 62.2941 0.046869
0 6.4608 186.4089 11.9417 21.4930 0.036485
0 635.5607 425.2128 8.8783 63.8124 0.009495
0 626.5325 330.9633 23.8559 65.6469 0.007631
0 257.8794 227.9146 42.1234 35.6635 0.004733
0 636.0456 458.9117 7.9088 102.5665 0.002020
0 15.5631 322.6770 27.4070 84.8701 0.001891
0 5.9327 173.0225 11.7112 50.0647 0.001580
0 636.2881 482.1921 7.4236 58.2155 0.001381
0 516.4796 481.7312 23.0190 60.3249 0.001301
0 4.2504 227.9483 8.5007 99.7711 0.001137
0 2.7101 321.9872 5.4201 75.5448 0.000735
0 5.8845 321.3230 11.7111 80.8346 0.000708
0 378.3427 506.4637 28.3432 11.0620 0.000651
0 632.7532 445.1792 14.4662 101.5216 0.000441
0 632.5693 406.4934 14.8615 64.6544 0.000313
0 367.3014 505.4458 38.2135 13.1083 0.000300
0 588.8917 437.4869 18.0894 22.7519 0.000258
0 329.4927 499.8646 27.5486 23.8064 0.000239
0 631.5923 482.2925 16.7904 59.1639 0.000236
0 12.5776 186.9398 23.1539 21.9424 0.000199
0 636.1298 395.6831 7.7404 83.0562 0.000179
0 637.3423 416.5014 5.3154 55.9944 0.000162
0 512.5328 504.6534 28.6839 14.6487 0.000157
0 267.2587 505.2063 19.4423 13.5873 0.000133
0 525.3083 500.3294 38.1110 23.3125 0.000120
0 622.9388 346.4686 31.2764 98.0616 0.000116
0 283.2254 191.6054 20.8378 27.4377 0.000114
0 637.7798 330.5463 4.4403 59.4464 0.000112
0 4.1098 261.3661 8.2195 110.5424 0.000102
0 627.1150 316.4827 18.8055 37.1411 0.000098
0 579.4478 469.2169 45.2078 85.5661 0.000077
0 12.9599 202.0247 25.6127 52.0329 0.000069
0 143.4621 5.8054 34.5887 11.6108 0.000055
0 9.1171 232.3109 18.2194 115.9232 0.000054
0 632.8103 335.0302 14.3794 71.6742 0.000051
0 94.0697 189.4692 22.7181 46.9916 0.000051
0 7.8816 308.0892 15.6442 62.3083 0.000048
0 212.7500 3.7967 26.0475 7.5429 0.000046
0 1.6996 264.2362 3.3991 88.0902 0.000039
0 621.2878 482.3228 37.4243 58.8555 0.000038
0 2.4422 85.4657 4.8844 58.3392 0.000036
0 2.7783 279.4086 5.5567 100.2197 0.000034
0 252.1148 294.6726 37.8931 45.3700 0.000034
0 372.9086 508.1063 30.6501 7.7875 0.000033
0 35.7612 9.7908 26.3708 19.5817 0.000032
0 92.1305 173.7443 22.1386 41.5295 0.000032
0 381.8239 435.4440 41.4348 54.5096 0.000031
0 331.3526 325.5130 34.8208 38.3700 0.000030
0 327.7509 266.4931 27.9540 35.9987 0.000030
0 555.8535 489.2445 34.2075 45.5109 0.000028
0 526.3804 506.2066 27.3094 11.5869 0.000028
0 274.3310 505.7041 27.5085 12.5919 0.000027
0 2.5167 299.2460 4.9896 54.7946 0.000027
0 508.4203 494.2112 38.5405 35.5776 0.000027
0 637.2727 458.2864 5.4547 72.8940 0.000026
0 632.5535 499.3756 14.8929 25.2488 0.000026
0 594.4033 473.7628 43.4015 76.4744 0.000026
