0 307.8639 223.8595 43.0632 99.6532 0.893476
0 277.6010 165.4051 39.4424 38.8937 0.853028
0 547.0598 75.0332 18.1950 37.6711 0.005212
0 637.1680 478.8461 5.6639 62.6188 0.001159
0 505.9802 499.8827 31.2189 24.2342 0.001079
0 423.4545 507.9040 31.2658 8.1920 0.000837
0 634.5572 482.9883 10.8856 58.0234 0.000757
0 2.7069 156.2492 5.4137 75.1278 0.000693
0 576.6559 494.5056 35.8267 34.9755 0.000692
0 355.5310 498.7771 35.6239 26.4458 0.000373
0 413.8607 507.2271 34.8750 9.5459 0.000347
0 594.1183 498.8942 52.8961 26.1632 0.000264
0 494.3062 499.1261 39.5131 25.7480 0.000228
0 637.3706 417.4182 5.2586 112.9405 0.000218
0 184.5572 139.8968 18.5190 68.6070 0.000167
0 1.9755 146.9790 3.9510 68.1980 0.000158
0 628.5895 484.4457 22.7250 55.0268 0.000150
0 302.0557 186.2767 33.0798 25.2116 0.000147
0 637.0617 385.6162 5.8766 81.6129 0.000141
0 636.8587 367.9156 6.2825 69.8929 0.000140
0 623.4618 337.2465 33.0764 67.3458 0.000119
0 633.7667 362.4601 12.2602 63.5990 0.000113
0 7.8235 149.6317 15.6469 79.3499 0.000103
0 567.1613 488.6124 47.9734 46.7752 0.000099
0 297.5453 156.0288 17.4657 23.6684 0.000095
0 401.7271 505.0187 44.4720 13.9408 0.000090
0 1.6434 165.0718 3.2869 48.4655 0.000086
0 310.3552 181.0383 29.3896 21.6471 0.000084
0 338.1696 185.0933 12.1494 20.1882 0.000080
0 188.1627 151.7098 12.8106 45.6770 0.000078
0 634.4507 340.1227 11.0985 80.3763 0.000076
0 303.3428 171.1132 24.0693 37.1666 0.000069
0 3.2755 183.2216 6.5511 109.9317 0.000065
0 519.0074 499.8062 45.7303 24.3875 0.000054
0 637.8806 468.2748 4.2388 60.4724 0.000051
0 294.2356 162.9731 21.2321 33.7941 0.000050
0 637.1693 448.4064 5.6614 90.5098 0.000049
0 348.3000 504.6247 37.1037 14.7506 0.000046
0 624.1310 361.9270 31.7379 55.9570 0.000041
0 636.6016 155.0384 6.7969 57.9097 0.000041
0 583.0507 503.1805 35.3396 17.6390 0.000041
0 635.3742 136.8858 9.2516 81.5596 0.000040
0 277.9603 182.8324 40.8115 76.6761 0.000038
0 501.3077 201.3330 23.8610 58.1229 0.000037
0 362.4890 502.1646 36.9205 19.6708 0.000036
0 4.4104 119.5092 8.8208 118.0750 0.000035
0 190.2665 163.9235 12.5543 25.0298 0.000034
0 622.0280 380.3278 35.7683 78.8977 0.000034
0 637.7558 328.2780 4.4884 70.3240 0.000030
0 518.7933 486.0718 46.0314 51.8564 0.000029
0 636.6727 233.9237 6.6546 67.6416 0.000028
0 3.2693 136.7470 6.5387 72.4697 0.000026
0 307.7883 193.9606 40.5726 40.5437 0.000025
