0 316.7742 246.0583 39.4096 109.8843 0.728508
0 286.1336 168.6749 34.9870 49.4548 0.622353
0 630.7162 488.2619 18.5677 47.0656 0.006050
0 284.8781 159.2355 30.5098 31.8633 0.003493
0 316.1949 214.4141 36.7957 44.3801 0.003434
0 293.6696 183.1531 22.9719 62.0229 0.001126
0 312.4968 205.1120 27.4840 29.9069 0.001058
0 279.9666 188.8748 45.0106 91.6440 0.000887
0 633.8633 457.3591 12.2733 95.8468 0.000786
0 350.9109 504.3277 39.5712 15.3446 0.000520
0 403.9841 270.8726 18.9584 30.5859 0.000396
0 294.7353 163.3756 19.6566 39.3621 0.000270
0 186.9785 177.6854 8.7234 22.7953 0.000253
0 252.5999 291.5357 18.9993 59.1005 0.000201
0 315.8509 278.2198 36.5373 48.7778 0.000167
0 300.5565 186.4597 23.4022 72.4019 0.000145
0 218.2127 142.3605 21.5776 47.4558 0.000139
0 621.7603 485.6828 36.4793 51.9387 0.000136
0 628.1665 184.6435 23.5217 41.7923 0.000116
0 634.8079 344.7635 10.3842 82.7299 0.000073
0 425.1628 299.4301 61.1313 89.9623 0.000072
0 572.5800 504.7824 35.2480 14.4352 0.000064
0 290.0126 145.2455 22.3969 21.4242 0.000061
0 505.7972 507.6093 43.2415 8.7815 0.000061
0 635.3620 367.2695 9.2759 50.6293 0.000059
0 278.7052 162.2311 40.8739 41.2825 0.000050
0 107.5645 127.5914 19.0519 18.1324 0.000048
0 631.7491 432.2732 16.5018 149.2636 0.000044
0 422.9386 509.1021 26.8307 5.7958 0.000041
0 628.0400 199.5230 23.9200 91.1703 0.000041
0 521.7291 115.9109 15.2985 23.4699 0.000039
0 298.4789 169.1437 30.6935 49.7919 0.000035
0 622.6730 457.7807 34.6540 102.6283 0.000032
0 306.4933 187.8141 28.0496 43.7225 0.000032
0 173.4196 104.6105 22.4072 19.8936 0.000032
0 634.8063 485.5205 10.3875 48.1870 0.000032
0 635.1767 424.1664 9.6466 145.9000 0.000030
0 175.6122 139.5994 21.9155 88.8050 0.000030
0 362.1547 506.4060 44.3954 11.1879 0.000029
0 173.2369 4.7958 29.9561 9.5916 0.000027
