0 245.0159 218.4056 25.8366 105.9623 0.893487
0 9.0591 195.9529 18.1182 90.2340 0.001228
0 5.9539 208.3091 11.9069 70.5880 0.001035
0 317.4785 297.9639 47.1000 57.8462 0.000826
0 17.6417 400.2652 34.8321 70.3050 0.000390
0 6.8675 396.2316 13.7351 80.0587 0.000372
0 16.7691 367.0429 33.5013 124.4206 0.000319
0 4.0321 432.1359 8.0641 62.2123 0.000230
0 2.6719 215.8146 5.3437 71.4728 0.000187
0 9.9213 218.2178 19.8426 74.5706 0.000134
0 324.6602 299.0108 26.5005 57.0631 0.000114
0 3.8431 358.6087 7.6862 126.8365 0.000111
0 627.2772 410.7563 25.4457 98.3440 0.000106
0 1.6619 76.6445 3.3238 52.7017 0.000100
0 18.0628 5.7454 35.6771 11.4906 0.000087
0 9.0603 495.5014 18.1206 32.8051 0.000087
0 3.2127 326.4367 6.4254 72.3131 0.000081
0 8.9093 108.3079 17.8186 65.3485 0.000076
0 634.8605 293.8328 10.2790 67.3691 0.000074
0 4.1191 190.2895 8.2382 74.2310 0.000074
0 3.0986 387.6201 6.1973 55.3217 0.000051
0 4.9600 330.4178 9.9199 92.9373 0.000043
0 1.7030 308.5689 3.4061 66.6495 0.000040
0 627.7480 378.6907 24.5040 82.6567 0.000039
0 5.5668 413.3983 11.1336 82.6896 0.000035
0 1.7262 232.5235 3.4523 89.4071 0.000030
0 26.4899 498.5829 51.6214 26.8342 0.000029
0 638.2737 344.7693 3.4526 51.6779 0.000027
0 17.1684 330.1851 34.3368 87.0590 0.000025
