0 336.5960 215.7955 35.5832 77.9918 0.889729
0 521.5649 211.6741 24.2631 58.4398 0.069482
0 331.9421 181.5303 19.0230 32.0244 0.016875
0 515.5700 495.3978 36.4262 33.2036 0.010956
0 628.4640 201.7159 22.9293 34.1102 0.005243
0 623.9014 192.2400 17.7880 34.1474 0.004255
0 8.1959 325.7197 16.3918 53.8623 0.003515
0 628.2792 217.8740 23.4386 53.4129 0.002064
0 354.1491 394.4044 41.1956 78.8562 0.001803
0 6.9044 301.2081 13.8065 53.6209 0.001678
0 637.3346 192.2123 5.3307 40.9013 0.001640
0 459.5236 501.2136 36.4037 21.5728 0.001421
0 464.5405 503.7332 29.3789 16.5189 0.001018
0 475.9201 503.7188 37.2942 16.5624 0.000966
0 258.2634 6.4583 36.5686 12.9164 0.000931
0 376.8494 235.7650 20.0760 26.5067 0.000851
0 403.5236 499.4207 43.2484 25.1587 0.000775
0 627.8037 203.1140 22.2532 18.7010 0.000735
0 637.4250 173.6285 5.1499 62.5200 0.000689
0 408.5503 505.6256 38.5733 12.7477 0.000597
0 396.4452 505.8827 35.8961 12.2201 0.000565
0 453.3780 496.2440 48.4630 31.5119 0.000490
0 388.6826 480.2225 29.6644 54.8221 0.000405
0 502.6324 496.1957 32.4924 31.4546 0.000372
0 484.3218 496.9363 52.5679 30.1064 0.000334
0 410.7496 491.3013 41.5778 41.3247 0.000311
0 469.8446 494.4336 31.4873 35.0416 0.000286
0 635.2423 193.2474 9.5153 37.9216 0.000269
0 245.4904 6.0716 30.1991 12.1432 0.000263
0 317.5525 179.7841 28.0287 25.5313 0.000260
0 189.4871 139.3584 19.2170 44.5449 0.000231
0 393.8115 501.9879 33.3186 20.0242 0.000229
0 336.7878 236.0008 36.4796 40.6865 0.000215
0 581.2864 507.1573 39.8211 9.6854 0.000213
0 285.4925 293.8849 32.8612 64.1415 0.000206
0 328.3942 176.2606 26.4871 32.2568 0.000201
0 633.6829 218.6400 12.6342 54.0834 0.000194
0 530.8404 497.9969 46.1816 27.9950 0.000186
0 9.5716 15.2703 19.1227 30.5179 0.000175
0 217.0274 304.1439 30.4190 63.2200 0.000161
0 5.5061 367.0226 11.0122 130.4571 0.000138
0 629.3447 188.3561 20.2820 49.9363 0.000137
0 633.0826 202.4329 13.8347 50.4434 0.000132
0 535.4502 503.1071 35.8296 17.7858 0.000123
0 278.6469 6.9021 38.1925 13.8042 0.000120
0 637.6766 205.0152 4.6468 51.2928 0.000116
0 493.0740 502.7534 36.0731 18.4120 0.000107
0 204.7928 507.9570 23.0431 8.0858 0.000103
0 563.9801 505.9105 35.1597 12.1674 0.000102
0 132.1810 499.0292 44.6632 25.9416 0.000102
0 208.1607 215.1481 27.8971 42.4787 0.000102
0 327.0809 182.7646 19.2118 25.4395 0.000098
0 3.2886 116.5476 6.5771 89.1209 0.000093
0 4.8510 79.2582 9.7020 128.0360 0.000091
0 14.4023 20.7039 28.5347 41.4078 0.000088
0 636.9473 221.8829 6.1054 56.3113 0.000082
0 137.3160 505.3295 32.6370 13.3409 0.000079
0 386.8375 494.9306 30.3814 33.8778 0.000075
0 6.6035 112.2792 13.2070 55.5858 0.000075
0 430.9828 497.6632 42.6393 28.6736 0.000071
0 597.4493 507.0753 39.9530 9.8492 0.000071
0 5.0449 98.4831 10.0897 59.8842 0.000065
0 284.2712 307.5763 30.1545 33.7697 0.000063
0 4.9428 13.6950 9.8855 27.3900 0.000056
0 6.5786 346.1250 13.1571 104.0799 0.000052
0 331.0238 191.9062 23.7844 32.9245 0.000050
0 523.6014 504.0855 33.2176 15.8290 0.000050
0 335.2154 171.2020 16.1224 35.6766 0.000049
0 214.7462 189.6295 12.2085 50.6322 0.000049
0 497.9487 493.5220 74.4066 36.6912 0.000049
0 9.4098 31.0193 18.8196 61.0159 0.000048
0 638.1489 152.8608 3.7021 54.9631 0.000044
0 5.9784 274.7290 11.9567 91.8853 0.000044
0 216.5894 204.3008 10.3055 59.4047 0.000041
0 635.2954 175.7892 9.4091 62.7515 0.000039
0 173.4023 508.6098 23.4480 6.7803 0.000038
0 400.3487 486.0470 42.0271 51.9060 0.000037
0 7.1074 314.2123 14.2149 35.9871 0.000036
0 323.2862 169.9642 30.4592 35.2640 0.000036
0 184.2265 51.4674 16.4773 39.7169 0.000034
0 252.0216 4.5814 24.7921 9.1628 0.000033
0 546.3027 506.4531 34.4342 11.0938 0.000033
0 12.1970 317.1143 24.3516 36.6312 0.000031
0 424.2700 503.9477 38.0101 16.1046 0.000031
0 553.3347 505.1156 29.5314 13.7687 0.000031
0 3.8978 70.1562 7.7956 83.7275 0.000030
0 4.8746 39.0753 9.6521 68.8255 0.000030
0 17.4451 39.7758 33.7576 79.2159 0.000030
0 637.0587 304.9874 5.8827 87.2848 0.000030
0 620.6627 200.3985 26.2502 22.7560 0.000030
0 214.9331 206.1917 11.3666 33.8568 0.000027
0 13.0582 303.2953 26.1164 49.3758 0.000027
0 114.3010 141.8673 26.4544 51.1303 0.000026
0 109.8555 126.3855 21.2267 25.4220 0.000026
0 577.9028 503.5439 46.7419 16.8136 0.000025
