0 295.8656 254.1533 47.3535 105.0226 0.885913
0 283.6707 202.9976 29.6160 42.0212 0.833743
0 257.5051 218.9952 15.5444 21.2157 0.003482
0 522.3132 311.8898 23.9521 21.2310 0.003032
0 629.0282 361.7793 21.8776 58.6603 0.002482
0 260.9419 103.1036 15.5662 24.3481 0.001720
0 283.1716 230.0566 28.8906 91.0407 0.001147
0 11.7711 89.8356 23.5422 64.8237 0.000822
0 517.1441 508.7592 22.8050 6.4791 0.000694
0 629.0811 390.3275 21.1521 79.6765 0.000541
0 633.3536 378.7683 13.2927 94.9190 0.000263
0 637.0804 236.5708 5.8209 41.0406 0.000241
0 5.0224 251.1578 10.0433 105.0371 0.000217
0 4.5020 214.5079 9.0040 71.8996 0.000213
0 524.2395 508.0772 31.6236 7.8455 0.000150
0 521.3173 348.7921 29.1008 98.7086 0.000144
0 308.7840 122.1561 12.0048 18.1401 0.000096
0 8.6837 265.9954 17.3674 84.4182 0.000081
0 284.8524 214.2259 28.7930 23.3315 0.000077
0 637.8247 353.0099 4.3506 44.2574 0.000071
0 258.4506 109.9899 17.1055 36.9744 0.000061
0 505.1412 507.6203 40.5431 8.7594 0.000057
0 634.8004 357.6925 10.2349 55.6600 0.000051
0 635.7102 395.9974 8.5795 95.2690 0.000050
0 637.2404 369.0806 5.5192 75.5687 0.000050
0 294.1631 504.1521 39.0800 15.6959 0.000044
0 294.4225 215.4216 27.9203 26.6523 0.000044
0 508.7066 346.0048 47.0640 103.3997 0.000044
0 631.8023 424.8216 16.3954 117.3221 0.000041
0 517.4171 504.3904 21.9248 15.2192 0.000039
0 19.1997 503.6757 34.6554 16.6486 0.000036
0 595.9873 505.3135 25.0352 13.3730 0.000036
0 6.0963 115.9669 12.1925 120.1049 0.000036
0 636.4173 342.6985 7.1654 76.6033 0.000035
0 508.5124 299.5456 45.1455 44.1165 0.000034
0 5.4364 288.7447 10.8728 48.9890 0.000034
0 268.9077 106.9201 27.1611 34.5080 0.000033
0 299.4565 498.5092 36.6461 26.9816 0.000031
0 279.1712 240.7883 18.7832 69.5205 0.000031
0 4.7149 94.6842 9.4297 80.1009 0.000031
0 606.9763 506.6450 37.3447 10.7101 0.000030
0 618.9122 406.5574 40.4514 73.4095 0.000029
0 9.2495 300.2133 18.4766 55.2821 0.000029
0 164.9548 496.3066 31.1189 31.3285 0.000027
0 132.6485 213.9379 27.9361 72.3368 0.000026
0 5.3386 320.6092 10.6773 110.2557 0.000026
0 261.2760 210.1238 22.8928 33.0323 0.000026
