0 46.5215 284.8987 34.4122 68.9420 0.861951
0 367.0162 285.8293 37.2232 164.2577 0.828183
0 398.1607 322.8207 94.7356 92.4846 0.299827
0 4.6428 259.1471 9.2857 94.7846 0.026228
0 540.4618 247.1098 33.5001 52.7316 0.023894
0 3.6700 282.5131 7.3393 63.7140 0.011467
0 387.0989 286.3643 77.4021 161.8530 0.004079
0 412.6826 317.1544 50.1704 84.2924 0.003059
0 596.4090 239.5664 24.0948 60.7032 0.001874
0 540.5235 204.6829 37.2187 112.4845 0.001082
0 7.9698 279.1841 15.8962 66.7831 0.000975
0 7.2067 242.4374 14.4135 75.0945 0.000675
0 4.0799 206.7808 8.1598 115.6792 0.000459
0 533.0938 236.0334 49.0496 75.0337 0.000368
0 2.4753 182.5131 4.9505 74.3671 0.000229
0 13.3157 266.8992 24.7455 82.4997 0.000207
0 3.1984 304.6748 6.3968 103.6269 0.000200
0 608.4281 480.4975 62.4841 63.0049 0.000135
0 24.5003 280.6504 26.7935 73.0243 0.000134
0 5.2028 221.2492 10.3392 22.7206 0.000103
0 625.1908 67.4287 29.6055 47.0547 0.000096
0 5.7193 231.6616 11.3808 48.3465 0.000092
0 426.5014 307.9321 45.8066 60.6398 0.000073
0 36.4221 276.6149 16.5534 54.8902 0.000044
0 530.4972 470.9106 26.3171 26.8099 0.000042
0 523.0947 208.8939 66.4467 129.6449 0.000041
0 4.8759 212.1702 9.7518 44.2032 0.000040
0 635.1834 256.3008 9.6332 101.7527 0.000038
0 395.9904 300.3037 32.8688 50.0272 0.000033
0 13.1594 235.5170 25.7942 65.7752 0.000032
0 579.5640 234.7909 36.7372 75.4085 0.000032
0 636.6097 383.1355 6.7805 109.5814 0.000030
0 396.6855 386.5739 90.2712 227.6586 0.000029
0 414.0429 295.3426 46.9467 40.0920 0.000027
0 1.8955 338.4584 3.7909 71.8267 0.000027
