0 416.5303 217.5233 45.7423 76.2743 0.899535
0 512.9068 271.3173 47.2091 129.8769 0.898682
0 297.1636 226.3131 58.5666 136.8037 0.889298
0 110.0330 495.5554 30.0206 32.6008 0.009488
0 121.8910 495.5144 46.4453 32.8116 0.001563
0 2.8745 424.5227 5.7490 93.6253 0.001524
0 95.5990 495.9235 57.0096 32.0476 0.001369
0 64.3472 499.0182 57.0990 25.9601 0.000864
0 293.6992 13.3489 37.4050 26.4628 0.000654
0 6.1153 403.8048 12.2305 128.8025 0.000488
0 14.5609 405.0954 29.0841 126.4147 0.000484
0 4.1938 262.7940 8.3877 85.1147 0.000437
0 71.2486 284.7594 71.1373 52.0115 0.000399
0 632.6538 175.0714 14.6924 91.8026 0.000233
0 84.4466 499.4054 38.8575 25.1488 0.000209
0 3.6711 459.2346 7.3422 102.1899 0.000207
0 69.4034 28.5674 43.5734 11.0127 0.000205
0 200.6797 500.2832 29.9953 23.4014 0.000200
0 3.8145 317.8215 7.6290 117.8341 0.000102
0 322.6421 489.6471 40.3013 44.5548 0.000090
0 300.8822 170.8468 15.6870 23.6018 0.000079
0 636.1736 461.0930 7.6453 74.8916 0.000078
0 627.8875 116.2372 24.2250 141.6847 0.000073
0 439.9182 503.6102 53.4959 16.7299 0.000068
0 68.6809 18.4203 44.8024 29.8500 0.000068
0 147.3338 499.5233 35.2823 24.9337 0.000066
0 428.8749 216.6947 22.9772 75.4187 0.000047
0 633.0497 137.0332 13.9005 103.2529 0.000044
0 635.6657 504.7357 8.5034 14.5285 0.000041
0 10.6049 429.2206 21.1110 91.7014 0.000040
0 94.7475 505.0401 55.0312 13.9198 0.000037
0 625.5657 175.8855 28.7751 101.1251 0.000037
0 2.2525 452.7988 4.5049 77.4403 0.000037
0 635.0326 500.0030 9.9348 23.9941 0.000033
0 311.0543 497.3219 60.0195 29.3561 0.000030
0 635.9443 487.3524 8.1114 49.2952 0.000029
0 43.0891 500.7845 62.5625 22.3884 0.000028
0 4.7668 234.0413 9.5336 71.5793 0.000027
0 631.9537 203.6494 16.0913 56.2639 0.000026
