0 181.3306 239.1939 52.1675 126.7185 0.881790
0 404.7302 254.5050 30.4061 92.3738 0.871761
0 232.5579 155.5066 32.2656 47.2402 0.847848
0 552.6960 210.4493 29.9986 44.1776 0.035051
0 181.6171 13.8563 27.7754 27.1046 0.001036
0 540.0207 209.8257 48.5033 41.7136 0.000691
0 628.2989 318.1720 23.4023 79.5533 0.000685
0 209.7596 507.1538 35.2267 9.6922 0.000607
0 631.0852 144.9828 17.7980 82.1542 0.000526
0 170.7706 14.0986 41.3609 27.9110 0.000319
0 631.4843 120.6917 16.9987 63.3478 0.000282
0 219.5251 505.8620 41.4115 12.2760 0.000189
0 628.2992 278.8461 23.1511 85.4663 0.000098
0 199.8381 505.0425 53.3070 13.9151 0.000075
0 512.0607 506.0586 40.8357 11.2983 0.000044
0 634.8276 467.7668 10.3447 72.6727 0.000039
0 636.2385 123.7528 7.5230 61.6891 0.000038
0 229.2470 501.5864 51.6014 20.8272 0.000036
0 635.0098 112.0345 9.9021 65.4852 0.000036
0 627.9944 357.6181 23.8994 112.0952 0.000033
0 166.3945 186.0979 15.6546 19.3133 0.000033
0 571.7979 8.0370 22.9875 16.0740 0.000033
0 637.7112 105.7500 4.5776 62.7328 0.000030
0 216.6826 498.2888 32.5863 27.4224 0.000029
0 7.9602 500.3619 15.9203 23.2762 0.000029
0 433.8059 506.5060 47.8148 10.9880 0.000027
0 88.1011 15.8963 23.6060 31.7926 0.000027
0 450.6639 506.8982 37.6985 10.1113 0.000025
