0 162.6867 239.7044 56.5384 128.7956 0.889551
0 412.1905 263.8329 32.4369 97.0074 0.888639
0 219.4862 155.8184 23.4371 45.5935 0.842641
0 59.9669 261.8491 37.9774 118.4115 0.019185
0 632.3844 353.6765 15.2254 86.0030 0.004168
0 538.9666 209.9537 26.0066 43.8615 0.001839
0 526.8585 209.8290 41.9992 41.4268 0.001824
0 195.1934 506.2620 35.8710 11.4760 0.000831
0 3.7646 358.1505 7.5291 138.6441 0.000298
0 635.0138 370.7661 9.9725 90.0317 0.000246
0 3.9351 287.7259 7.8702 139.5659 0.000233
0 207.7659 504.5839 51.7426 14.8321 0.000227
0 181.4774 504.8155 58.7771 14.3689 0.000118
0 636.1334 409.8439 7.7332 92.6943 0.000078
0 636.9309 345.5312 6.1382 65.8592 0.000072
0 623.8176 142.8219 32.3649 100.4130 0.000063
0 630.5264 8.2130 18.5732 16.4261 0.000062
0 320.1461 508.8131 37.9492 6.3738 0.000053
0 282.4302 497.3059 50.6693 29.3882 0.000051
0 212.4775 498.7626 64.2081 26.4112 0.000050
0 10.5895 466.6417 21.1789 90.7166 0.000047
0 636.9099 378.7099 6.1802 70.6389 0.000044
0 2.4008 289.0196 4.7815 110.0591 0.000044
0 56.7258 221.4158 30.1120 34.8338 0.000039
0 625.2639 361.5546 29.4721 107.4789 0.000037
0 634.3185 340.5927 11.2239 57.1115 0.000037
0 198.0999 500.0495 33.2265 23.9010 0.000034
0 2.7549 322.4194 5.5098 102.6991 0.000031
0 477.5475 76.7760 13.4401 57.6186 0.000029
0 631.5144 323.5106 16.9712 76.0933 0.000029
0 7.8904 292.5123 15.7808 159.7753 0.000027
0 555.3302 5.9514 25.7583 11.9028 0.000027
0 3.2409 412.1984 6.4817 172.0894 0.000027
0 631.4541 451.4137 17.0918 117.0777 0.000025
0 307.8186 508.2017 49.9659 7.5967 0.000025
