0 461.7229 297.9722 47.6015 57.6603 0.892820
0 197.0940 235.0403 43.2478 138.5484 0.869350
0 6.8732 302.8647 13.7460 155.0038 0.025489
0 573.5931 211.8732 26.2265 44.9483 0.024615
0 6.3748 368.7314 12.7495 197.9923 0.012244
0 562.9760 214.1072 44.6545 51.3097 0.002934
0 13.3774 286.2382 26.6643 177.6004 0.000962
0 79.8752 261.0794 42.8197 117.5211 0.000520
0 250.8443 164.9768 26.0165 24.0251 0.000395
0 66.8478 13.0034 27.2664 26.0067 0.000381
0 18.2083 371.2918 36.2529 194.2806 0.000297
0 3.7226 394.9269 7.4451 144.6872 0.000254
0 209.3278 179.6083 22.2212 26.6790 0.000192
0 4.4699 471.3955 8.9397 81.2090 0.000184
0 75.8267 219.7599 34.7215 34.7192 0.000169
0 4.4223 292.3057 8.8446 69.4999 0.000133
0 13.2542 492.4351 26.1018 38.9967 0.000131
0 14.4200 36.6130 28.7310 73.2259 0.000116
0 550.7755 205.9455 19.8984 38.9594 0.000111
0 6.5501 490.4003 13.1002 43.1812 0.000110
0 202.0737 195.0388 27.3674 59.0525 0.000101
0 15.1303 80.8791 30.2606 99.7698 0.000078
0 296.9134 500.8359 48.2999 22.3282 0.000075
0 293.3735 506.7619 42.6906 10.4761 0.000075
0 10.3089 6.6550 20.5317 13.3101 0.000072
0 7.3454 286.0224 14.6908 84.3107 0.000065
0 634.6801 102.3368 10.4795 80.8884 0.000064
0 250.4695 153.8679 27.2655 49.6694 0.000062
0 4.2761 261.7421 8.5522 191.2955 0.000059
0 9.3807 467.4327 18.7349 89.0363 0.000058
0 107.6744 334.7072 99.1762 222.1991 0.000051
0 285.6058 507.9319 34.4139 8.1362 0.000039
0 636.5010 67.5152 6.9980 47.5759 0.000037
0 562.1278 195.6873 43.8706 60.9804 0.000034
0 635.6473 231.3118 8.7054 54.0764 0.000033
0 21.8779 480.4885 43.6550 62.7972 0.000033
0 3.7362 358.6376 7.4723 95.5273 0.000032
0 3.4832 264.6597 6.9663 107.5497 0.000031
0 636.2319 87.7389 7.5362 62.3359 0.000030
0 625.4263 361.9817 29.1309 76.8714 0.000029
0 8.3744 412.8443 16.7229 182.4462 0.000027
