0 221.8588 261.7555 53.5865 103.8695 0.883910
0 430.1464 257.5688 32.7399 93.2689 0.875854
0 297.4821 192.4702 29.9127 37.0289 0.006586
0 101.4028 259.9319 50.3357 119.4761 0.000540
0 595.9565 212.6252 32.4570 50.0643 0.000476
0 10.5069 294.8484 21.0137 155.7175 0.000443
0 299.2416 508.9902 25.9022 6.0196 0.000278
0 5.7714 286.7617 11.5428 159.4838 0.000205
0 1.9891 33.2558 3.9781 56.6903 0.000181
0 16.8680 287.2911 33.5875 179.1076 0.000170
0 15.9954 360.3887 31.9908 168.3450 0.000161
0 636.5630 340.6895 6.8740 76.5026 0.000157
0 584.1672 211.4988 43.3965 52.4830 0.000127
0 2.9961 69.7039 5.9922 78.5235 0.000093
0 311.9885 498.6435 41.2859 26.6846 0.000087
0 308.5291 507.3761 33.3511 9.2478 0.000079
0 637.1316 260.3917 5.7368 88.6771 0.000078
0 2.4433 52.0448 4.8867 63.6277 0.000071
0 7.5006 310.8264 15.0012 91.5249 0.000060
0 636.2285 361.8554 7.5430 77.5399 0.000056
0 292.4757 507.1595 33.6674 9.6810 0.000046
0 298.8591 504.5823 34.5071 14.8353 0.000030
0 204.6554 246.1643 23.6724 58.4575 0.000030
0 6.4722 325.8771 12.9444 60.8942 0.000027
