0 416.3981 230.6080 65.6434 180.2842 0.808002
0 394.9281 205.5953 33.9539 112.2232 0.207998
0 556.9316 10.0341 28.5516 20.0682 0.050595
0 482.0755 400.7425 24.1540 49.2405 0.025538
0 433.7660 185.1715 31.1512 95.4420 0.005640
0 16.9029 447.4267 33.7439 113.7032 0.004678
0 362.8739 4.5348 26.2142 9.0674 0.001853
0 536.6174 9.6691 60.0576 19.3099 0.001741
0 536.4225 266.8374 51.6080 67.7907 0.001581
0 549.1102 244.0417 25.6902 20.9700 0.001548
0 196.6876 492.2709 32.2940 39.3793 0.001181
0 83.3892 504.3652 27.5706 15.2443 0.001130
0 18.1091 418.3436 36.0438 62.6411 0.000770
0 219.2821 6.6316 30.7590 13.2633 0.000664
0 12.6166 19.3127 25.1716 38.4790 0.000639
0 158.6347 489.5389 54.6500 44.5951 0.000601
0 94.5755 66.2352 46.8971 80.5989 0.000399
0 212.8994 492.3793 55.0224 39.0544 0.000392
0 244.0060 496.4663 34.4065 30.6131 0.000385
0 213.7955 4.8273 31.5891 9.6546 0.000340
0 349.9700 5.1908 43.0126 10.3401 0.000275
0 8.3059 32.3891 16.6118 64.7783 0.000266
0 634.6523 119.4824 10.6879 94.2416 0.000236
0 432.3661 506.8477 45.4972 10.3045 0.000206
0 232.0625 496.3005 36.3036 31.0521 0.000194
0 629.3102 82.6373 21.3796 54.6211 0.000183
0 636.4859 26.0703 7.0283 52.0181 0.000157
0 515.6801 7.6000 40.2675 15.1872 0.000144
0 177.2731 490.4510 65.5229 43.0978 0.000144
0 10.8983 294.3198 21.7966 73.4436 0.000141
0 68.8044 502.0723 46.0415 19.8552 0.000132
0 579.2185 89.6593 13.0312 29.7120 0.000121
0 635.2780 84.6094 9.4439 57.5103 0.000112
0 19.5631 405.2114 30.5016 29.4626 0.000095
0 15.5319 438.3053 30.9637 42.0112 0.000092
0 142.2453 501.6267 41.5512 20.6455 0.000074
0 635.6022 102.4304 8.7957 52.4451 0.000071
0 570.7849 14.9564 58.3430 29.9128 0.000068
0 367.5034 7.7604 35.3519 15.5208 0.000066
0 346.8109 8.3956 57.3607 16.7911 0.000065
0 414.0783 507.2064 49.0258 9.5872 0.000062
0 299.3107 497.1122 49.0179 29.7756 0.000060
0 568.6593 10.6278 43.4221 21.2557 0.000056
0 6.4074 503.8118 12.7696 16.2882 0.000055
0 252.8831 501.6925 41.1930 20.5175 0.000055
0 230.7826 5.6896 52.5605 11.3791 0.000053
0 233.5511 15.2817 60.5481 30.5634 0.000049
0 6.6838 302.6585 13.3675 68.5030 0.000048
0 11.3974 433.5232 22.7948 97.2744 0.000045
0 427.9012 174.0518 25.9078 69.6707 0.000045
0 54.0716 500.4463 36.7938 23.1074 0.000044
0 3.9105 24.1187 7.8210 48.2374 0.000043
0 232.8835 505.2591 28.8823 13.4819 0.000040
0 404.9970 187.7087 29.4800 90.6021 0.000038
0 3.5966 306.1783 7.1932 65.6875 0.000038
0 240.3130 503.3331 30.0784 17.3337 0.000037
0 378.9489 5.0471 49.8861 10.0942 0.000037
0 11.4681 10.5975 22.9363 21.1951 0.000036
0 8.4458 434.1895 16.8915 44.2750 0.000033
0 637.6404 117.0347 4.7192 70.7640 0.000033
0 3.9429 501.0150 7.8858 21.9700 0.000031
0 6.4331 497.2811 12.8663 28.9153 0.000030
0 637.1841 41.5142 5.6318 70.6531 0.000029
0 592.2219 7.1162 33.6766 14.1762 0.000029
0 60.5245 495.4635 40.4644 32.9099 0.000027
0 387.3443 211.0091 19.5225 98.8315 0.000027
0 134.4290 503.3444 29.5223 17.1995 0.000025
0 32.0627 257.5630 63.3289 66.4338 0.000025
