0 268.1331 242.2014 57.3422 165.3755 0.884301
0 303.7710 191.2494 31.7088 100.3233 0.864827
0 4.5012 492.7596 8.9991 38.4127 0.037682
0 12.7485 37.1745 25.4969 59.6168 0.033916
0 15.0930 495.4716 29.0846 32.9888 0.007063
0 35.1884 495.6327 44.7350 32.6256 0.006911
0 6.4148 38.0766 12.8296 62.5764 0.003861
0 237.4640 5.1211 27.0661 10.2277 0.002774
0 410.7832 16.2912 41.3363 32.5470 0.002547
0 268.4196 173.3796 26.8757 29.4008 0.002034
0 5.6292 17.2335 11.2462 32.6332 0.001765
0 13.3990 17.6579 26.7656 34.2027 0.001751
0 16.0349 503.0403 29.1047 17.9193 0.001735
0 532.8898 4.9189 33.7343 9.8377 0.000736
0 458.6688 103.8728 38.3786 40.1214 0.000689
0 91.0437 504.9192 29.5682 14.1577 0.000668
0 470.6327 503.6513 26.8523 16.6658 0.000548
0 8.7455 491.6230 17.4322 40.4854 0.000532
0 3.8420 478.1725 7.6839 67.6549 0.000509
0 481.2918 502.3170 33.6665 19.3660 0.000484
0 25.0612 499.4293 43.6441 25.1414 0.000338
0 239.9521 7.8853 33.7698 15.7706 0.000319
0 50.0237 495.0606 23.5599 33.5581 0.000274
0 630.8332 388.7294 18.3123 65.1815 0.000205
0 542.0091 9.0793 42.0248 18.1476 0.000196
0 584.0159 75.4240 24.0583 34.0006 0.000185
0 532.5977 3.4613 22.9602 6.8828 0.000177
0 308.2818 4.4869 31.8109 8.9680 0.000165
0 2.8294 482.7299 5.6587 45.4342 0.000149
0 4.3950 458.4875 8.7900 107.0250 0.000139
0 394.3842 12.0849 33.1235 24.1698 0.000112
0 195.5771 4.2162 28.4655 8.4324 0.000111
0 248.6899 5.0169 37.9468 10.0338 0.000105
0 44.8021 277.9798 18.6541 17.4827 0.000101
0 3.0827 46.2980 6.1654 60.9577 0.000098
0 459.5843 506.1549 36.8915 11.6186 0.000096
0 402.7738 13.0775 27.4827 26.1551 0.000089
0 43.6773 402.1483 31.7688 72.9481 0.000089
0 101.9095 503.7419 34.2718 16.4149 0.000077
0 49.2353 497.3118 41.8096 29.3142 0.000076
0 635.9952 388.2812 8.0097 67.1631 0.000073
0 626.8226 409.5012 26.3547 114.8911 0.000072
0 426.5153 16.0853 33.6940 32.1706 0.000071
0 86.6083 499.1456 38.8271 25.6745 0.000068
0 490.6355 505.6274 40.7036 12.7451 0.000059
0 4.6106 425.1290 9.2210 53.9961 0.000058
0 63.5523 24.4234 25.4273 47.8954 0.000056
0 462.1916 498.8588 37.2231 26.0750 0.000052
0 74.0116 507.5696 33.7363 8.8608 0.000051
0 489.0074 497.8244 40.8854 28.1542 0.000050
0 396.9030 99.5893 29.9810 20.5564 0.000049
0 227.2854 8.1162 46.9290 16.2323 0.000049
0 2.9387 440.9270 5.8774 63.7627 0.000046
0 458.5743 138.3875 45.3495 111.5923 0.000045
0 519.0659 4.7967 48.3290 9.5373 0.000045
0 403.0087 6.3380 43.0658 12.6020 0.000043
0 130.1635 26.8932 24.7977 53.7864 0.000041
0 7.7598 471.5368 15.5195 79.3176 0.000040
0 423.2504 11.3002 53.3112 22.5316 0.000039
0 582.6501 507.5705 36.3761 8.6538 0.000036
0 118.3540 14.1285 47.2442 28.2570 0.000036
0 385.7247 8.9335 35.9615 17.8669 0.000034
0 12.2547 64.1371 24.5093 118.5632 0.000034
0 65.1599 36.0682 23.8568 26.7061 0.000033
0 103.3914 5.1061 31.5590 10.0838 0.000031
0 566.9828 506.7533 37.0190 10.4933 0.000030
0 69.0559 502.0049 36.6716 19.8625 0.000030
0 150.0244 503.5575 50.8823 16.8850 0.000029
0 276.0407 506.4513 43.6268 11.0974 0.000029
0 383.1847 285.7999 55.0839 99.6350 0.000029
0 18.8215 11.9286 34.9814 23.7733 0.000028
0 553.1357 20.0084 16.9280 17.7799 0.000028
0 212.8373 5.4131 50.4222 10.8075 0.000026
0 20.6608 29.8130 41.3216 59.3921 0.000026
0 59.0254 501.3780 34.1635 21.0255 0.000025
