0 405.1307 208.0896 67.5312 181.3388 0.841890
0 522.8287 127.8911 27.9101 31.6088 0.153406
0 395.0568 17.9228 39.9304 35.7278 0.017945
0 559.3194 11.4592 29.3538 22.9107 0.012331
0 591.9474 4.6210 30.0926 9.2420 0.009612
0 417.3489 16.1219 40.0111 32.2437 0.008156
0 404.6533 15.9436 25.2159 31.7988 0.007790
0 578.6658 6.1228 51.5097 12.2455 0.007301
0 526.4891 139.5908 36.5668 54.7627 0.004956
0 521.4636 122.1693 23.9406 20.0402 0.002976
0 547.0505 12.0744 45.7254 24.0968 0.002423
0 604.5869 4.8295 50.8063 9.6590 0.002142
0 129.2222 35.7833 41.1234 70.9890 0.001809
0 131.7958 8.3830 29.2763 16.7660 0.001782
0 574.4298 10.9289 58.8029 21.8578 0.001448
0 633.0774 5.7725 13.8452 11.5446 0.001109
0 513.2286 166.5556 38.3726 111.3779 0.001097
0 566.3917 5.4203 32.0818 10.8367 0.000964
0 588.6438 27.0540 34.4717 54.1080 0.000700
0 2.8433 242.3170 5.6865 81.0010 0.000579
0 5.0538 240.6081 10.1075 73.8004 0.000502
0 633.6539 13.2078 12.6923 26.4115 0.000501
0 109.1878 112.5950 21.0655 21.6814 0.000482
0 113.3532 120.3411 28.3495 34.9848 0.000380
0 378.7581 18.3436 73.7142 36.3139 0.000365
0 529.6663 12.6800 34.5997 25.1141 0.000324
0 634.1794 25.6291 11.6244 51.1598 0.000259
0 516.8254 142.9948 42.9775 62.5324 0.000259
0 18.7549 10.1312 37.5099 20.2624 0.000225
0 117.4772 6.7163 45.7318 13.4326 0.000216
0 533.7089 125.5185 47.1976 27.7246 0.000209
0 125.1441 10.9929 41.2660 21.9858 0.000201
0 513.7584 126.8412 37.3921 29.6063 0.000186
0 382.6817 175.4267 22.7673 92.2880 0.000184
0 146.2126 11.4804 57.2013 22.9608 0.000165
0 335.2221 6.7428 28.5962 13.4857 0.000160
0 132.9251 23.8731 34.7158 47.7463 0.000148
0 606.2162 9.1981 59.9478 18.3490 0.000136
0 613.9543 504.4566 39.9014 15.0868 0.000134
0 577.7932 23.1992 61.3618 46.3983 0.000130
0 2.1540 265.2275 4.3080 51.3109 0.000123
0 8.5589 234.5621 17.0639 80.2464 0.000119
0 268.8136 4.4626 24.9546 8.9253 0.000115
0 271.3839 7.8959 30.9438 15.7919 0.000108
0 384.0119 149.3198 22.3984 50.0817 0.000097
0 4.0106 477.3906 8.0213 51.8856 0.000095
0 630.3346 18.0968 19.3007 36.1936 0.000085
0 384.1719 137.0362 18.1633 22.3089 0.000082
0 628.9268 3.6721 22.1465 7.2935 0.000077
0 565.8602 17.3347 41.0732 34.5483 0.000064
0 610.2719 25.1678 59.4563 50.3357 0.000063
0 420.6321 8.6912 38.5281 17.3823 0.000063
0 3.8254 264.0784 7.6507 52.8101 0.000063
0 103.7493 126.0196 35.4718 46.7147 0.000061
0 28.3790 67.9923 56.2386 135.9179 0.000061
0 602.3478 15.0239 50.7566 30.0478 0.000060
0 387.0170 129.2100 30.4976 96.0016 0.000060
0 124.9179 61.8761 45.3045 123.7523 0.000059
0 616.0122 5.7887 46.5854 11.5774 0.000053
0 52.9208 29.5490 47.3290 59.0979 0.000052
0 118.4298 146.1443 38.3323 85.3699 0.000046
0 6.2833 210.5751 12.5665 88.0324 0.000043
0 172.9662 13.4311 38.0054 26.8621 0.000043
0 385.1686 20.5190 24.4736 35.0748 0.000041
0 125.0927 4.8469 29.3595 9.6634 0.000041
0 127.5285 494.1869 27.7904 35.6263 0.000040
0 438.2408 3.5797 26.9639 7.1594 0.000038
0 524.5032 153.0750 43.3491 84.1880 0.000035
0 136.2934 4.1782 29.1379 8.3385 0.000034
0 141.5290 7.6327 37.2366 15.2654 0.000034
0 636.4363 50.0202 7.1273 62.7855 0.000033
0 185.1286 506.6834 31.1521 10.6332 0.000033
0 390.1517 167.3598 34.2827 94.7641 0.000033
0 314.5727 6.2759 42.1960 12.5517 0.000030
0 528.4852 19.9654 28.8621 35.3487 0.000030
0 101.1938 149.8423 67.9792 93.8032 0.000029
0 416.3555 28.7867 68.2468 57.5734 0.000029
0 637.2523 36.5914 5.4955 73.1828 0.000027
0 535.2925 133.6842 56.1443 46.8486 0.000027
0 355.9406 6.8837 49.7092 13.7674 0.000025
