0 322.0512 244.2157 41.7264 67.9298 0.899003
0 21.6307 62.1815 35.0680 30.5087 0.012370
0 465.9137 11.1799 27.4018 22.2275 0.006624
0 633.7411 172.8499 12.5150 71.8270 0.005497
0 629.3798 148.8907 21.2369 107.1739 0.001941
0 628.3821 184.0027 23.1776 63.1635 0.000416
0 605.8284 502.5433 47.3771 18.9134 0.000376
0 615.1076 505.1476 35.3917 13.7046 0.000307
0 161.0695 6.7525 21.5118 13.4027 0.000274
0 156.8433 8.5533 11.8850 14.8451 0.000224
0 627.3521 470.5294 25.1901 29.0160 0.000204
0 630.0323 173.9011 19.4983 29.8538 0.000195
0 636.9094 187.4025 6.1812 47.8195 0.000188
0 3.4882 246.9603 6.9763 110.0020 0.000167
0 636.0378 175.7050 7.7634 34.2653 0.000097
0 152.0142 7.2200 25.9813 14.3185 0.000092
0 91.6738 34.0868 28.0143 43.8590 0.000090
0 628.8553 498.3952 22.2893 27.0292 0.000083
0 478.0179 10.8169 45.3143 21.6339 0.000075
0 19.4291 79.1238 36.0463 82.0971 0.000069
0 3.7218 283.5568 7.4436 71.5514 0.000066
0 625.6536 489.8120 28.6929 43.9897 0.000056
0 514.1713 186.2022 25.0347 65.2718 0.000056
0 636.0391 476.7921 7.9219 46.8940 0.000040
0 15.9986 414.0022 31.9971 102.7701 0.000038
0 225.1317 3.7529 20.8854 7.5058 0.000035
0 637.3567 164.0731 5.2866 51.2314 0.000032
0 399.9819 498.7747 34.5470 26.4095 0.000030
0 636.9448 375.3237 6.1105 49.8196 0.000030
0 455.2932 9.9548 24.0353 19.9033 0.000030
0 11.6766 44.8590 23.2737 59.9283 0.000028
0 624.9480 507.4472 30.1039 9.1055 0.000026
