0 344.6605 237.4236 46.7219 79.2141 0.906731
0 5.2300 366.3751 10.4600 159.1068 0.057301
0 4.8622 428.3015 9.7244 137.2541 0.037815
0 630.0336 468.4980 19.9328 41.3685 0.019012
0 5.3735 408.5131 10.7469 73.1239 0.010466
0 29.1369 55.1506 14.4621 32.1792 0.008986
0 21.8416 55.8852 29.7411 34.0844 0.002793
0 3.1535 50.4885 6.3070 33.3523 0.002153
0 9.9364 340.9129 19.8728 208.1505 0.001033
0 10.9251 444.1476 21.8502 135.7048 0.000699
0 4.2051 430.6623 8.4101 86.9130 0.000638
0 3.2274 33.9578 6.4549 62.3446 0.000315
0 6.4505 182.8902 12.9009 69.4863 0.000265
0 8.1312 409.3735 16.2625 138.2891 0.000208
0 18.4201 70.1106 36.0953 62.9114 0.000173
0 8.9877 59.4466 17.9530 45.5673 0.000153
0 636.5701 167.6922 6.8599 64.2117 0.000145
0 5.1648 53.6244 10.1857 34.0994 0.000135
0 116.5095 6.3354 23.5435 12.6707 0.000117
0 24.0146 443.2632 48.0293 134.5387 0.000115
0 15.0585 407.0578 29.9537 93.2290 0.000107
0 3.0498 244.6194 6.0994 114.9618 0.000095
0 637.7090 286.4889 4.5819 75.9694 0.000084
0 4.9514 206.0401 9.9029 127.5667 0.000084
0 3.5956 83.0731 7.1913 55.2029 0.000074
0 23.8148 340.0468 47.6280 206.6805 0.000072
0 3.2582 457.4752 6.5165 107.9592 0.000069
0 18.7431 382.6922 37.4862 134.7827 0.000068
0 4.6115 374.3589 9.1819 91.5715 0.000052
0 4.4426 268.5026 8.8852 87.7494 0.000042
0 455.9567 19.7563 36.1091 39.5121 0.000037
0 638.0143 258.9878 3.9714 78.3093 0.000037
0 1.9078 181.1482 3.8156 60.1496 0.000035
0 636.1897 194.6660 7.6206 98.2582 0.000035
0 635.1478 478.5015 9.6807 62.0721 0.000028
0 614.3063 169.9193 33.4072 59.1143 0.000028
