0 94.2747 268.8738 113.7784 307.6968 0.944502
0 509.6853 227.3385 44.9019 112.4848 0.902007
0 22.4520 237.5220 44.8920 152.4812 0.020834
0 8.3320 45.5600 16.6640 61.4621 0.006371
0 633.5124 169.7230 12.9736 69.6677 0.001326
0 9.6519 241.2286 19.3037 155.7605 0.001110
0 619.7019 482.2511 40.5724 58.4569 0.000428
0 635.9834 152.6352 8.0332 65.1965 0.000328
0 14.9592 215.5799 29.8422 107.6156 0.000251
0 32.4286 282.1423 64.8572 250.2933 0.000235
0 8.9911 19.5297 17.8156 39.0593 0.000200
0 3.8034 209.6657 7.6068 107.0264 0.000188
0 58.3451 198.1054 43.1469 149.4322 0.000152
0 511.0772 164.5348 45.0281 100.1183 0.000093
0 635.2265 120.7961 9.5471 103.2134 0.000080
0 2.5514 191.4050 5.1018 61.2552 0.000068
0 2.8424 270.7663 5.6848 90.1215 0.000067
0 7.3118 214.7868 14.6236 105.7670 0.000066
0 8.2491 65.6049 16.4981 115.7081 0.000061
0 510.6397 141.4466 30.8460 49.4844 0.000042
0 13.6731 288.7066 27.2264 213.6595 0.000042
0 30.0692 212.3064 49.2379 102.3212 0.000041
0 7.0770 315.0265 14.1540 200.8022 0.000037
0 638.0397 175.0549 3.9206 57.9562 0.000036
0 634.3250 258.7800 11.3500 77.9116 0.000030
0 636.1830 401.3024 7.6339 61.0150 0.000027
0 105.6482 19.9552 26.5465 39.9104 0.000025
