0 423.2184 343.7129 84.5005 145.0339 0.909749
0 311.3641 313.5237 65.8598 170.2191 0.877838
0 336.8927 229.9507 22.2465 58.9992 0.810383
0 290.7807 243.3909 23.2669 30.5757 0.028456
0 636.9977 364.7009 6.0046 53.9290 0.024924
0 636.4883 329.6409 7.0233 101.9141 0.003778
0 636.4301 394.9115 7.1399 111.2534 0.002502
0 338.6858 213.2261 18.3641 26.1835 0.001712
0 291.9149 290.1731 29.3782 123.0960 0.001526
0 2.5616 172.7812 5.1233 63.7584 0.000889
0 308.3693 241.9326 13.0277 29.8550 0.000732
0 632.7983 401.9144 14.3848 120.6377 0.000612
0 231.7450 114.6002 20.4737 56.0805 0.000411
0 635.6622 354.1099 8.6755 79.1323 0.000396
0 342.6759 209.7788 11.5343 19.6679 0.000304
0 637.0600 299.1265 5.8801 54.4830 0.000273
0 631.1283 333.0980 17.5520 101.7064 0.000260
0 312.7514 232.9846 13.9407 50.2365 0.000255
0 293.1570 260.0897 28.8491 62.9426 0.000242
0 631.9274 357.2878 16.0736 67.1274 0.000239
0 633.0858 375.5115 13.7585 75.3777 0.000199
0 3.0610 60.5977 6.1221 56.7186 0.000185
0 3.0672 191.0552 6.1343 87.9552 0.000183
0 636.4149 279.6963 7.1702 72.7107 0.000175
0 595.2922 263.0716 30.1953 62.7830 0.000125
0 2.7061 140.2166 5.4121 75.5277 0.000119
0 335.9988 258.7627 24.8341 116.6952 0.000104
0 308.1417 206.1230 16.0892 19.4338 0.000092
0 302.3995 243.7813 20.6782 31.0728 0.000089
0 4.4729 134.8290 8.9458 81.0212 0.000089
0 633.5837 436.2175 12.8325 84.9886 0.000078
0 5.2259 497.7883 10.4493 28.1903 0.000076
0 602.9592 286.3751 15.0072 22.2352 0.000068
0 310.9554 219.1164 16.0181 38.4013 0.000059
0 4.2116 24.3415 8.3455 48.3771 0.000046
0 324.0911 228.8959 47.8049 59.4587 0.000042
0 4.1652 46.3198 8.3303 76.7809 0.000035
0 636.3950 236.8275 7.2100 61.8603 0.000034
0 454.1147 242.4747 16.8668 14.6785 0.000034
0 635.9780 259.1494 8.0440 88.3853 0.000028
0 114.5540 297.6898 32.9466 85.8396 0.000028
0 102.5588 145.4540 34.0593 76.7974 0.000027
0 88.9008 144.7763 15.4060 76.2413 0.000027
