0 371.8649 255.9444 33.8015 128.3268 0.885807
0 284.5645 254.8023 31.8699 81.3351 0.868042
0 248.1688 229.7499 18.6537 48.7210 0.859478
0 110.9973 244.8880 36.9882 136.2009 0.853353
0 106.0418 189.4568 19.6204 31.4589 0.032156
0 23.5530 204.2435 32.4833 59.2745 0.001297
0 636.2875 283.5549 7.4249 85.4610 0.001156
0 2.6798 230.0322 5.3566 56.8019 0.000606
0 275.8024 235.1557 16.2431 40.3527 0.000419
0 3.3441 245.1268 6.6881 43.7219 0.000385
0 3.2641 198.2270 6.4681 87.0829 0.000363
0 47.7000 111.3836 33.5435 33.9481 0.000296
0 612.4390 14.5473 33.0073 29.0754 0.000232
0 111.0258 278.9108 32.5412 70.6490 0.000215
0 2.6195 261.4387 5.2345 42.5374 0.000203
0 6.8929 163.3504 13.7370 43.5973 0.000188
0 7.7377 104.9274 15.4754 153.8029 0.000169
0 637.6372 110.0436 4.7256 39.0402 0.000167
0 536.5825 283.2618 10.2687 19.0595 0.000157
0 6.3184 93.9623 12.6368 49.3968 0.000145
0 328.1070 507.4254 35.9651 9.0719 0.000144
0 4.6317 105.9748 9.2514 51.8535 0.000131
0 29.0043 204.9108 21.2528 26.8676 0.000111
0 4.6348 233.1158 9.2697 50.9030 0.000105
0 4.2051 50.3331 8.4101 49.3195 0.000105
0 630.4455 144.9017 19.0696 78.5947 0.000102
0 4.0854 166.4456 8.1707 46.8011 0.000096
0 3.8262 279.1600 7.5613 85.8290 0.000089
0 634.0589 104.7755 11.7673 33.2741 0.000087
0 636.3284 259.2640 7.3430 76.6275 0.000067
0 12.3651 153.9666 24.6055 54.2993 0.000066
0 65.1178 228.8407 11.0966 40.2752 0.000065
0 2.2517 174.5408 4.5033 58.1773 0.000063
0 614.7167 6.0285 28.6464 12.0346 0.000063
0 4.2574 79.2682 8.5148 77.4232 0.000063
0 274.7446 12.7226 25.7611 25.4452 0.000062
0 5.7762 261.7006 11.5525 35.4041 0.000060
0 363.5474 279.1772 15.9210 82.1686 0.000052
0 2.9368 323.1926 5.8736 62.2684 0.000049
0 9.5157 48.6665 19.0313 49.3372 0.000048
0 77.5315 283.8680 26.0008 61.6987 0.000048
0 6.6127 125.0206 13.2254 85.3051 0.000047
0 71.5877 293.6684 14.3867 41.3242 0.000047
0 8.6578 228.6720 16.6344 36.4539 0.000046
0 1.8357 194.2351 3.6713 68.8588 0.000043
0 6.1962 60.9373 12.3925 74.0930 0.000043
0 4.2196 252.7820 8.4392 83.6722 0.000038
0 3.9968 346.2451 7.9936 44.9860 0.000034
0 10.8593 73.0517 21.7186 89.1495 0.000033
0 7.5449 245.3270 15.0837 53.7212 0.000031
0 2.7955 35.9786 5.5909 57.4492 0.000030
0 8.9702 173.7423 17.9404 55.4366 0.000029
0 299.0141 215.9308 16.7181 29.8735 0.000029
0 380.0740 258.8159 17.8746 117.0854 0.000028
