0 222.9494 253.5910 19.5724 36.2587 0.828135
0 420.8770 223.7554 15.8254 35.9386 0.820649
0 166.0780 298.4258 27.0399 21.7764 0.800884
0 10.6286 107.7429 20.9025 26.9311 0.006426
0 636.6882 310.7166 6.6236 53.4579 0.003674
0 16.2586 114.1519 32.3629 28.3082 0.002464
0 226.6401 175.2475 15.0233 19.0674 0.001844
0 22.2970 111.2523 42.5685 40.9933 0.001461
0 605.2562 183.5471 37.0376 31.0744 0.001403
0 142.1981 3.9869 24.2442 7.5613 0.001273
0 4.4124 102.5371 8.8230 31.9425 0.001207
0 241.3256 309.4536 20.2496 19.7108 0.001165
0 3.9187 95.2023 7.8373 20.9330 0.001041
0 268.3754 183.6982 12.6696 22.4697 0.000965
0 501.4738 358.4605 20.6951 24.7000 0.000800
0 406.9294 280.3734 21.0069 17.9482 0.000768
0 543.9481 266.1936 15.8305 32.2466 0.000631
0 8.8315 94.1577 16.8322 14.1323 0.000617
0 179.1591 496.1714 52.4979 31.6572 0.000461
0 636.0917 17.1172 7.8166 34.2344 0.000381
0 636.9241 288.7666 6.1518 46.8325 0.000345
0 412.3226 224.7194 10.7919 38.4757 0.000336
0 594.3934 277.6248 14.4520 16.8401 0.000333
0 266.3373 192.4621 12.6283 15.6412 0.000276
0 151.5629 194.1654 13.2564 22.3937 0.000276
0 295.7263 504.6582 34.3815 14.6821 0.000258
0 623.7967 17.2274 32.4066 34.4547 0.000232
0 563.8813 508.9728 28.1129 6.0338 0.000228
0 3.1480 85.1515 6.2959 38.1483 0.000197
0 173.8624 5.0442 17.8347 8.4542 0.000183
0 34.2431 118.2944 25.9529 35.3894 0.000173
0 128.6429 3.8414 22.2801 7.6267 0.000153
0 499.8637 376.5123 33.1851 61.8278 0.000150
0 153.5639 3.9710 36.1106 7.6637 0.000146
0 590.1580 281.2444 19.3223 22.1838 0.000144
0 5.4182 92.4055 10.7755 13.3857 0.000140
0 637.3405 36.4978 5.3188 62.4214 0.000138
0 2.5056 91.5197 5.0113 18.2942 0.000136
0 178.4899 4.3133 17.5935 6.7640 0.000129
0 633.2919 312.0154 13.4162 53.9374 0.000128
0 253.1317 316.0336 42.2121 33.1304 0.000122
0 3.4105 124.2202 6.8210 51.7603 0.000108
0 377.2252 225.8852 17.4296 35.7873 0.000103
0 5.0937 6.2703 10.1873 12.5406 0.000103
0 233.7160 256.9943 10.2378 28.8582 0.000096
0 4.7689 88.1929 9.5378 15.7598 0.000094
0 164.3474 4.2526 21.0220 7.7193 0.000093
0 2.2250 81.6129 4.4500 22.5636 0.000091
0 562.1843 239.2473 12.8983 18.9545 0.000089
0 165.0079 478.0176 29.5141 50.8017 0.000088
0 9.7563 118.5510 19.5125 34.9147 0.000087
0 9.3924 94.6807 16.9973 26.8312 0.000085
0 183.8172 106.2706 11.3163 19.2517 0.000081
0 610.6858 501.3376 34.6094 21.3248 0.000076
0 266.5635 197.0612 13.9365 48.1528 0.000073
0 626.8589 507.0168 20.7195 9.9664 0.000072
0 4.4551 115.0907 8.8035 41.0615 0.000070
0 142.5248 32.7657 30.2610 48.4886 0.000070
0 450.3932 6.3380 23.8695 12.6759 0.000065
0 3.6203 368.0155 7.2404 55.1485 0.000060
0 421.7656 208.8757 16.3726 44.3154 0.000058
0 636.6776 267.0375 6.6447 63.3891 0.000058
0 8.6349 89.5687 16.3223 13.4150 0.000056
0 570.0032 506.4049 36.7072 11.1902 0.000054
0 236.6636 257.6465 9.1828 26.3309 0.000051
0 633.7786 505.9835 12.4427 12.0330 0.000051
0 185.9487 3.6371 20.7346 6.6799 0.000047
0 635.4368 448.8416 8.7976 24.1860 0.000047
0 270.4960 191.5455 14.1785 16.2507 0.000046
0 185.4292 33.8178 41.7617 53.1036 0.000045
0 567.8972 239.6043 13.3511 18.9617 0.000044
0 3.6860 215.7919 7.3720 41.0818 0.000042
0 637.0753 329.8699 5.8495 64.2842 0.000041
0 636.9808 365.7645 6.0385 48.8508 0.000040
0 636.2277 501.2763 7.5446 21.4474 0.000040
0 417.5787 211.7521 14.1901 15.7681 0.000039
0 422.5903 190.5380 15.3708 33.4075 0.000038
0 529.3774 500.6518 23.7085 22.1880 0.000037
0 547.4821 5.0192 27.4867 9.9560 0.000036
0 637.1482 347.6939 5.7036 41.2581 0.000036
0 97.6230 503.6169 48.8455 16.7663 0.000036
0 618.8899 10.8013 40.7920 21.5227 0.000035
0 223.1005 169.5412 22.1357 23.5849 0.000035
0 168.0626 485.1492 33.6460 31.8611 0.000032
0 387.5842 4.5670 27.7169 9.1340 0.000032
0 4.4763 82.5709 8.9525 20.4322 0.000032
0 262.7712 338.1053 31.5228 25.5915 0.000031
0 555.1299 5.7711 22.8926 11.5422 0.000030
0 1.9369 69.8658 3.8737 32.8833 0.000030
0 263.3412 201.0593 15.6906 25.2087 0.000030
0 430.0223 508.1267 24.2647 7.7465 0.000029
0 462.2092 508.3429 45.4547 7.1138 0.000029
0 488.2406 237.5633 13.3693 24.6398 0.000029
0 606.7552 4.7221 22.5505 9.4354 0.000028
0 637.2108 429.0639 5.5785 40.3519 0.000028
0 3.9859 207.3814 7.8664 22.9864 0.000028
0 637.2620 471.6490 5.4760 49.2842 0.000027
0 3.3172 233.5233 6.6343 58.6031 0.000027
0 377.3471 4.7615 21.9962 9.5230 0.000026
0 365.0951 507.7087 22.2349 8.5825 0.000026
0 458.2617 5.3393 35.8616 10.6786 0.000025
