0 408.7415 479.4630 42.8465 34.8430 0.835283
0 233.2590 283.5013 25.5023 27.3746 0.805381
0 312.9910 245.2861 17.0981 39.2682 0.795385
0 270.9574 253.1213 16.3771 29.5456 0.719712
0 631.2934 501.2954 17.4132 21.3306 0.051874
0 317.2845 223.4249 11.9851 17.0617 0.045204
0 263.0542 221.0091 15.6331 30.2865 0.017251
0 264.5740 230.2075 15.7872 36.8349 0.014340
0 258.0663 238.5829 16.3409 41.9341 0.013754
0 309.7938 228.9721 13.7821 13.1125 0.009479
0 312.3625 225.7024 16.5349 17.8169 0.004434
0 267.4106 215.5170 16.7412 35.0776 0.003697
0 4.4503 383.6294 8.8837 35.8505 0.003599
0 262.6851 244.2117 13.6055 35.5370 0.002308
0 266.6016 250.8227 15.0163 29.1350 0.002258
0 206.9042 293.4675 16.4796 15.3363 0.002246
0 267.0930 240.9548 16.2403 36.8754 0.002184
0 392.6561 499.8415 22.2377 24.2295 0.002006
0 197.4586 292.4695 12.6266 15.4120 0.001374
0 309.0610 238.9418 13.2426 28.2525 0.001260
0 490.2335 501.5197 29.7071 20.9561 0.001242
0 637.4324 407.1297 5.1352 46.1898 0.001075
0 257.8613 219.6547 17.2560 30.5896 0.000956
0 212.2871 289.6208 14.2028 21.2778 0.000816
0 5.3932 369.0483 10.7864 66.0668 0.000795
0 3.0572 401.0504 6.1143 45.4543 0.000779
0 637.1972 420.2390 5.6056 46.9464 0.000731
0 222.8466 290.7652 17.6223 22.2571 0.000665
0 87.7304 5.3956 20.9551 10.7375 0.000617
0 637.1206 389.1203 5.7587 67.4323 0.000607
0 633.6314 201.1991 12.7372 50.4900 0.000581
0 270.4768 239.1264 18.7498 47.8626 0.000558
0 216.5901 7.4068 30.5778 14.7952 0.000548
0 635.9863 217.0806 8.0137 59.9899 0.000534
0 272.2748 211.3864 18.6815 35.1624 0.000443
0 625.3913 505.5055 27.1736 12.9889 0.000411
0 15.2557 504.8168 20.8012 14.3664 0.000403
0 216.4106 292.5947 18.0998 16.3755 0.000356
0 3.8678 372.9172 7.7290 49.0208 0.000348
0 2.8901 415.9103 5.7803 30.5532 0.000335
0 313.4767 211.3383 17.5560 32.1433 0.000328
0 636.5853 231.6269 6.8295 43.0419 0.000290
0 2.9478 280.0449 5.8955 56.0792 0.000277
0 6.3086 503.7627 12.1786 16.4746 0.000253
0 490.7503 306.0424 10.1045 16.8477 0.000222
0 636.8875 188.7972 6.2250 44.6992 0.000217
0 258.5366 227.8802 13.5562 25.8586 0.000201
0 310.9743 202.5912 21.2505 44.5764 0.000195
0 192.4872 291.6743 13.9393 16.2236 0.000192
0 107.6039 118.9255 15.7109 29.6567 0.000189
0 258.7817 228.4464 18.4374 34.6857 0.000180
0 405.9189 496.5430 40.8010 30.9140 0.000166
0 68.6639 503.9596 26.6570 15.8058 0.000165
0 321.0360 226.1032 17.3383 21.4204 0.000163
0 2.2435 382.8179 4.4870 34.5454 0.000162
0 262.7705 217.0956 10.6085 16.3931 0.000157
0 630.4250 217.3804 19.0102 59.7286 0.000154
0 637.7462 223.4203 4.5076 47.3073 0.000152
0 318.5712 230.5072 14.6486 27.3274 0.000150
0 132.9165 27.7925 16.6908 31.3548 0.000149
0 633.0287 477.1024 13.9427 52.3305 0.000146
0 627.1373 194.6092 24.9175 46.7108 0.000146
0 2.8373 194.0397 5.6745 52.6456 0.000146
0 635.6504 8.5567 8.6990 17.1133 0.000142
0 3.1435 425.3019 6.2869 36.5854 0.000138
0 218.6635 13.2728 29.8348 26.2524 0.000133
0 621.1875 500.6746 37.6250 22.5083 0.000130
0 609.0422 3.2326 21.1204 6.4652 0.000128
0 636.3560 497.6972 7.2880 28.3278 0.000122
0 271.8308 222.3180 18.9544 35.9477 0.000115
0 493.4403 507.6504 28.2024 8.6877 0.000112
0 72.2302 4.8796 28.5065 9.7591 0.000110
0 3.8400 501.0010 7.6099 21.2436 0.000106
0 23.5787 505.1593 26.6281 13.6761 0.000106
0 3.0349 269.3650 6.0698 34.4183 0.000102
0 1.7867 368.9507 3.5733 44.5911 0.000099
0 557.3159 508.6532 27.0779 6.6936 0.000093
0 271.6670 230.5780 13.5457 32.4833 0.000090
0 25.4013 118.5194 23.2407 21.0090 0.000090
0 636.6348 16.1036 6.7304 32.2073 0.000089
0 272.2065 204.8369 25.3945 39.6213 0.000088
0 599.5208 3.2983 22.3538 6.5965 0.000088
0 181.4681 20.9961 24.8535 41.9922 0.000086
0 32.3379 487.5247 39.1875 48.5436 0.000084
0 305.2597 242.9342 17.2557 33.5734 0.000084
0 4.4882 129.5012 8.9764 33.8075 0.000084
0 507.1440 509.0992 21.0102 5.8016 0.000080
0 258.9811 397.6756 19.4290 23.5695 0.000079
0 92.5346 7.0393 18.5244 14.0610 0.000077
0 7.3974 373.6876 14.6729 44.6656 0.000076
0 374.8419 5.1042 37.1104 10.2083 0.000072
0 276.7904 251.4751 22.7444 27.8202 0.000072
0 3.0477 492.7868 6.0954 35.8109 0.000071
0 629.7426 3.8411 17.7312 7.6822 0.000070
0 637.0982 172.8474 5.8036 38.9048 0.000070
0 502.7107 303.2650 16.9501 18.1301 0.000069
0 2.3673 215.0702 4.7346 47.7108 0.000067
0 503.0665 507.3644 26.5343 9.2711 0.000067
0 220.0085 300.3665 10.9187 23.4545 0.000063
0 569.5845 506.8165 23.3206 10.3670 0.000063
0 2.9597 250.6322 5.9194 59.9017 0.000058
0 203.6088 5.8050 31.6333 11.6100 0.000058
0 213.3830 292.4257 11.8076 13.2939 0.000058
0 97.9273 5.6446 25.0793 11.2204 0.000057
0 2.8955 170.6915 5.7911 48.9103 0.000056
0 363.4781 4.8623 28.1805 9.7246 0.000055
0 8.2175 392.8617 15.5475 44.0123 0.000053
0 635.2120 435.9180 9.5760 63.2670 0.000053
0 71.8490 196.7323 16.6580 34.1953 0.000053
0 259.9525 213.9008 11.4249 16.4387 0.000051
0 2.1131 236.8217 4.2263 71.6376 0.000051
0 260.2997 252.3359 10.3024 21.3986 0.000050
0 254.7066 232.6598 14.4745 29.9225 0.000049
0 636.2475 358.9525 7.5050 50.2966 0.000049
0 128.7926 23.0599 20.7048 36.4670 0.000047
0 611.8842 507.2294 56.2317 9.5412 0.000046
0 632.4014 422.3705 15.1971 42.9189 0.000046
0 10.2293 363.9862 20.3713 71.9949 0.000046
0 83.7065 241.0995 17.7838 19.1406 0.000045
0 1.9500 411.6721 3.8999 48.4775 0.000044
0 617.5856 198.2835 43.9392 47.8736 0.000044
0 81.7503 7.5545 21.3254 15.1090 0.000043
0 292.0062 246.1683 11.3757 29.7809 0.000041
0 228.2910 5.6380 34.0939 11.2760 0.000041
0 619.2899 3.2571 24.9952 6.5143 0.000041
0 513.6567 508.0037 23.8357 7.9240 0.000041
0 493.1871 300.4534 12.7668 25.9942 0.000040
0 391.7437 507.8053 25.2994 8.3894 0.000039
0 219.7574 3.5611 25.2775 7.1222 0.000038
0 265.5804 208.2119 14.7587 28.8539 0.000038
0 3.4668 440.2707 6.9337 57.4354 0.000037
0 10.8419 131.9176 14.5386 31.3448 0.000036
0 1.9291 131.7782 3.8582 47.6378 0.000036
0 309.1497 249.5964 12.6690 30.8748 0.000035
0 65.6911 201.3115 21.4840 27.7595 0.000034
0 261.0119 205.9030 13.2271 39.3041 0.000034
0 503.8315 291.0937 19.6958 32.6384 0.000033
0 637.7276 492.6971 4.5448 34.9481 0.000032
0 634.2134 493.9514 11.5356 34.7107 0.000032
0 276.6762 217.3410 21.6307 36.5615 0.000031
0 272.1942 498.3260 34.3124 26.8715 0.000031
0 386.6399 5.2070 31.0695 10.4140 0.000030
0 262.0646 209.6535 10.8015 23.5281 0.000029
0 202.9906 11.4098 33.3817 22.8196 0.000029
0 4.0562 115.6789 8.1124 50.7917 0.000029
0 128.1692 223.9553 15.3768 22.9165 0.000029
0 621.7214 508.6777 32.7209 6.6446 0.000029
0 499.7405 500.8549 31.2123 22.2903 0.000028
0 507.5471 271.4704 16.4349 37.5914 0.000028
0 44.2179 489.7463 20.0797 43.9197 0.000027
0 358.2950 3.8523 15.0880 7.7046 0.000027
0 149.9238 506.7701 28.0992 10.4598 0.000026
0 431.5179 149.4266 15.3344 34.6571 0.000025
