0 177.7965 175.9086 34.7120 42.8220 0.858240
0 417.5179 377.5198 22.3793 36.6500 0.845737
0 307.0912 135.5022 18.4648 45.0105 0.817328
0 255.6586 118.7941 22.1915 30.5709 0.583761
0 628.2266 96.3447 22.8934 52.3573 0.117961
0 635.2694 289.8634 9.4611 46.2798 0.004231
0 151.9398 505.7934 23.7163 12.4113 0.004090
0 636.0477 89.0220 7.9002 51.6064 0.003458
0 618.0261 127.8396 23.2278 34.2317 0.003374
0 3.9791 280.8922 7.9582 48.6913 0.003328
0 4.1958 303.2683 8.3916 45.3766 0.002481
0 620.2581 400.8370 15.5732 37.5396 0.001896
0 627.5931 402.3359 24.2547 36.9516 0.001399
0 55.6748 100.4380 20.4060 27.1440 0.001382
0 51.6104 104.3110 25.6865 34.0915 0.001370
0 544.3089 7.0644 22.8799 14.1172 0.001362
0 261.0557 128.0711 13.2791 38.3981 0.001299
0 319.8090 507.3591 28.6142 9.2727 0.001109
0 637.2120 72.7488 5.5761 42.8541 0.001001
0 264.3658 129.7861 9.9235 35.2825 0.000862
0 9.1841 416.9422 17.5914 35.3656 0.000694
0 4.3454 415.8402 8.6908 32.9756 0.000684
0 4.4926 318.4731 8.9851 52.2050 0.000650
0 4.0130 257.0436 8.0260 63.1835 0.000610
0 556.0476 6.4451 32.6907 12.8889 0.000581
0 627.0617 420.0734 25.8765 74.5871 0.000508
0 637.6397 82.2854 4.7206 45.8343 0.000421
0 634.5338 267.9517 10.9324 61.6255 0.000419
0 227.9091 174.6837 13.9933 19.3275 0.000395
0 106.7965 508.3148 26.3001 7.3704 0.000334
0 4.6951 506.4129 9.3508 11.0962 0.000326
0 558.1791 309.7333 33.5206 23.6301 0.000320
0 3.0799 406.2064 6.1598 37.1415 0.000305
0 56.3322 91.8925 26.9827 41.8448 0.000302
0 572.0922 4.4018 25.5162 8.7960 0.000287
0 5.9185 15.9380 11.8370 31.8760 0.000284
0 621.8718 119.2180 24.6013 23.0262 0.000280
0 7.4258 8.8778 14.7700 17.7557 0.000278
0 65.4463 90.6835 15.3325 32.7161 0.000267
0 68.7469 3.8196 23.2205 7.6392 0.000251
0 265.7901 140.4323 10.0347 22.3829 0.000244
0 12.5190 5.5437 20.0143 11.0873 0.000239
0 636.6517 13.9128 6.6966 27.8255 0.000233
0 161.2647 505.3029 37.9168 13.3072 0.000215
0 1.8330 411.0302 3.6660 37.0419 0.000179
0 261.0361 80.9893 9.4966 23.0331 0.000166
0 9.6108 507.9819 16.1573 8.0362 0.000159
0 630.7985 461.1949 18.4030 37.9308 0.000152
0 321.6749 504.1052 21.3562 15.4708 0.000151
0 87.6514 450.7223 27.5545 41.3080 0.000151
0 568.9040 8.0829 28.8314 16.1508 0.000150
0 95.3975 3.8942 21.8979 7.6932 0.000150
0 268.3220 81.4024 14.1514 23.7382 0.000144
0 636.8784 114.2608 6.2432 68.3493 0.000142
0 614.9751 398.0638 18.7003 43.2782 0.000141
0 261.7571 115.1207 14.8650 31.6182 0.000135
0 141.4181 506.1289 41.6070 11.7421 0.000128
0 634.5443 402.6107 10.8997 37.1337 0.000127
0 308.6160 120.6644 17.0698 21.7387 0.000123
0 17.3419 7.9025 25.8015 15.8050 0.000122
0 534.7247 6.6126 30.5981 13.2252 0.000119
0 2.8623 170.5694 5.7246 41.9884 0.000118
0 55.6266 3.9220 27.5907 7.8439 0.000118
0 637.5031 97.4576 4.8545 47.0158 0.000111
0 614.1149 119.6981 21.9281 19.6552 0.000110
0 637.1465 52.1586 5.7070 69.0944 0.000108
0 24.8228 5.2060 25.4945 10.4120 0.000107
0 3.5203 223.9794 7.0406 66.9647 0.000098
0 331.1745 506.8164 36.5687 10.3672 0.000095
0 636.9077 134.6851 6.0561 46.8767 0.000091
0 3.9051 22.5817 7.8103 38.9854 0.000087
0 434.6328 40.3797 16.8024 41.0086 0.000086
0 315.1293 503.0740 49.2843 17.3739 0.000083
0 7.3363 272.5983 14.5865 47.6593 0.000082
0 86.4277 3.6042 23.9600 6.9341 0.000081
0 144.5371 3.6320 21.5942 7.2399 0.000078
0 306.0764 95.1188 18.6403 39.6046 0.000071
0 257.2101 131.4021 17.6796 39.2954 0.000070
0 3.6972 502.5523 7.3943 18.8954 0.000070
0 634.3930 434.0698 11.2140 40.6543 0.000069
0 254.3724 107.3859 18.6020 21.7797 0.000068
0 625.9823 83.9572 23.4165 48.2673 0.000068
0 636.3072 316.2777 7.3856 60.5521 0.000067
0 100.0604 21.1402 21.9716 40.0920 0.000066
0 340.6829 505.5507 43.5457 12.7945 0.000066
0 33.9487 4.8030 25.1674 9.6059 0.000064
0 3.3084 460.3618 6.6167 35.9862 0.000064
0 451.1847 506.3762 23.3209 11.2477 0.000063
0 3.8423 111.1111 7.6846 36.5659 0.000061
0 3.1937 188.9017 6.3873 48.0671 0.000061
0 3.2196 477.5394 6.4393 46.4655 0.000060
0 43.3295 4.3442 23.5669 8.6884 0.000059
0 635.0347 105.0075 9.5289 36.7462 0.000056
0 309.4021 508.1852 32.2310 7.6296 0.000055
0 104.5688 7.6119 28.8833 15.2238 0.000049
0 634.8757 111.0735 10.2486 77.1254 0.000049
0 3.6350 490.9950 7.2700 39.0211 0.000046
0 634.9751 121.0912 9.3916 41.0269 0.000045
0 10.9129 3.5050 19.8015 6.9771 0.000045
0 66.6571 81.0647 15.4603 23.5367 0.000042
0 355.4454 506.4700 29.4091 11.0600 0.000041
0 4.4092 446.7269 8.8183 53.2174 0.000041
0 251.6663 113.0809 17.0120 21.9461 0.000041
0 629.0602 359.0209 21.5375 30.2146 0.000041
0 497.8211 403.4730 16.4092 23.2520 0.000040
0 265.7586 120.2014 15.0510 31.1626 0.000040
0 260.4711 97.8744 13.7511 37.0891 0.000040
0 313.8427 119.7383 15.1324 21.6097 0.000039
0 255.7040 103.8026 22.4298 45.1498 0.000039
0 151.5630 4.1208 25.4168 8.2415 0.000038
0 617.9434 110.5326 23.0488 29.0424 0.000037
0 231.9518 170.8414 12.5683 23.1319 0.000037
0 1.8612 97.0010 3.7223 59.3374 0.000036
0 595.3635 120.1750 18.6327 24.0709 0.000036
0 134.2258 3.3549 25.8960 6.6091 0.000036
0 189.8366 177.5679 26.6115 39.2588 0.000036
0 571.9015 508.7472 30.4799 6.5057 0.000036
0 637.1935 148.7622 5.5671 51.0869 0.000036
0 632.6796 285.8808 13.3254 35.2775 0.000036
0 637.2397 27.5965 5.5206 55.1930 0.000035
0 615.0966 496.9969 19.7483 30.0061 0.000034
0 631.5392 8.4841 15.9049 16.9681 0.000033
0 428.1838 376.8510 19.7429 38.6603 0.000033
0 1.9953 122.3218 3.9906 48.4517 0.000032
0 626.1215 117.4969 27.4417 56.5429 0.000031
0 7.6883 257.5888 14.7867 42.9677 0.000031
0 581.7721 3.7588 28.5724 7.5176 0.000031
0 2.4466 264.7357 4.8932 46.9837 0.000031
0 73.9083 96.9849 23.0208 32.8267 0.000031
0 637.8373 112.8373 4.3253 53.2829 0.000031
0 78.9414 3.6520 27.6679 7.3039 0.000030
0 342.7260 297.3027 13.1022 11.8795 0.000030
0 437.4847 15.3458 24.3357 29.4070 0.000030
0 2.3638 422.3964 4.7276 43.3552 0.000030
0 621.0027 463.9463 37.5662 27.2609 0.000030
0 7.9619 427.5197 15.9238 41.2153 0.000029
0 18.0941 4.2167 25.7589 8.3641 0.000029
0 240.7509 68.2239 18.1145 26.1923 0.000029
0 632.4990 422.5849 15.0020 68.0656 0.000029
0 124.3375 3.3720 23.1057 6.6156 0.000029
0 85.6499 461.6169 21.5892 17.9629 0.000029
0 1.5942 394.3380 3.1884 47.9209 0.000028
0 3.3799 390.9629 6.7598 40.0820 0.000028
0 47.9432 97.5722 25.9854 40.4028 0.000028
0 38.9632 508.1101 20.0536 7.7797 0.000028
0 371.0215 477.0344 22.3753 22.9717 0.000028
0 631.7887 77.9729 16.1248 50.2085 0.000027
0 418.3212 11.4999 27.8870 22.9711 0.000027
0 128.2473 506.7205 50.8082 10.5590 0.000027
0 508.9749 508.4358 24.6221 6.9807 0.000026
0 3.7125 90.3721 7.4249 67.2559 0.000026
0 231.4281 181.0186 18.4446 20.5811 0.000026
0 622.6902 115.3210 32.1594 87.1520 0.000025
0 636.9341 341.9089 6.1317 34.4230 0.000025
