0 193.8769 173.2532 25.3296 53.6423 0.841806
0 567.8119 390.2519 30.6975 40.9080 0.841592
0 329.0380 135.8353 15.6583 41.7019 0.755562
0 632.7057 411.9404 14.4883 39.7596 0.114243
0 632.6903 138.7314 14.4780 39.5381 0.026278
0 169.2171 171.0523 19.9681 17.3026 0.006403
0 633.8033 472.6459 12.3933 25.7266 0.005990
0 80.5933 93.2109 19.6779 24.6138 0.005067
0 462.1165 44.5511 17.9779 40.8312 0.002982
0 277.4879 106.4264 13.5908 24.8384 0.002336
0 277.6790 114.9801 16.2824 29.7500 0.001663
0 6.0158 476.5049 12.0268 38.3471 0.001657
0 632.4484 402.7516 13.7188 20.1801 0.001303
0 134.7472 15.2495 26.0468 30.4990 0.001157
0 328.9223 505.4267 30.2999 13.0782 0.001119
0 634.8351 399.4412 10.3236 42.1384 0.001064
0 282.0967 104.8179 12.6954 26.0006 0.000878
0 333.4459 121.0844 11.1993 17.4906 0.000791
0 330.4564 142.4798 10.8397 30.3744 0.000719
0 633.7257 433.1173 12.5231 53.5285 0.000682
0 514.0143 205.4408 20.9208 21.7251 0.000633
0 196.4503 64.9968 13.6345 23.3490 0.000540
0 87.3497 89.2169 17.5156 27.6831 0.000538
0 321.8477 507.2157 29.0704 9.5686 0.000504
0 584.9690 392.7045 17.4990 37.9773 0.000395
0 635.4513 116.6110 9.0973 42.4614 0.000386
0 326.3953 124.5290 18.6166 21.2989 0.000378
0 632.5937 428.9608 14.8126 94.6432 0.000352
0 552.1891 5.0445 21.3726 10.0889 0.000347
0 637.4485 396.7696 4.8975 23.3147 0.000324
0 636.2682 93.9719 7.4635 45.3659 0.000317
0 120.1758 3.9327 24.9685 7.8654 0.000265
0 620.5646 3.2601 24.2904 6.4427 0.000263
0 615.8350 4.6162 26.7382 9.2323 0.000263
0 3.1088 446.0017 6.2176 42.6366 0.000261
0 90.5993 83.4369 15.0924 33.9729 0.000223
0 249.7836 170.3599 12.1233 22.0098 0.000219
0 194.9884 74.5901 13.1154 25.3673 0.000202
0 289.6912 152.9582 11.4318 19.7242 0.000197
0 635.2292 134.9413 9.3871 38.3401 0.000194
0 575.2506 318.3601 36.2429 22.2372 0.000192
0 533.5690 3.3903 26.7660 6.6913 0.000183
0 562.8779 3.3973 23.4185 6.7768 0.000173
0 636.9601 81.0511 6.0799 51.8132 0.000166
0 606.2830 7.4982 32.5908 14.9964 0.000160
0 599.4816 4.8053 26.2609 9.6106 0.000152
0 128.8510 8.2492 21.5304 16.4984 0.000151
0 4.2633 457.9446 8.5267 32.3860 0.000148
0 559.7919 5.4671 19.0725 10.9342 0.000145
0 633.4647 449.5014 13.0707 41.0796 0.000139
0 121.6155 10.5293 26.5275 20.9891 0.000135
0 635.8695 381.8137 8.2611 40.7833 0.000135
0 636.0573 367.7880 7.8854 39.8309 0.000135
0 634.9247 5.3735 10.0916 10.7470 0.000121
0 624.7635 477.4604 30.4730 30.8832 0.000121
0 5.1649 504.2181 10.1675 15.0638 0.000120
0 338.8049 119.4489 14.4894 19.8567 0.000117
0 51.8477 3.6030 23.4360 7.1160 0.000115
0 6.8239 5.8307 13.6478 11.6613 0.000113
0 343.6859 504.5590 41.2590 14.8527 0.000111
0 153.3223 3.8882 25.3919 7.7764 0.000111
0 284.1552 92.5545 11.5967 28.2344 0.000110
0 548.7605 3.2078 28.5574 6.2835 0.000107
0 507.6084 205.1902 13.4684 22.4093 0.000107
0 273.8188 121.7476 19.6238 39.6679 0.000106
0 3.3255 401.6358 6.6509 35.8052 0.000100
0 327.5325 103.9854 18.9320 35.5738 0.000100
0 3.0640 300.4626 6.1279 34.4539 0.000099
0 69.7663 3.8812 23.9305 7.6382 0.000098
0 636.7672 270.4567 6.4655 41.8236 0.000098
0 333.6361 128.5586 17.2296 32.8953 0.000098
0 164.7630 3.5500 20.6510 7.0367 0.000097
0 130.2665 4.3469 23.1648 8.6938 0.000097
0 11.2289 3.8739 20.0849 7.7477 0.000095
0 174.2213 3.4076 22.7313 6.8152 0.000094
0 606.1670 3.7432 27.5962 7.4862 0.000093
0 577.5458 10.5631 25.5902 21.0744 0.000092
0 563.1740 9.5736 21.2904 19.1336 0.000088
0 512.0601 196.1027 19.8369 29.5366 0.000086
0 525.2549 3.0940 26.1963 6.0338 0.000084
0 637.2784 110.4719 5.4432 41.8003 0.000082
0 317.4424 504.3061 37.3500 15.1522 0.000078
0 145.6775 11.3776 32.1129 22.7551 0.000072
0 278.7146 94.1490 13.4572 30.7787 0.000070
0 6.1669 255.1021 11.7275 24.8446 0.000069
0 3.2639 132.8955 6.5061 52.5076 0.000068
0 637.0704 125.6641 5.7856 41.8650 0.000068
0 273.5331 108.6513 19.6401 28.0590 0.000068
0 144.4030 4.5889 29.9150 9.1778 0.000067
0 105.5418 3.3254 24.7572 6.5661 0.000067
0 86.2910 508.9476 26.5253 6.1048 0.000065
0 3.1163 278.5738 6.2327 49.5310 0.000061
0 372.5711 370.5947 21.3235 15.5549 0.000061
0 323.9272 132.6975 21.3864 35.2628 0.000061
0 9.9924 508.1909 16.8302 7.6181 0.000059
0 324.1224 115.7901 22.7203 34.6107 0.000058
0 82.0916 3.3035 22.6318 6.6034 0.000057
0 288.8433 101.2443 17.0671 28.6877 0.000055
0 288.8784 112.7522 15.2514 29.8502 0.000053
0 627.8027 472.8297 20.9570 22.7180 0.000052
0 246.4850 174.1589 13.8504 18.5070 0.000051
0 626.9423 5.7207 25.6653 11.4413 0.000051
0 201.5660 67.3288 15.6965 25.1600 0.000050
0 632.9577 507.0355 14.0846 9.9290 0.000049
0 575.1230 4.2564 27.3959 8.5129 0.000049
0 92.1094 3.1999 21.6710 6.3882 0.000048
0 594.4705 3.7555 21.4910 7.5110 0.000046
0 548.1494 7.8031 26.8628 15.4761 0.000046
0 4.1975 263.7808 8.3405 40.5203 0.000045
0 637.2429 293.3271 5.5142 31.1899 0.000044
0 86.4624 99.0705 19.6424 35.8716 0.000044
0 333.5123 114.9589 11.3063 17.7224 0.000044
0 88.7070 73.7466 18.4160 23.1337 0.000043
0 325.6476 147.5393 12.3007 20.2956 0.000043
0 634.3100 487.3035 11.3800 47.7740 0.000043
0 3.1375 418.3055 6.2750 30.7532 0.000043
0 291.1697 148.2995 9.0405 14.6035 0.000041
0 592.2189 8.7562 26.3325 17.5124 0.000041
0 73.2705 94.8215 16.4562 26.8482 0.000039
0 499.6317 507.7090 20.3781 8.5820 0.000039
0 636.5043 347.6906 6.9915 47.5941 0.000039
0 632.0024 124.0686 15.8572 35.4821 0.000039
0 1.9507 473.6656 3.9014 31.9129 0.000038
0 637.8529 386.7844 4.2942 34.1633 0.000038
0 81.5489 79.2015 22.4078 35.6320 0.000037
0 622.7241 130.7364 20.1123 27.6352 0.000036
0 637.2670 54.7608 5.4659 68.1049 0.000034
0 550.6447 11.8604 33.5111 23.6627 0.000034
0 636.4201 332.4623 7.1598 46.2384 0.000033
0 162.8612 500.3127 25.0424 22.7612 0.000033
0 184.1761 4.0684 27.4982 8.1368 0.000033
0 5.5791 498.6186 11.1581 26.7628 0.000032
0 3.2193 362.5088 6.4385 35.4923 0.000032
0 627.3184 508.5164 22.9482 6.9672 0.000031
0 612.6658 508.6131 25.1067 6.6729 0.000031
0 97.8956 80.8292 22.7460 34.6791 0.000031
0 584.4094 8.5128 23.8132 17.0256 0.000030
0 112.7249 3.6838 22.9831 7.3675 0.000030
0 287.3308 148.7318 12.0463 16.0352 0.000030
0 328.2664 498.7179 45.6864 25.5399 0.000030
0 266.0721 60.8020 15.3952 27.3369 0.000029
0 265.3616 9.5427 20.5165 18.9955 0.000029
0 313.9935 507.7269 55.5651 8.5221 0.000028
0 360.5859 506.3449 28.8746 11.3102 0.000028
0 637.8203 8.1500 4.3595 16.3000 0.000028
0 191.4458 64.1241 18.6156 26.6361 0.000027
0 397.4954 490.3427 20.9396 42.2332 0.000027
0 539.2775 508.6552 33.3196 6.6895 0.000027
0 518.3530 192.6934 24.1011 25.3539 0.000026
0 3.4468 319.7390 6.8935 34.9443 0.000026
0 2.2343 432.8321 4.4685 47.8290 0.000026
0 491.2076 507.3493 20.5957 9.3014 0.000026
0 5.6583 15.5475 11.3165 31.0950 0.000025
0 187.9908 74.7915 19.9591 27.8522 0.000025
