0 547.8614 384.3807 23.4964 38.5650 0.827715
0 277.5572 383.5988 31.0611 45.3748 0.815210
0 4.3887 355.1282 8.7774 50.5660 0.029978
0 625.9285 333.5897 20.2930 33.5291 0.018499
0 430.1254 4.1515 20.0392 8.2788 0.011441
0 66.3102 140.0543 25.9375 45.1977 0.008661
0 508.9342 406.5898 22.2595 30.8110 0.006727
0 4.7263 421.4255 9.4473 36.8697 0.006107
0 202.2398 4.7326 22.5154 9.4191 0.005020
0 504.1747 193.4420 15.9048 38.5210 0.004854
0 428.9202 11.4101 22.3963 22.8164 0.004765
0 634.8670 275.3447 10.2660 63.2933 0.004311
0 191.9649 8.2445 20.5578 15.8895 0.003830
0 633.7395 314.5977 12.5211 63.9833 0.003552
0 187.4018 12.9183 18.1659 23.4653 0.002549
0 635.5349 299.5053 8.9303 62.7325 0.001963
0 3.4874 92.5174 6.9748 31.4762 0.001880
0 9.1196 504.8944 18.2290 14.2113 0.001713
0 628.0269 346.2442 22.6867 58.9904 0.001578
0 433.8015 7.4319 22.9108 14.8638 0.001478
0 4.5675 332.6834 9.1350 56.3336 0.001234
0 6.5527 95.7182 13.1054 43.6468 0.001223
0 210.1255 3.7030 28.9188 7.3727 0.001144
0 424.7214 6.0324 28.7850 12.0362 0.001108
0 630.2785 327.9784 18.7711 38.3315 0.000979
0 520.3592 3.0717 17.1143 6.1391 0.000977
0 205.4434 7.7160 27.8900 15.4166 0.000888
0 130.4787 508.3346 26.7833 7.3307 0.000820
0 636.8028 281.7686 6.3945 52.7232 0.000794
0 518.3095 10.4349 19.8465 20.8698 0.000787
0 241.6663 3.9447 17.6756 7.8874 0.000710
0 4.3891 378.4595 8.7781 60.6582 0.000680
0 3.6047 431.4996 7.2093 52.4024 0.000675
0 418.7930 11.0076 34.4942 21.9961 0.000559
0 625.5151 508.6436 25.1617 6.7126 0.000559
0 4.6641 404.5427 9.3281 49.8210 0.000538
0 5.4489 501.8501 10.8977 20.2999 0.000532
0 629.7452 306.3823 20.5096 80.2333 0.000514
0 514.4884 5.1967 22.5513 10.3933 0.000466
0 2.9424 362.6705 5.8849 41.3069 0.000453
0 7.2300 357.3861 14.4320 55.4923 0.000441
0 6.3871 496.7822 12.7522 30.4355 0.000433
0 9.7610 140.4336 19.2600 37.1084 0.000406
0 636.5616 325.9266 6.8066 43.1332 0.000399
0 437.1071 3.9024 24.5475 7.8047 0.000391
0 79.9964 508.8889 25.8083 6.2222 0.000387
0 3.6076 392.7004 7.2151 65.5407 0.000382
0 523.8914 5.2442 23.0011 10.4758 0.000377
0 3.1439 444.3369 6.2394 47.9247 0.000345
0 13.9960 507.8349 25.7519 8.3304 0.000339
0 199.3050 12.4088 29.6460 24.4063 0.000337
0 56.1673 149.1396 15.2371 27.7615 0.000327
0 631.9476 507.6927 16.1047 8.6146 0.000319
0 637.0734 262.2436 5.8530 44.0547 0.000304
0 3.3491 249.1346 6.6981 35.4381 0.000254
0 634.2586 344.5639 11.4829 62.0599 0.000225
0 413.2054 5.3549 36.7189 10.7098 0.000213
0 36.9105 266.0757 26.4023 44.5312 0.000209
0 628.7223 281.5304 20.5978 50.4829 0.000208
0 172.1901 117.9937 13.8554 22.0637 0.000203
0 167.6142 104.9091 17.3196 27.0995 0.000199
0 4.1322 492.8486 8.2644 37.1580 0.000190
0 578.8799 170.7712 11.9738 20.7042 0.000189
0 21.1694 506.4301 32.3758 11.1398 0.000185
0 279.7751 398.7358 30.0909 20.5531 0.000179
0 285.7668 380.4994 19.7360 43.9980 0.000156
0 89.6324 507.7695 33.1928 8.4610 0.000145
0 121.8029 508.7061 28.1240 6.5879 0.000145
0 297.1955 316.8790 14.2047 18.4856 0.000141
0 164.0666 96.1824 20.9560 37.9714 0.000130
0 532.5802 3.5715 28.1015 7.1178 0.000129
0 181.0486 8.3610 25.7486 16.4474 0.000127
0 283.4103 5.9837 21.5482 11.9058 0.000127
0 7.4861 90.7458 14.4348 23.8753 0.000127
0 3.4414 103.7252 6.8659 48.7349 0.000119
0 86.2328 76.0476 19.8980 17.6087 0.000118
0 231.9830 3.7688 29.3039 7.5376 0.000115
0 3.5152 161.7924 7.0303 45.0023 0.000112
0 634.6205 329.7283 10.7242 33.9030 0.000109
0 130.1170 503.5861 26.6994 16.8278 0.000105
0 445.0798 4.6905 32.6721 9.3810 0.000094
0 3.9847 203.4339 7.9694 54.7894 0.000093
0 299.5404 314.4818 21.1652 24.1994 0.000092
0 609.5526 508.8162 41.7341 6.3676 0.000092
0 636.7946 474.4289 6.4109 50.9955 0.000084
0 637.2610 98.8948 5.4780 42.9561 0.000084
0 5.4869 166.9825 10.9737 61.3185 0.000083
0 554.3110 36.5297 14.5669 13.1383 0.000083
0 273.1226 508.0119 30.0136 7.9762 0.000083
0 4.4133 82.9620 8.8266 38.0447 0.000083
0 636.0924 495.2386 7.8152 33.5228 0.000082
0 192.7101 17.0281 27.7381 32.0171 0.000081
0 397.8410 4.2365 20.5990 8.4729 0.000081
0 635.9691 8.3301 8.0618 16.6603 0.000080
0 12.7993 350.8322 25.4190 59.5655 0.000078
0 52.8105 144.6274 11.4642 22.4276 0.000077
0 4.1067 230.7241 8.2134 48.0060 0.000076
0 5.4610 188.9882 10.9221 49.2846 0.000075
0 511.1846 8.1340 32.4883 16.2680 0.000074
0 336.8167 5.4782 21.9298 10.9565 0.000071
0 629.8975 369.3253 20.2050 108.8138 0.000070
0 12.9730 493.2738 24.7963 37.2377 0.000068
0 7.4551 430.0866 14.6436 48.4167 0.000068
0 108.4250 508.0361 37.7654 7.9279 0.000068
0 547.6905 37.2492 29.3650 13.2196 0.000066
0 9.2612 327.2626 18.4523 47.2196 0.000065
0 59.0593 143.5291 19.1384 37.4198 0.000063
0 584.2209 508.5959 29.6035 6.8082 0.000060
0 637.2009 78.8698 5.5981 53.9776 0.000060
0 541.5555 508.8274 31.6955 6.3452 0.000059
0 174.2518 105.7504 22.4538 25.5408 0.000059
0 508.8199 195.4956 19.1067 42.0732 0.000056
0 542.5088 396.2563 21.1003 21.1643 0.000055
0 444.2159 10.8387 41.4445 21.6774 0.000052
0 503.8842 177.5786 18.2992 14.9018 0.000051
0 550.8291 41.1078 22.2472 19.1837 0.000051
0 3.2159 145.1207 6.4318 36.8459 0.000051
0 526.3344 9.7389 25.2327 19.4616 0.000050
0 636.5015 258.9172 6.9970 75.0566 0.000050
0 635.0590 304.5745 9.8820 111.4555 0.000050
0 573.4318 169.2277 14.0677 23.3727 0.000049
0 637.0983 341.9749 5.7073 54.1199 0.000049
0 220.0249 3.4883 33.3377 6.8610 0.000048
0 181.5761 107.4184 21.5627 26.9145 0.000046
0 508.7245 390.1411 15.4852 10.0138 0.000045
0 176.2738 114.1294 14.5967 17.8719 0.000045
0 501.1445 509.3873 20.2592 5.2254 0.000045
0 113.3717 7.1470 19.2166 14.2939 0.000041
0 423.6240 507.1483 31.2965 9.7033 0.000041
0 13.3798 502.0155 26.7596 19.9690 0.000041
0 161.6140 505.7002 30.0522 12.5996 0.000038
0 231.7839 508.2421 24.2019 7.5158 0.000037
0 496.0867 183.9891 12.6619 22.5487 0.000037
0 143.1427 506.2231 54.5407 11.5538 0.000036
0 33.9176 508.0372 32.4995 7.9257 0.000035
0 5.4543 146.7338 10.5400 36.9592 0.000034
0 393.7114 3.2696 16.8898 6.4826 0.000034
0 289.0789 380.4120 36.8536 41.4238 0.000034
0 266.9825 506.9265 30.2828 10.1470 0.000032
0 536.7479 127.0791 23.0647 23.5154 0.000031
0 165.9958 124.6555 13.9480 14.6814 0.000031
0 628.4097 299.1311 21.6155 35.8441 0.000031
0 636.8846 14.3545 6.2308 28.7090 0.000031
0 503.2980 389.6670 13.8865 15.7223 0.000030
0 3.5635 303.7452 7.1269 38.9301 0.000030
0 318.7033 508.7697 31.5127 6.4606 0.000030
0 2.7672 316.7755 5.5344 55.3849 0.000030
0 65.9443 123.5138 32.5847 80.7293 0.000030
0 2.9535 263.7375 5.9069 30.8523 0.000029
0 170.8659 107.3124 15.4954 19.7905 0.000029
0 578.2642 160.8210 14.2749 21.6996 0.000028
0 2.3871 484.8224 4.7741 43.3251 0.000028
0 3.7244 128.3646 7.3187 31.2194 0.000027
0 63.9150 508.7017 41.1971 6.5966 0.000027
0 636.6163 392.2560 6.7673 53.0317 0.000027
0 148.8506 508.1627 35.4168 7.6700 0.000027
0 628.8608 4.3547 18.8053 8.7094 0.000027
0 228.9793 344.1171 17.6029 44.2811 0.000027
0 637.2498 115.7570 5.5004 45.7171 0.000026
0 244.9017 508.3858 33.7787 7.2284 0.000026
0 45.7679 508.3967 34.7360 7.2066 0.000026
0 280.6376 408.3683 28.9420 32.0104 0.000026
0 2.6075 114.9180 5.2150 46.8811 0.000026
0 5.2207 9.2693 10.4413 18.5386 0.000026
0 428.9011 23.1801 24.1677 46.3602 0.000025
0 5.2894 477.6726 10.1772 27.0112 0.000025
