0 366.1954 254.1991 35.4673 134.4108 0.874370
0 333.1882 247.2567 31.6274 90.9621 0.872135
0 239.1915 233.4907 25.0304 47.8140 0.850675
0 2.9220 184.5749 5.8439 58.2634 0.032893
0 13.9892 208.8462 27.9746 78.9185 0.022835
0 6.1042 202.9380 12.2083 85.1582 0.015743
0 4.1107 133.9322 8.2213 91.7004 0.003551
0 3.1503 233.3014 6.2993 42.6974 0.003209
0 3.2343 214.7650 6.4687 78.5417 0.002078
0 2.9255 162.2537 5.8510 65.6453 0.001884
0 11.0679 188.7569 21.9791 70.3311 0.001082
0 6.7793 224.7938 13.5242 62.1160 0.000934
0 3.4735 243.0023 6.9468 76.1167 0.000767
0 38.0977 112.8576 36.1799 33.8654 0.000765
0 3.1173 160.8222 6.2346 108.8229 0.000723
0 601.9332 12.8211 34.7162 25.6379 0.000661
0 8.2014 170.4315 16.4023 89.4591 0.000561
0 14.6883 205.8882 27.7809 39.4591 0.000436
0 624.8985 139.3876 30.0703 92.0438 0.000394
0 635.7757 273.5321 8.4485 106.2163 0.000355
0 316.0656 506.9369 32.6551 9.9590 0.000326
0 5.2417 114.9341 10.4834 58.6513 0.000287
0 40.3196 107.4813 30.5023 20.9527 0.000259
0 30.0514 159.8991 54.5627 127.7970 0.000250
0 635.3480 234.1338 9.3041 47.0956 0.000236
0 606.8641 7.2491 29.3958 14.4395 0.000205
0 5.6129 110.9973 11.2258 141.9137 0.000190
0 131.6066 251.4138 9.7855 36.1017 0.000142
0 90.8272 193.4155 31.0514 34.1531 0.000140
0 37.6195 139.9867 39.2287 88.8143 0.000129
0 91.2677 179.6124 32.1190 58.6127 0.000121
0 7.6956 139.9887 15.3912 89.3717 0.000116
0 525.5163 283.7132 11.2144 18.4759 0.000109
0 350.1186 250.4233 16.0402 94.4000 0.000107
0 630.0411 206.5207 19.9178 71.4660 0.000104
0 232.9145 233.1479 13.8127 44.5007 0.000103
0 2.6341 347.6945 5.2682 53.3948 0.000069
0 612.4302 4.5846 23.5050 9.1691 0.000067
0 326.1898 260.6957 18.2057 66.6852 0.000067
0 52.0820 231.7448 14.3158 42.6129 0.000065
0 638.0078 284.3221 3.9845 69.4688 0.000063
0 261.2462 4.0070 30.9671 8.0140 0.000062
0 90.2590 210.4621 31.7909 69.4264 0.000056
0 636.4902 251.4854 7.0195 84.4262 0.000054
0 632.7056 218.2959 14.5888 65.1656 0.000051
0 2.9495 259.1460 5.8990 59.5233 0.000048
0 3.3334 58.9472 6.6668 59.8998 0.000046
0 633.4257 225.3979 13.0731 31.1469 0.000037
0 525.8467 275.9431 12.1436 31.2981 0.000037
0 15.2319 164.1013 30.4639 130.8925 0.000033
0 327.2656 236.9436 20.7974 69.6937 0.000032
0 12.7817 133.7845 25.5635 81.8041 0.000032
0 4.3595 85.8439 8.7189 77.0481 0.000032
0 2.7151 323.0931 5.4301 66.8214 0.000031
0 2.8504 293.4008 5.7008 72.2123 0.000031
0 631.9000 169.6730 16.2001 141.7892 0.000029
0 304.8356 506.2318 44.3600 11.3041 0.000025
0 100.3588 191.4976 21.2706 35.1220 0.000025
0 261.9875 9.9505 32.8181 19.9010 0.000025
