0 298.5067 175.1555 17.9024 21.1647 0.005516
0 55.7270 455.9583 30.5399 66.3970 0.002675
0 212.2362 179.0058 20.8943 33.9791 0.001954
0 300.0620 143.2994 16.2793 17.5909 0.001231
0 3.4874 272.2045 6.9747 53.2899 0.001182
0 297.9139 161.9507 18.2414 44.2573 0.000961
0 306.6207 142.8996 13.2421 14.5589 0.000709
0 2.6587 414.1294 5.3173 45.6265 0.000568
0 297.8748 133.5164 21.9830 26.8544 0.000307
0 637.6488 227.9238 4.7023 55.5019 0.000285
0 4.2092 257.1613 8.4185 55.7523 0.000284
0 634.7116 345.4381 10.5767 54.0050 0.000258
0 293.3932 176.0682 17.8578 18.9028 0.000193
0 294.7622 234.1608 18.4663 22.3736 0.000190
0 634.4969 327.6597 11.0064 46.3209 0.000175
0 301.8909 151.9093 18.0607 27.9471 0.000152
0 295.5767 144.3375 20.1941 33.1865 0.000148
0 219.9774 508.7832 23.7026 6.4337 0.000135
0 78.6004 4.1130 24.9325 8.1007 0.000131
0 636.8710 243.9675 6.2320 62.8015 0.000129
0 635.7263 301.5342 8.5475 56.1451 0.000125
0 288.0715 133.7832 25.5783 25.8132 0.000124
0 637.3582 203.6860 5.2836 61.3367 0.000116
0 419.5627 3.4094 22.8754 6.7767 0.000109
0 3.5900 401.4285 7.1799 54.0887 0.000108
0 6.3453 270.2259 12.6250 70.7144 0.000103
0 204.5892 192.7253 18.3218 43.8122 0.000089
0 7.1541 249.8627 14.2770 40.9952 0.000086
0 493.5059 108.3790 16.2947 23.4520 0.000083
0 238.3571 62.6206 45.0085 48.5847 0.000078
0 216.7554 67.5078 14.3789 41.7847 0.000078
0 291.0446 141.0712 35.8494 53.0861 0.000076
0 306.0039 134.4507 15.1056 24.9554 0.000074
0 494.8246 98.5989 18.2843 35.6227 0.000068
0 636.8014 285.7227 6.3972 51.2207 0.000064
0 306.2045 152.4381 10.4582 29.0775 0.000063
0 46.5070 429.8872 14.9681 15.4380 0.000058
0 635.8875 365.2578 8.2250 53.9159 0.000057
0 198.0003 209.2318 26.2703 59.0122 0.000055
0 305.4501 229.7484 23.2407 17.4189 0.000054
0 532.1732 507.3265 29.0332 9.3430 0.000051
0 4.4691 416.8312 8.9383 52.5879 0.000048
0 207.2501 72.3724 24.8269 41.7757 0.000046
0 636.1499 384.0600 7.7002 51.1803 0.000045
0 600.0813 430.7826 27.3674 26.0098 0.000044
0 421.9181 325.1390 22.2881 23.5046 0.000043
0 291.7492 171.1056 22.5189 32.4977 0.000043
0 94.7519 447.8488 21.5922 45.5260 0.000042
0 23.3167 499.3928 15.5062 17.7419 0.000039
0 3.5877 293.1324 7.0574 54.8079 0.000038
0 86.8622 4.7493 30.9310 9.4986 0.000034
0 537.8433 505.4683 29.9550 13.0634 0.000034
0 3.1532 357.1467 6.2788 38.7614 0.000033
0 456.6137 508.5557 23.5913 6.1210 0.000032
0 11.6610 264.9336 23.3220 65.3222 0.000031
0 636.0387 21.0974 7.9226 41.7011 0.000031
0 4.2908 433.5751 8.5816 60.5869 0.000030
0 636.9878 129.3925 6.0244 54.9201 0.000029
0 500.2116 106.4292 27.5731 31.5925 0.000029
0 28.1066 506.6401 16.0514 8.9126 0.000029
0 310.4226 147.6635 15.6754 18.8771 0.000028
0 285.2002 226.6582 26.4905 34.8583 0.000028
0 550.3801 506.1124 27.4675 11.7555 0.000028
0 446.9404 505.2830 20.1252 9.7544 0.000027
0 543.2967 506.9723 27.5082 10.0555 0.000026
0 436.2526 507.5728 28.1419 8.0447 0.000025
0 549.9066 3.7539 26.8605 7.5077 0.000025
0 308.7700 3.8016 22.5726 7.3291 0.000025
