0 490.5440 171.1181 28.0700 57.2999 0.882109
0 466.3407 237.8297 29.9504 56.3822 0.841866
0 298.5267 22.4048 29.1654 24.2818 0.478270
0 374.9518 202.7896 14.4413 28.0086 0.268142
0 424.0319 243.2877 16.6302 24.5968 0.187490
0 315.4187 505.4821 30.0779 13.0359 0.109270
0 316.4941 365.6198 22.5780 40.2169 0.057752
0 627.9628 487.7108 24.0513 45.3655 0.048156
0 568.0092 496.4223 41.5780 30.9771 0.031294
0 324.0867 504.9525 28.8375 14.0834 0.020364
0 365.0472 153.0681 25.3070 38.2723 0.011631
0 417.6590 274.1404 24.0813 42.0854 0.007043
0 311.7894 507.4098 25.0482 9.1805 0.005411
0 327.2170 466.6052 31.4279 81.9077 0.003803
0 370.1229 206.3307 20.6133 22.7014 0.002716
0 451.1521 218.5278 17.0934 32.8551 0.002041
0 364.4645 160.4919 22.4155 16.6584 0.001950
0 397.9602 160.2158 20.0326 27.5842 0.001855
0 496.6256 486.8884 19.0095 28.4484 0.001809
0 300.9104 506.9581 41.7770 10.0837 0.001745
0 367.1756 188.6190 24.4122 53.7954 0.001042
0 360.1839 209.6159 16.4941 16.4833 0.001035
0 306.8046 502.3984 35.6673 18.5738 0.000878
0 365.0402 169.9024 25.0134 32.2503 0.000833
0 347.9916 508.4999 31.1567 6.9831 0.000811
0 421.3910 254.8371 19.2701 13.9871 0.000797
0 332.7001 507.3442 30.9434 9.1541 0.000772
0 563.0164 109.0316 7.2833 17.7057 0.000627
0 339.4830 505.4725 31.8320 12.8255 0.000502
0 453.0798 206.6187 18.7822 16.6619 0.000385
0 3.0279 293.7625 6.0556 59.5380 0.000381
0 316.8013 499.1521 30.0419 25.1386 0.000352
0 402.3696 491.9020 47.3959 40.1960 0.000302
0 403.4996 502.2769 42.1827 19.3904 0.000292
0 506.6552 362.0945 20.1613 14.3887 0.000289
0 83.0927 150.7622 17.5676 27.8782 0.000284
0 329.7328 497.4966 26.1349 25.2963 0.000281
0 353.8552 210.9501 15.7361 15.1782 0.000272
0 296.3893 499.8453 52.3090 23.6316 0.000265
0 622.7975 504.7798 28.2056 13.9422 0.000257
0 636.4480 27.7787 7.1039 49.0201 0.000239
0 636.4647 158.2132 7.0533 77.6896 0.000238
0 34.0344 506.9787 44.3349 10.0427 0.000234
0 413.8177 200.1185 14.0880 16.0675 0.000224
0 3.1293 130.8731 6.2586 49.4149 0.000223
0 404.7686 176.0435 28.0765 59.1428 0.000198
0 637.4091 329.4163 5.1820 59.5408 0.000188
0 64.8909 7.9669 20.1516 15.9338 0.000181
0 412.3915 497.2523 33.1490 29.4952 0.000180
0 357.7948 506.6739 29.3173 10.6464 0.000178
0 71.8268 6.4556 24.2387 12.9112 0.000177
0 115.3701 5.4424 22.6834 10.8849 0.000165
0 307.4877 359.5278 25.8460 29.0018 0.000161
0 561.3981 505.9968 56.1681 11.9260 0.000158
0 297.9532 86.1057 24.3770 43.3176 0.000156
0 626.6520 16.4760 26.2561 32.8793 0.000152
0 395.5354 288.0035 25.1545 57.4526 0.000145
0 638.0549 421.1679 3.8901 37.0449 0.000132
0 314.5417 206.8829 11.9485 17.6651 0.000127
0 306.9330 505.4995 24.5594 12.5562 0.000124
0 637.1595 201.7787 5.6811 67.3589 0.000122
0 636.5501 224.6259 6.8998 77.4372 0.000122
0 308.9087 367.0948 18.1605 40.2056 0.000122
0 636.7680 420.2400 6.4640 45.2569 0.000117
0 3.2490 87.4722 6.4980 55.9909 0.000115
0 2.6977 152.1409 5.3953 47.0336 0.000111
0 247.3873 4.9238 25.1863 9.8476 0.000105
0 312.8412 214.8651 10.3801 15.6624 0.000105
0 446.0105 403.5123 19.2098 13.6305 0.000100
0 366.6103 3.1724 28.3069 6.3447 0.000099
0 420.3441 261.3582 20.0046 15.4392 0.000098
0 297.3677 14.2416 29.5363 28.4832 0.000098
0 637.5178 176.2784 4.9646 63.4540 0.000090
0 78.9517 4.2136 22.5767 8.3447 0.000086
0 568.4801 465.5047 16.6238 14.4829 0.000086
0 287.1373 5.7570 27.7639 11.5141 0.000082
0 399.3259 172.5264 19.4575 50.9457 0.000077
0 395.6446 3.1977 23.8298 6.3953 0.000075
0 526.7736 237.9883 10.9536 11.3589 0.000073
0 636.7624 399.9543 6.4751 37.5707 0.000072
0 68.3312 4.3216 16.8994 8.5035 0.000071
0 88.1002 144.6995 14.6847 31.2302 0.000071
0 636.9284 112.4579 6.1432 65.4022 0.000068
0 381.1327 203.5021 17.7089 28.6237 0.000068
0 420.0367 246.2760 18.8741 19.8664 0.000067
0 350.6703 3.3789 24.1978 6.6213 0.000065
0 604.2328 390.6172 39.4319 55.8884 0.000062
0 378.6424 3.2785 27.5435 6.5571 0.000060
0 636.7786 461.2487 6.4428 61.8557 0.000059
0 634.9372 14.9899 10.1256 29.9798 0.000058
0 420.2074 253.7066 22.6755 31.7658 0.000058
0 359.7071 484.2184 26.4120 30.9010 0.000058
0 317.0109 191.5873 14.5154 39.4125 0.000056
0 415.5482 325.3041 19.2730 34.1135 0.000054
0 3.0827 265.7403 6.1654 57.8208 0.000053
0 301.1122 482.8896 41.4915 56.5884 0.000051
0 623.2431 469.3228 30.6389 61.2046 0.000050
0 420.9946 506.0458 41.0461 11.9084 0.000050
0 635.9971 140.8697 8.0059 60.2401 0.000049
0 61.7088 4.3464 18.9326 8.4693 0.000048
0 369.2437 508.8483 37.6115 6.3034 0.000048
0 298.2051 508.4557 26.6912 7.0886 0.000047
0 627.6773 406.8456 8.7323 15.1256 0.000047
0 494.8475 500.4157 21.8115 21.3749 0.000046
0 387.8029 428.7767 20.6356 42.9765 0.000045
0 630.4290 498.9919 19.1420 26.0163 0.000045
0 310.0598 207.6177 12.9073 18.7079 0.000045
0 638.0183 407.2198 3.9633 46.9554 0.000042
0 376.8416 157.6973 20.1931 24.0895 0.000042
0 326.3548 415.9624 21.9617 37.4432 0.000042
0 502.7258 367.0277 15.3433 22.2648 0.000038
0 370.4305 508.7433 17.8691 6.4266 0.000038
0 124.4950 506.3748 33.2493 11.2504 0.000037
0 310.0525 199.7823 14.1039 26.0763 0.000036
0 398.3612 508.6129 35.7922 6.7742 0.000035
0 30.7944 3.5347 18.1634 7.0284 0.000035
0 616.6970 507.8766 29.3508 8.2027 0.000034
0 226.0096 505.9064 16.4464 12.1873 0.000033
0 633.6752 23.3219 12.5767 46.6439 0.000033
0 240.2562 9.8110 31.6220 19.6219 0.000033
0 366.1534 201.1430 17.3025 26.3950 0.000033
0 483.9785 189.5609 15.5233 23.0823 0.000032
0 3.9847 43.2891 7.9694 40.5923 0.000032
0 91.3327 139.3840 14.9579 27.9572 0.000032
0 274.8917 4.0824 25.5126 8.1648 0.000031
0 637.2078 387.1042 5.5844 56.9816 0.000031
0 488.2351 507.6554 31.4889 8.6892 0.000031
0 4.8485 9.7734 9.6971 19.5468 0.000030
0 636.6483 387.7303 6.7035 35.0219 0.000030
0 320.8743 201.9291 13.5735 22.8613 0.000030
0 329.1943 482.1459 22.2355 46.3813 0.000030
0 277.8292 10.0471 24.2222 17.9150 0.000030
0 327.1779 361.8577 35.3822 32.8517 0.000029
0 524.4352 3.7888 28.0741 7.5392 0.000029
0 444.8047 351.4920 12.7368 14.2655 0.000029
0 3.1671 224.4723 6.3342 36.2943 0.000029
0 619.5573 494.8677 32.0648 33.3265 0.000029
0 351.5470 164.3483 11.5042 12.7526 0.000029
0 425.4392 508.5050 26.0433 6.9900 0.000029
0 221.1720 3.2654 16.0496 6.5308 0.000028
0 307.9862 5.8600 33.4882 11.7200 0.000028
0 408.8503 3.2413 26.0781 6.4826 0.000028
0 251.2942 8.3418 28.8358 16.2730 0.000028
0 264.2781 3.8206 27.6182 7.6413 0.000027
0 301.0895 367.6823 13.6285 37.6466 0.000027
0 472.6028 229.0061 21.3281 38.9378 0.000027
0 352.0734 495.4464 35.4855 32.3826 0.000027
0 3.7720 24.0789 7.5439 31.9445 0.000027
0 634.5612 469.8677 10.8777 64.5203 0.000026
0 279.8656 2.7119 20.2692 5.3170 0.000026
0 589.7440 471.6809 33.8361 27.7798 0.000026
0 637.0744 305.9494 5.8512 63.5524 0.000026
0 2.9340 206.5708 5.8680 42.4220 0.000025
