0 148.0753 279.9382 26.8923 78.7879 0.874031
0 92.1832 212.0665 29.7972 77.0490 0.862481
0 532.5038 347.1316 30.3751 43.4106 0.001538
0 24.2631 9.6607 16.9497 19.3148 0.001408
0 5.5172 9.5814 10.9059 19.1145 0.001140
0 319.7455 296.0629 38.3956 68.6012 0.000964
0 15.6323 8.9992 24.5435 17.9983 0.000885
0 3.2354 18.0128 6.4708 34.9172 0.000856
0 477.8187 507.7861 24.7626 8.3416 0.000763
0 338.1865 508.2897 21.5980 7.3601 0.000561
0 633.8248 355.2556 12.3503 39.8035 0.000364
0 3.5200 215.7927 6.9970 52.4579 0.000334
0 228.3780 508.6756 23.5946 6.6323 0.000316
0 3.4409 104.8059 6.8817 45.3823 0.000285
0 635.8733 351.1091 8.2535 59.6796 0.000262
0 634.9502 453.3746 10.0998 70.7353 0.000212
0 635.3312 476.0225 9.3378 69.8955 0.000211
0 314.2394 507.8549 21.0890 7.9663 0.000200
0 31.4884 7.0693 19.7819 14.1387 0.000190
0 469.7697 430.9385 32.6039 36.4636 0.000174
0 245.1886 3.5797 28.5109 7.1561 0.000170
0 288.9720 500.8295 20.5739 21.5490 0.000158
0 11.2712 190.6040 22.5425 75.1685 0.000156
0 2.0338 204.3558 4.0676 49.4207 0.000142
0 101.6542 508.7148 21.7870 6.4597 0.000139
0 3.3715 192.6427 6.7431 61.6491 0.000129
0 210.3858 166.2677 21.6387 40.5613 0.000116
0 3.4115 129.2621 6.8229 69.9008 0.000107
0 38.3391 9.0811 10.8102 18.1622 0.000102
0 254.8056 4.4572 23.0824 8.8431 0.000101
0 333.2337 296.5587 25.8975 66.1418 0.000092
0 3.4365 236.7586 6.8730 72.7849 0.000088
0 7.4935 207.2719 14.9870 48.3688 0.000085
0 175.9745 508.4869 25.0269 7.0262 0.000084
0 3.3319 170.6281 6.6638 59.4347 0.000084
0 636.8364 373.3888 6.3273 66.8221 0.000081
0 13.5972 508.4160 21.5243 7.1679 0.000077
0 372.7135 4.0060 31.7075 8.0121 0.000073
0 13.1500 18.2681 24.5471 36.5362 0.000067
0 8.3486 168.3678 16.6972 64.1721 0.000067
0 40.2793 6.4289 16.9982 12.8577 0.000065
0 3.0897 35.1448 6.1793 62.6905 0.000058
0 32.9605 12.2390 21.1354 24.4781 0.000057
0 321.2640 508.4613 24.2638 7.0774 0.000057
0 5.9476 506.8358 11.7164 10.2279 0.000057
0 201.0472 426.4146 10.0085 14.3654 0.000056
0 366.6141 8.6984 23.5744 17.3703 0.000052
0 360.8416 508.8076 19.1630 6.3847 0.000047
0 348.4478 508.9193 23.5231 6.1615 0.000043
0 344.3978 507.8115 22.4805 7.7676 0.000042
0 637.0560 470.0671 5.8879 47.1947 0.000041
0 1.8868 240.4294 3.7736 70.0555 0.000038
0 3.5372 90.6570 7.0743 40.4147 0.000037
0 422.0072 283.4523 22.8440 49.3705 0.000036
0 632.8339 363.1067 13.8936 66.9174 0.000034
0 384.4414 3.9917 27.0441 7.9834 0.000034
0 537.3110 358.4726 32.6571 23.0370 0.000033
0 383.6663 507.4204 20.3138 9.1592 0.000032
0 295.3250 499.4522 23.1112 21.2425 0.000031
0 528.4459 333.6100 22.6331 16.8767 0.000031
0 262.3185 3.9983 33.3749 7.7066 0.000031
0 115.1222 509.1732 27.0644 5.6536 0.000028
0 470.8826 508.8266 30.9808 6.3468 0.000027
0 226.5279 504.9683 26.6187 14.0219 0.000027
0 306.7732 501.1594 19.7126 18.6371 0.000027
0 633.0419 341.6106 13.8815 66.0223 0.000026
0 5.8912 138.2508 11.7215 77.4944 0.000025
0 237.5385 508.7237 28.2377 6.5526 0.000025
0 355.0585 508.3763 32.8352 7.2474 0.000025
