0 75.1841 210.8282 25.8909 70.0290 0.847477
0 80.3772 144.9048 26.2851 68.6836 0.814044
0 634.2044 277.9274 11.5911 60.3937 0.002092
0 4.2806 173.2818 8.5612 83.1731 0.001401
0 629.3743 329.6074 20.7532 40.5996 0.000849
0 4.7699 189.5069 9.5398 44.3632 0.000785
0 635.5367 446.3519 8.9267 82.9189 0.000623
0 633.8480 300.4158 12.3041 46.3575 0.000517
0 3.5538 208.2272 7.1036 65.9315 0.000510
0 633.9847 256.7118 12.0306 77.2192 0.000433
0 635.4649 333.3235 9.0703 46.4245 0.000406
0 635.1779 436.5490 9.6441 48.9651 0.000309
0 84.4127 192.6466 10.2758 32.7979 0.000273
0 440.5840 402.6631 29.4912 33.3250 0.000250
0 3.1242 230.9599 6.2485 71.0616 0.000236
0 5.6571 507.0123 11.2656 9.9251 0.000204
0 2.8229 118.2990 5.6457 61.0317 0.000204
0 636.4915 253.4036 7.0169 76.7697 0.000179
0 635.1862 235.8292 9.6276 70.2013 0.000178
0 12.3206 508.0899 21.8854 7.8201 0.000178
0 3.2623 140.9351 6.5244 87.3830 0.000172
0 636.0286 465.3600 7.9427 64.6706 0.000163
0 449.4049 475.8834 11.7256 11.0962 0.000145
0 238.9009 4.1849 20.0026 8.3644 0.000143
0 82.7208 200.6941 11.2734 49.7685 0.000137
0 2.1622 182.7818 4.3244 64.8373 0.000134
0 147.8100 238.7305 17.4571 47.9821 0.000131
0 634.4716 415.4849 11.0569 35.2762 0.000119
0 504.7478 317.7092 34.4798 41.3200 0.000118
0 630.9468 428.4384 17.8698 46.8412 0.000115
0 636.0777 352.8541 7.8445 55.4256 0.000107
0 635.9206 403.1122 8.1588 68.3394 0.000105
0 89.5201 147.8365 28.5344 61.8045 0.000099
0 323.0192 482.0668 13.1356 9.1471 0.000095
0 629.1451 417.5375 21.5376 33.9463 0.000093
0 184.8242 410.8443 11.2666 13.6731 0.000091
0 4.8117 6.3864 9.4079 12.7728 0.000091
0 3.7884 106.0157 7.5768 53.5762 0.000085
0 616.0153 328.7546 41.0906 39.1499 0.000074
0 255.6694 508.7567 24.5914 6.4865 0.000074
0 635.4472 405.1002 9.1056 37.3967 0.000071
0 180.1375 508.4115 25.1201 7.0924 0.000069
0 3.5235 265.0087 7.0471 100.1356 0.000068
0 57.9776 3.2177 19.8053 6.4354 0.000067
0 164.4283 507.4530 23.4332 9.0939 0.000063
0 635.0698 309.5315 9.8604 75.1938 0.000054
0 12.1817 4.7529 21.0160 9.5057 0.000053
0 50.3621 3.9055 22.9831 7.8110 0.000051
0 42.7478 11.4188 16.3682 22.8376 0.000049
0 637.1351 421.1242 5.7297 35.7844 0.000048
0 62.4500 508.1768 26.6821 7.6463 0.000046
0 85.1992 3.2824 17.3533 6.5648 0.000046
0 143.8268 507.6486 18.4608 8.2504 0.000046
0 303.4445 509.1309 18.4519 5.5392 0.000045
0 4.4246 126.5608 8.8492 66.1009 0.000044
0 43.1581 7.4137 24.3369 14.8274 0.000043
0 92.5363 165.5478 27.6624 36.1314 0.000043
0 343.6896 508.0210 23.7418 7.9580 0.000041
0 93.0038 3.0620 22.5930 6.1240 0.000041
0 3.7389 500.5003 7.4491 21.9475 0.000041
0 3.5752 64.0090 7.1504 73.8222 0.000037
0 167.8105 509.1332 22.9443 5.7336 0.000035
0 4.0431 12.9947 8.0861 25.9894 0.000034
0 77.6986 3.6543 16.6035 7.3086 0.000034
0 66.6729 3.3322 24.0726 6.6643 0.000034
0 637.1758 456.8571 5.6484 45.6160 0.000032
0 573.5707 375.6476 11.5543 18.1603 0.000030
0 3.8137 40.4323 7.6274 45.6838 0.000029
0 88.1527 191.1322 12.0268 31.3805 0.000029
0 373.4924 508.1996 21.9261 7.5665 0.000028
0 34.6938 425.4140 9.5336 19.1476 0.000027
0 634.4903 497.9887 11.0194 28.0226 0.000026
0 3.0943 95.8908 6.1886 39.2337 0.000025
