0 265.2233 431.3625 39.7696 101.1734 0.890579
0 602.6837 338.3761 30.6347 77.5759 0.859182
0 212.5099 161.9296 26.5762 67.8861 0.844717
0 627.2979 279.3274 24.5454 47.0469 0.819399
0 634.1794 281.5643 11.5173 49.4706 0.004181
0 325.0595 506.3440 28.8909 11.0649 0.000644
0 444.7272 247.1117 13.8560 25.8613 0.000533
0 637.0648 336.6964 5.8702 60.1075 0.000516
0 3.9747 168.0714 7.9495 65.5168 0.000466
0 317.4138 22.2283 30.4845 44.4566 0.000438
0 484.9293 506.6640 30.7061 10.6720 0.000371
0 329.7807 491.8829 25.6200 39.8163 0.000329
0 636.6124 299.9476 6.7751 69.4813 0.000325
0 269.0606 6.7036 25.8891 13.4071 0.000307
0 325.7624 498.4108 21.6823 26.9074 0.000277
0 637.4228 392.1006 5.1543 51.1523 0.000252
0 4.6826 499.2639 9.3652 25.4055 0.000250
0 636.6575 286.0637 6.5942 34.5817 0.000225
0 3.0228 92.9011 6.0413 43.9681 0.000214
0 637.1769 357.6988 5.6461 56.6159 0.000199
0 331.8582 507.7174 33.2889 8.4277 0.000197
0 8.1680 189.0469 16.3206 53.2397 0.000197
0 633.7750 268.8104 12.4499 50.7923 0.000184
0 476.9820 505.6913 32.7065 12.6173 0.000154
0 1.7621 182.2526 3.5243 55.0150 0.000147
0 2.9008 80.5963 5.7863 25.2928 0.000143
0 636.1096 253.4648 7.7806 58.9424 0.000140
0 533.0283 154.3296 23.9199 47.7249 0.000135
0 381.6816 333.3784 10.9451 21.4944 0.000131
0 3.7319 187.4582 7.4356 45.1692 0.000110
0 2.8184 68.7785 5.6067 27.6814 0.000109
0 3.9478 37.1516 7.8956 40.0600 0.000098
0 249.8974 76.3495 13.7055 29.5008 0.000088
0 628.1590 300.9799 23.6820 92.8759 0.000084
0 4.8511 11.6491 9.7022 22.9484 0.000083
0 3.7661 110.9240 7.5322 56.9480 0.000080
0 260.9148 9.7887 33.2849 19.5773 0.000074
0 4.7787 144.4008 9.5574 95.1078 0.000073
0 4.5854 21.6029 9.1708 40.5886 0.000069
0 278.2348 6.1243 25.0518 12.2460 0.000067
0 326.8881 21.2117 30.3885 42.2724 0.000065
0 3.2226 50.6289 6.4451 41.2251 0.000064
0 635.6754 501.9577 8.6489 20.0847 0.000063
0 637.1456 480.7314 5.7087 44.6403 0.000062
0 431.7997 7.6376 36.7643 15.2752 0.000062
0 284.8256 79.8658 12.6897 21.2957 0.000060
0 636.7764 206.6808 6.4473 77.9302 0.000058
0 5.8434 202.2896 11.6867 92.6260 0.000056
0 429.4558 404.8404 22.6771 36.6111 0.000046
0 636.7466 233.2077 6.5068 67.3649 0.000044
0 324.4283 34.5926 15.9558 18.8382 0.000043
0 518.1309 153.0854 37.8095 51.6145 0.000041
0 314.5577 11.5814 28.8643 23.1628 0.000041
0 638.0157 310.7232 3.9686 48.7651 0.000040
0 634.3486 505.5168 11.3027 12.9664 0.000038
0 323.8968 24.7093 17.7275 39.1795 0.000038
0 635.1497 267.3553 9.7006 29.2350 0.000038
0 344.1388 507.8853 35.9122 8.2293 0.000037
0 257.4616 5.0763 32.6772 10.1526 0.000037
0 637.2443 453.4145 5.5114 54.2882 0.000036
0 541.8074 507.8246 16.3813 8.0736 0.000034
0 301.2622 277.9495 19.6095 37.5160 0.000034
0 249.7449 12.8920 38.1669 25.7839 0.000033
0 589.7432 508.5086 24.6526 6.9828 0.000030
0 9.6004 190.2718 19.2008 25.6094 0.000030
0 264.3470 407.7115 32.3381 55.1726 0.000029
0 446.7172 3.9327 24.6862 7.8654 0.000029
0 465.3011 506.7674 32.1658 10.4142 0.000028
0 444.9756 7.4344 25.9720 14.8394 0.000028
0 84.5447 3.7258 18.0814 7.4516 0.000028
0 438.9240 13.4764 28.4155 26.9528 0.000028
0 4.8432 340.1962 9.6865 60.5725 0.000027
0 637.2881 410.2573 5.4238 61.5846 0.000026
0 9.0173 176.7136 18.0345 33.6413 0.000026
0 2.3438 333.4415 4.6876 45.9080 0.000026
0 276.2070 9.2566 32.5933 18.5132 0.000026
0 305.6309 8.1849 33.0200 16.2098 0.000025
