0 374.9100 202.7641 23.7471 75.5413 0.895105
0 455.1840 218.5297 31.9799 67.7533 0.885032
0 2.8674 257.9299 5.7348 87.1565 0.005400
0 3.0699 218.7194 6.1397 70.9774 0.001354
0 203.3772 5.1177 27.7323 10.2259 0.001156
0 635.2650 361.2222 9.4698 71.4145 0.000599
0 2.3522 235.7290 4.7044 43.1533 0.000583
0 207.6724 8.2043 33.7356 16.4031 0.000497
0 4.4793 273.6493 8.9587 88.9088 0.000469
0 630.8884 363.4323 18.2233 63.1206 0.000458
0 88.0400 60.6926 17.4453 12.6073 0.000315
0 262.1093 5.5436 44.0528 11.0656 0.000259
0 194.7655 6.3012 40.7877 12.5999 0.000253
0 12.7506 8.0767 24.7823 16.1356 0.000187
0 278.0167 5.6618 31.0825 11.3237 0.000176
0 248.6904 3.5620 27.8059 7.0550 0.000154
0 637.2151 212.4875 5.5698 61.2151 0.000129
0 4.1249 240.2770 8.2498 129.4447 0.000124
0 637.0676 241.1718 5.8649 88.0965 0.000117
0 7.0414 255.1015 14.0827 101.7707 0.000106
0 232.4173 5.6961 61.3392 11.3408 0.000105
0 253.0237 10.7731 53.2476 21.5301 0.000095
0 121.7113 193.1704 24.4822 23.4661 0.000090
0 272.5428 8.0790 41.5350 16.1580 0.000074
0 634.6789 326.2164 10.6421 132.8313 0.000073
0 636.6736 378.2130 6.6528 117.6903 0.000063
0 624.5067 354.1648 30.7865 67.7258 0.000061
0 632.7277 79.5106 14.5446 79.3007 0.000052
0 636.6885 187.2121 6.6229 79.4301 0.000043
0 224.6771 10.3037 64.9766 20.6075 0.000036
0 637.1790 267.2014 5.6420 70.7081 0.000035
0 638.1951 219.0009 3.6097 64.7480 0.000030
0 635.2970 62.5861 9.4060 107.7543 0.000028
0 49.5807 143.1381 30.4106 52.0990 0.000027
0 48.3751 4.9571 24.8496 9.9142 0.000026
0 185.9698 9.6869 58.8770 19.3738 0.000026
