0 444.2581 318.5302 28.5636 62.6786 0.733180
0 375.7896 195.1461 32.8571 56.7536 0.722064
0 528.0768 389.1355 49.5722 36.9007 0.166496
0 4.2587 271.8515 8.5174 89.2889 0.006187
0 13.8833 279.8034 27.7665 80.6313 0.003958
0 330.7155 5.3531 28.9521 10.6768 0.003526
0 8.9714 4.0997 17.8725 8.1994 0.002446
0 369.5164 194.0790 15.9326 50.4424 0.001693
0 614.8134 23.7522 25.5350 47.1544 0.001679
0 512.9026 395.7128 30.3305 24.8693 0.001485
0 341.2754 5.3052 25.5809 10.4324 0.001334
0 408.8651 3.2804 25.5201 6.5001 0.001091
0 114.5744 232.0238 45.7625 72.7622 0.000865
0 3.5684 243.8071 7.1255 36.5299 0.000767
0 206.3988 4.0607 22.6862 8.1169 0.000673
0 561.7054 347.2820 23.1498 34.6448 0.000544
0 437.0598 256.4202 46.0538 30.0782 0.000464
0 3.4328 383.5715 6.8655 42.8655 0.000429
0 429.7337 244.8501 18.8717 38.6583 0.000405
0 9.8665 8.4204 19.6286 16.8407 0.000399
0 307.2856 4.8410 21.3953 9.6085 0.000392
0 288.6296 8.1978 25.5767 16.3232 0.000332
0 7.2839 233.1261 14.5678 151.9394 0.000313
0 2.9620 403.2362 5.9241 60.3946 0.000286
0 337.2317 4.0050 18.7918 8.0033 0.000285
0 2.0016 456.9918 4.0032 63.7034 0.000275
0 430.5410 250.4326 33.9261 28.5635 0.000240
0 634.0028 503.1013 11.9942 17.7517 0.000230
0 636.1002 260.0649 7.7995 99.9325 0.000218
0 17.1747 3.5420 27.3965 7.0781 0.000217
0 3.5197 219.8760 7.0393 47.1129 0.000217
0 418.5785 3.9945 35.8654 7.9327 0.000217
0 2.6102 431.1710 5.2204 59.8129 0.000215
0 2.6162 452.3860 5.2226 45.4520 0.000209
0 636.7689 205.7547 6.4623 54.1065 0.000208
0 362.5484 190.7551 38.7532 51.8341 0.000198
0 300.7531 8.5484 19.5088 17.0968 0.000175
0 363.9470 204.7152 48.7315 78.0085 0.000169
0 397.4718 4.0315 34.3207 8.0353 0.000164
0 233.9329 97.6304 38.7376 45.2699 0.000163
0 2.4541 471.8087 4.9023 50.2766 0.000162
0 607.7980 504.4383 23.8494 15.1234 0.000157
0 637.4025 152.9347 5.1949 65.1071 0.000146
0 299.5827 5.1314 23.5079 10.2628 0.000143
0 596.8757 245.5171 25.1816 49.6624 0.000112
0 437.7871 250.4450 18.5553 37.2674 0.000108
0 443.5021 255.3568 26.9777 35.7913 0.000108
0 637.3237 124.7098 5.3527 52.7283 0.000108
0 617.6594 506.1202 31.9343 11.7158 0.000104
0 445.7334 300.4345 34.7086 95.0647 0.000096
0 2.6330 490.4986 5.2660 42.3594 0.000095
0 597.0598 23.2090 53.6321 45.9954 0.000084
0 4.5927 197.5640 9.1853 91.7355 0.000072
0 328.1467 3.6637 23.2830 7.3096 0.000071
0 441.1140 265.7366 47.7733 31.0432 0.000071
0 405.6091 7.8282 31.1537 15.6564 0.000071
0 558.2091 339.3530 25.6179 22.9421 0.000069
0 612.9003 508.6653 29.8733 6.6694 0.000069
0 623.2486 28.9688 33.2217 56.8313 0.000066
0 611.2333 498.2990 24.2253 27.1524 0.000061
0 636.4998 283.3000 7.0005 55.4907 0.000057
0 636.6431 430.2908 6.7137 53.1236 0.000053
0 628.1449 503.7767 23.7102 16.4398 0.000052
0 92.8899 477.4843 27.3589 50.8492 0.000052
0 636.6312 353.9376 6.7376 60.5122 0.000051
0 348.1541 7.2800 37.0345 14.5379 0.000048
0 636.8350 225.6247 6.3300 58.6089 0.000042
0 466.7893 506.8649 29.2837 10.2703 0.000041
0 6.2321 288.5265 12.4642 82.2997 0.000039
0 7.6258 16.6666 15.1258 33.3327 0.000037
0 2.3023 229.1188 4.6046 43.6487 0.000034
0 316.3163 3.7789 14.8431 7.5319 0.000034
0 631.6414 390.4994 16.7173 79.7013 0.000034
0 4.0965 159.6671 8.1929 73.1887 0.000033
0 477.7171 507.5352 35.3781 8.8939 0.000032
0 281.7661 6.5007 24.9532 12.9635 0.000032
0 4.5386 493.5769 9.0772 36.8462 0.000031
0 194.3260 4.2492 35.8074 8.4984 0.000031
0 636.8332 452.5670 6.3336 54.5845 0.000031
0 637.1659 495.0489 5.6682 33.9022 0.000031
0 15.3086 232.6328 29.9293 162.6145 0.000031
0 331.0457 13.6633 26.4855 27.3239 0.000031
0 600.3710 501.4070 32.7148 21.1860 0.000029
0 636.8468 301.8264 6.2712 52.4433 0.000029
0 492.2968 491.1234 39.8499 41.4099 0.000029
0 173.5759 260.2961 14.0320 27.9410 0.000028
0 4.9289 10.1783 9.8002 20.3566 0.000028
0 636.7156 94.0800 6.5687 95.9203 0.000027
0 636.3709 185.4619 7.2582 77.6282 0.000026
0 2.6999 162.5088 5.3998 46.8833 0.000025
