0 233.8870 242.9328 58.6933 59.4175 0.860268
0 342.1399 183.8966 34.3663 57.2596 0.803769
0 8.9358 283.0408 17.7357 58.2821 0.081826
0 24.3714 31.0016 48.7421 61.9906 0.020152
0 88.3022 28.4967 38.2067 56.9794 0.006952
0 12.2784 29.1381 24.5168 58.2667 0.004817
0 107.3640 200.2104 26.8872 81.1934 0.001935
0 3.7440 207.8275 7.4879 89.0522 0.001426
0 22.7827 502.0463 33.4463 19.5030 0.001249
0 463.8954 243.5768 23.8358 36.5275 0.000743
0 356.4793 3.9988 28.7957 7.9975 0.000737
0 556.3741 6.5380 25.8200 13.0759 0.000489
0 347.6607 6.5015 42.8688 12.9904 0.000411
0 38.0522 503.6642 46.5880 16.6718 0.000376
0 299.8282 235.6843 18.9098 30.7233 0.000365
0 4.7128 253.2366 9.4257 75.3410 0.000356
0 636.6752 273.2187 6.6494 54.4909 0.000352
0 67.9744 28.2007 83.6562 56.4014 0.000319
0 597.7006 258.7919 24.1017 39.3495 0.000297
0 4.9348 278.5547 9.8681 58.8675 0.000297
0 3.2876 181.0013 6.5752 74.6652 0.000293
0 566.3929 6.3827 31.5863 12.7653 0.000253
0 334.2057 10.5243 28.0374 21.0485 0.000252
0 365.8025 4.4380 34.6645 8.8761 0.000216
0 23.8279 5.4518 45.1395 10.9036 0.000190
0 33.7323 507.0540 41.6878 9.8920 0.000169
0 348.2466 10.9465 39.6919 21.8851 0.000165
0 21.0600 506.5522 37.0426 10.8956 0.000164
0 636.9091 56.3217 6.1817 64.3506 0.000161
0 96.9513 13.6487 45.1880 27.2974 0.000152
0 636.6720 23.8688 6.6560 47.7376 0.000147
0 6.2886 301.4800 12.5772 78.2936 0.000130
0 362.8034 9.5096 38.4370 19.0191 0.000115
0 28.1490 264.0033 54.8663 108.7089 0.000109
0 637.2449 38.9577 5.5102 53.4911 0.000106
0 60.7364 499.7826 51.7543 24.4348 0.000102
0 113.8498 203.3462 19.7943 74.2384 0.000098
0 22.5262 14.1657 44.0666 28.2810 0.000093
0 53.6360 504.3528 43.4209 15.2944 0.000092
0 10.1996 60.1061 20.3991 113.7586 0.000085
0 5.5003 30.9280 10.9876 61.8559 0.000082
0 95.4255 6.5702 33.3528 13.1072 0.000079
0 106.8788 20.2487 72.3500 40.4975 0.000076
0 100.4949 506.4805 32.8200 11.0389 0.000071
0 442.3519 124.2002 11.5659 18.6019 0.000068
0 504.4781 295.7635 19.0845 24.0162 0.000067
0 633.5174 504.2342 12.9652 15.5317 0.000062
0 49.0072 507.1708 45.1737 9.6583 0.000062
0 505.1896 284.5623 19.9274 43.3600 0.000061
0 103.4968 478.2057 31.2166 38.3927 0.000058
0 7.6204 232.1912 15.2408 99.1871 0.000058
0 547.9341 8.3923 33.0558 16.7846 0.000057
0 516.1541 4.0200 17.9366 8.0286 0.000046
0 546.6499 276.2085 24.6687 27.2313 0.000043
0 636.6576 377.6609 6.6848 34.2413 0.000042
0 31.9864 310.1044 32.7300 28.5743 0.000042
0 137.7160 507.3199 29.7934 9.3601 0.000039
0 220.0572 200.4537 25.2303 29.1232 0.000039
0 636.7899 298.9529 6.4202 70.7030 0.000037
0 418.7272 4.2299 24.1161 8.4598 0.000035
0 40.4063 10.9336 24.7842 21.8672 0.000034
0 4.3464 327.1722 8.6927 53.5808 0.000033
0 4.1525 233.8320 8.3050 71.8549 0.000032
0 466.2572 248.4648 11.8278 25.9349 0.000029
0 82.0057 10.9867 37.0064 21.8793 0.000029
0 535.0566 4.9569 29.5050 9.9138 0.000028
0 65.7260 508.5327 39.1663 6.8124 0.000027
0 199.1578 18.6176 38.0211 37.2352 0.000027
0 375.1044 5.5111 46.0067 11.0221 0.000027
0 327.5457 7.6566 28.1667 15.2209 0.000026
0 33.0513 284.0271 45.8552 64.6754 0.000026
0 637.1266 252.0349 5.7467 69.3762 0.000025
