0 273.8405 261.4552 20.1970 54.7671 0.840843
0 494.9366 215.0062 26.0327 36.9119 0.829905
0 354.8380 233.3367 37.1350 50.0827 0.822541
0 214.1994 258.1729 20.4895 42.7197 0.029101
0 5.6882 191.5235 11.3764 77.9028 0.005288
0 55.2914 505.2768 23.1839 13.2807 0.003428
0 4.3043 377.7631 8.6086 50.2865 0.003243
0 67.1226 505.3645 21.9815 13.0245 0.003232
0 4.6405 409.5676 9.2809 64.4235 0.002806
0 4.5188 351.5294 9.0372 90.9048 0.002052
0 2.9981 298.1770 5.9930 52.2963 0.001778
0 363.3745 232.7839 21.5580 48.7529 0.001746
0 79.2722 500.4197 28.7425 23.0674 0.001721
0 45.1537 506.1633 31.8471 11.5103 0.000898
0 3.0034 319.5195 6.0068 60.6596 0.000716
0 634.8098 493.5396 10.3804 36.7995 0.000590
0 2.6308 195.9587 5.2615 70.1397 0.000490
0 74.2053 505.3295 29.6901 13.2217 0.000483
0 14.8018 193.6592 29.6036 69.5817 0.000403
0 8.8426 385.8293 17.5538 39.2055 0.000278
0 9.5387 402.6071 18.9706 49.5197 0.000273
0 7.6006 362.9182 15.1452 72.7839 0.000249
0 1.7970 305.4325 3.5939 38.5226 0.000221
0 357.3717 267.9445 37.6744 70.1991 0.000212
0 539.5083 507.7335 31.3188 8.5239 0.000210
0 7.8849 298.7667 15.7130 52.8903 0.000196
0 600.4662 504.5925 39.9265 14.7460 0.000193
0 2.8463 395.0107 5.6926 40.1622 0.000178
0 465.0952 502.2607 30.0120 19.4785 0.000147
0 630.3291 503.4558 18.9205 16.9955 0.000145
0 4.0271 168.0484 8.0541 93.1237 0.000134
0 485.5419 216.1721 26.3326 37.5052 0.000125
0 636.2093 481.6004 7.5766 59.4042 0.000125
0 493.9034 232.3582 29.7092 70.3112 0.000117
0 3.1727 365.4679 6.3454 64.9404 0.000092
0 4.2938 433.4365 8.5877 88.9324 0.000086
0 359.6734 499.6066 22.8224 24.7867 0.000085
0 631.0497 490.9110 17.1695 42.1779 0.000083
0 3.7217 472.1283 7.4435 77.4084 0.000078
0 64.3537 498.8520 35.7558 25.9696 0.000071
0 636.5608 459.5185 6.8784 64.6248 0.000068
0 4.6044 305.2083 9.1726 38.7289 0.000055
0 631.8625 285.1851 16.2749 71.3592 0.000051
0 1.9871 326.1880 3.9742 89.2366 0.000051
0 419.6702 5.7205 21.4855 11.4410 0.000046
0 339.4530 406.6768 29.9201 27.3380 0.000044
0 1.7862 207.4863 3.5715 55.1658 0.000041
0 387.2510 499.8672 15.0503 23.5084 0.000036
0 297.5506 503.9467 22.4113 16.0233 0.000034
0 615.2698 505.7443 44.8210 12.4541 0.000034
0 298.2770 507.6243 20.5348 8.7514 0.000032
0 635.2128 316.6873 9.5743 85.8292 0.000032
0 354.8338 267.1044 20.9523 32.9353 0.000031
0 4.0801 284.8423 8.1601 75.4736 0.000031
0 7.2097 338.9339 14.3120 86.0592 0.000031
0 586.8294 5.4079 20.9592 10.3943 0.000029
0 479.3217 503.7541 27.0770 16.4918 0.000027
0 27.4103 401.4482 53.8243 41.8420 0.000025
0 566.5960 464.9641 29.6987 81.0144 0.000025
0 598.1635 496.9959 43.9838 29.5596 0.000025
