0 328.7549 281.4154 37.3312 76.5948 0.774468
0 426.0935 334.1266 23.0949 61.1169 0.588242
0 294.4750 288.5006 25.2217 35.2918 0.478789
0 144.9892 312.4213 23.0472 32.3085 0.168736
0 51.4978 267.9204 19.9630 26.4081 0.097918
0 501.5429 422.4383 25.3965 38.2717 0.064481
0 501.8265 306.2739 27.4624 46.2044 0.057727
0 540.2163 343.1405 23.3551 27.0665 0.033709
0 530.5849 250.4614 24.5258 56.5330 0.033239
0 489.0239 378.9566 15.9304 37.2341 0.032283
0 325.8744 301.0576 16.4089 35.7648 0.018642
0 409.1400 393.5954 16.3750 29.6153 0.017152
0 619.9491 307.6429 23.3784 48.5897 0.008670
0 316.9646 266.8056 17.5460 40.7268 0.007635
0 312.9366 129.0569 14.9192 25.0756 0.006424
0 186.8849 167.4334 13.0999 29.4473 0.004732
0 192.5981 167.1125 17.3811 29.4412 0.002523
0 133.1516 315.1980 20.2666 25.3179 0.002232
0 102.1857 272.7419 23.4657 42.3054 0.002042
0 132.5577 3.8988 26.1492 7.7849 0.001960
0 263.1017 7.8866 28.4998 15.7732 0.001295
0 106.4553 488.4585 17.5552 14.6687 0.001272
0 137.2761 311.9131 28.8543 39.4005 0.001223
0 480.4685 419.7329 22.9687 32.8127 0.001193
0 5.6517 385.1809 11.2684 35.0907 0.000892
0 322.1796 270.7099 25.0649 50.7864 0.000806
0 617.3580 291.8255 16.8027 23.5597 0.000767
0 121.0810 4.3385 27.2925 8.6769 0.000723
0 495.0387 310.8840 15.6553 50.2599 0.000700
0 488.5319 367.9735 14.4471 22.2263 0.000688
0 519.0024 246.5667 24.4526 52.4219 0.000673
0 534.8806 241.0313 18.6813 36.8910 0.000658
0 146.9790 4.1552 30.4415 8.3040 0.000568
0 8.2777 373.0038 16.5552 53.8074 0.000503
0 322.7134 292.7112 23.3405 51.9449 0.000467
0 2.5654 172.0959 5.1307 37.8310 0.000458
0 200.9819 166.5638 14.7370 31.3784 0.000421
0 9.4811 396.3252 18.9621 57.8015 0.000415
0 38.7197 508.1909 21.7586 7.5440 0.000379
0 126.5399 319.1458 19.7749 21.6239 0.000368
0 385.8577 387.1036 20.5447 34.3595 0.000357
0 2.6221 210.8432 5.2441 44.1049 0.000336
0 114.9956 498.1480 30.2956 27.7040 0.000335
0 168.5885 3.6547 25.4229 7.3088 0.000322
0 612.2183 290.3318 12.6084 23.3265 0.000318
0 173.3004 88.7308 10.4488 13.9033 0.000316
0 533.6651 10.1909 46.2617 20.3372 0.000298
0 139.8983 3.4425 24.6017 6.8283 0.000289
0 503.7786 219.6800 18.8051 34.0062 0.000287
0 247.2899 7.5112 29.7867 15.0224 0.000286
0 311.1396 137.7670 17.4577 43.3885 0.000279
0 2.9117 388.6375 5.8233 39.8958 0.000273
0 144.1730 322.9097 19.2393 42.7184 0.000262
0 531.6129 234.8132 23.0035 26.0573 0.000261
0 524.3422 258.2875 18.4669 41.1609 0.000244
0 11.5352 505.7657 22.7662 12.4684 0.000231
0 230.9820 5.8167 31.0926 11.6244 0.000231
0 3.1739 82.9500 6.3478 38.7609 0.000223
0 584.9047 410.1293 18.3201 22.6392 0.000216
0 3.8918 367.2636 7.7835 54.6573 0.000213
0 636.7171 378.6125 6.5658 54.7475 0.000209
0 71.9477 245.7589 16.9703 27.1295 0.000206
0 522.9115 234.7575 17.8548 41.4741 0.000205
0 2.5955 191.9467 5.1910 42.6844 0.000202
0 12.2459 458.3058 24.4918 62.1893 0.000201
0 26.8611 507.9348 28.6672 7.9793 0.000198
0 2.8106 466.2541 5.5768 40.9729 0.000192
0 76.5825 123.4068 28.4992 29.9482 0.000192
0 514.4790 235.6627 19.4446 41.1197 0.000188
0 276.2083 5.9144 26.6874 11.8287 0.000186
0 6.4008 354.1724 12.8015 62.9021 0.000185
0 2.6224 150.5190 5.2447 37.5109 0.000183
0 4.5504 400.1685 9.0906 59.9684 0.000178
0 10.4663 441.5712 20.8770 43.7863 0.000177
0 180.4503 3.5494 27.3966 7.0227 0.000171
0 19.8477 3.7771 18.4464 7.4909 0.000171
0 517.6136 261.7475 20.6449 34.8699 0.000170
0 318.2512 299.4194 15.2604 33.5675 0.000170
0 216.1278 4.4242 27.9301 8.8484 0.000168
0 309.5869 507.5510 22.0339 8.7788 0.000168
0 303.0428 507.7531 19.6575 8.4939 0.000167
0 546.7958 337.7870 29.9836 28.6461 0.000166
0 149.2356 301.6073 24.8475 34.8601 0.000159
0 2.8098 312.0719 5.6195 51.2404 0.000157
0 162.5106 508.0577 21.7845 7.6976 0.000154
0 37.6903 448.3821 15.5254 35.2338 0.000152
0 126.0472 308.0331 23.9692 38.0440 0.000152
0 107.9971 281.0383 17.3962 33.3525 0.000147
0 100.1382 254.8193 20.1017 12.6239 0.000143
0 340.0450 295.6541 18.5707 48.1167 0.000143
0 104.1440 491.8516 18.8131 14.4465 0.000140
0 83.3286 244.5839 27.6176 26.5531 0.000138
0 631.4242 14.0346 17.1516 28.0692 0.000134
0 267.4441 5.7494 24.6368 11.4989 0.000132
0 112.2218 3.9465 26.6553 7.8930 0.000122
0 6.4759 6.1032 12.9517 12.2063 0.000119
0 632.3881 304.1407 15.2239 53.2025 0.000119
0 42.1377 140.9827 17.3669 26.6496 0.000116
0 108.3822 495.8896 19.3273 26.6145 0.000114
0 328.1432 244.1094 15.2004 8.9030 0.000113
0 636.5492 293.8142 6.9016 52.8907 0.000113
0 632.7457 8.2741 14.5085 16.5322 0.000112
0 441.4096 508.3270 23.0086 7.3460 0.000110
0 538.6554 509.1407 28.9778 5.7187 0.000108
0 150.9746 324.5806 18.7291 49.6771 0.000107
0 13.1160 488.9516 26.2321 44.6481 0.000106
0 630.4896 345.0535 19.0208 60.1960 0.000106
0 206.1738 3.4561 26.8961 6.8334 0.000104
0 2.8968 227.0518 5.7718 40.9065 0.000103
0 634.4538 358.5163 11.0923 53.4247 0.000103
0 99.7365 242.8896 22.0893 25.6706 0.000101
0 3.9153 280.8137 7.8305 63.3755 0.000101
0 126.7536 310.8354 14.7389 25.5509 0.000100
0 109.4289 5.1653 36.9964 10.3307 0.000100
0 517.9414 276.3095 19.0453 12.4520 0.000099
0 3.4488 96.8956 6.8977 39.8898 0.000098
0 478.5838 325.5876 16.6072 24.6119 0.000095
0 4.0623 343.7361 8.0995 52.1273 0.000095
0 3.2539 66.1837 6.5077 24.8773 0.000091
0 427.8458 143.6554 15.8164 20.7149 0.000091
0 330.6817 303.3565 15.4363 33.7361 0.000090
0 332.4649 247.5702 15.0204 17.8822 0.000086
0 3.9985 296.7198 7.9970 62.7176 0.000082
0 328.9112 238.7095 11.6746 16.7068 0.000081
0 94.3715 224.8383 40.5869 59.4712 0.000081
0 322.4705 247.7642 20.2574 16.9006 0.000080
0 541.5619 327.9615 30.8953 46.4080 0.000079
0 330.4737 264.9560 32.0189 42.7183 0.000078
0 143.8906 301.6581 30.1917 64.0640 0.000072
0 4.5937 260.8573 9.1874 44.7680 0.000072
0 512.9967 250.5594 20.3484 45.9333 0.000071
0 532.5691 264.9666 24.9922 35.2764 0.000071
0 2.7749 375.9408 5.5498 33.3754 0.000068
0 614.6494 295.7984 16.2473 35.2864 0.000067
0 192.9939 3.3553 29.1500 6.6322 0.000066
0 122.3198 320.2497 18.6775 15.8107 0.000066
0 537.2588 233.9761 12.2332 24.1707 0.000064
0 154.2624 315.6417 26.6373 43.0167 0.000064
0 171.8404 507.9647 18.9637 8.0706 0.000064
0 18.9574 507.4957 25.7545 8.6803 0.000061
0 624.5231 321.5939 29.5575 58.7782 0.000060
0 300.8986 287.8967 13.2096 28.8219 0.000060
0 110.5704 294.9573 17.5991 41.0934 0.000060
0 88.8776 250.1638 18.1189 16.1184 0.000058
0 8.9325 502.0947 17.2137 19.8105 0.000058
0 296.9167 508.0638 21.5938 7.8723 0.000056
0 609.9825 300.1902 18.6188 38.8470 0.000056
0 98.6749 478.0504 27.5275 32.5797 0.000056
0 321.8892 256.7793 21.5181 37.1817 0.000055
0 43.9671 507.8517 20.6838 8.2028 0.000055
0 3.0263 136.0516 6.0526 39.0908 0.000053
0 636.9684 279.0415 6.0631 48.9018 0.000053
0 16.6856 504.0196 30.5282 15.7736 0.000053
0 551.0809 326.7213 26.1638 38.5969 0.000053
0 327.2236 5.1938 18.7817 10.3877 0.000052
0 179.4142 508.5114 26.0858 6.9772 0.000051
0 253.4737 5.6544 30.9298 11.3088 0.000051
0 1.8221 203.6658 3.6442 40.3525 0.000051
0 418.4536 321.6974 17.7025 41.5104 0.000048
0 73.3863 242.5358 31.5766 30.7312 0.000048
0 85.1237 231.3040 29.9429 50.4320 0.000046
0 319.2029 123.9220 17.3424 37.1017 0.000046
0 624.0946 292.8070 24.5449 34.7569 0.000046
0 94.7993 492.7422 22.7622 13.4312 0.000046
0 500.7211 403.0181 37.2924 86.6542 0.000045
0 3.7250 247.5135 7.4500 43.8593 0.000044
0 532.6719 341.2057 23.2639 27.7090 0.000044
0 5.6508 490.9553 11.0711 36.9977 0.000043
0 154.9642 3.5629 26.1289 6.9764 0.000043
0 103.9380 482.5863 20.4167 23.2751 0.000042
0 633.6270 334.6896 12.7461 45.5349 0.000041
0 511.9052 222.2045 18.9143 34.6677 0.000041
0 1.7173 171.1035 3.4346 28.8242 0.000041
0 3.4126 5.3841 6.8252 10.7681 0.000040
0 101.6239 233.3111 28.9678 42.3553 0.000040
0 223.1578 367.5811 18.1276 51.3096 0.000039
0 180.2656 167.5844 24.0583 31.3796 0.000039
0 3.5686 18.5529 7.0906 21.8633 0.000038
0 33.2850 449.5066 17.0877 23.5964 0.000037
0 314.5285 117.8114 19.9218 39.5076 0.000036
0 627.5231 23.2406 24.9537 46.4813 0.000036
0 608.0851 291.0115 21.4961 26.6204 0.000033
0 3.0285 55.0090 6.0570 25.7412 0.000033
0 545.4321 8.8642 43.5472 17.7283 0.000033
0 626.9561 6.2325 26.0879 12.4285 0.000033
0 2.7528 358.4120 5.5056 48.1464 0.000033
0 511.7438 232.0597 14.4430 25.2031 0.000031
0 4.8724 417.8743 9.7392 34.1014 0.000031
0 315.4702 121.5367 11.7301 33.9246 0.000030
0 635.7188 16.0155 8.5625 32.0309 0.000030
0 2.9819 121.1363 5.9638 46.8221 0.000030
0 137.1921 319.3500 15.9338 38.2295 0.000030
0 98.6927 3.8250 24.9158 7.6500 0.000030
0 529.8063 508.6436 32.1936 6.7128 0.000030
0 1.9898 398.3207 3.9797 42.0832 0.000029
0 476.8268 507.8471 20.7805 8.0317 0.000029
0 553.0195 508.4480 29.8081 7.0701 0.000029
0 622.0361 11.7942 35.9277 23.5884 0.000029
0 1.9358 485.3343 3.8716 50.5228 0.000029
0 51.7728 481.6098 32.7371 39.3094 0.000029
0 6.4259 461.8578 12.8519 49.0576 0.000029
0 411.5619 3.2265 22.4972 6.4529 0.000029
0 135.1834 299.3190 25.2284 52.7298 0.000029
0 104.3259 293.2766 18.5005 42.6193 0.000028
0 2.4211 10.5700 4.8422 21.1401 0.000028
0 121.4383 296.9590 33.0767 51.6101 0.000028
0 13.8305 4.2241 23.9265 8.4481 0.000028
0 31.1683 445.1586 20.5151 37.3881 0.000027
0 3.3799 26.6985 6.6446 23.5053 0.000027
0 86.3437 508.8341 19.1956 6.3318 0.000027
0 20.5168 11.2957 16.7342 22.1014 0.000027
0 510.6632 426.4752 35.8798 40.6213 0.000027
0 3.0551 327.1878 6.0627 47.8127 0.000027
0 310.7511 196.4489 17.1499 30.6050 0.000026
0 400.5545 3.1206 22.2348 6.0095 0.000026
0 104.0033 306.0981 13.1634 20.0920 0.000025
0 633.1100 29.7432 13.7800 59.4863 0.000025
