0 560.9291 440.5402 30.3691 46.0770 0.184882
0 298.5300 181.8046 29.8347 59.9071 0.005323
0 599.9262 426.1962 25.2093 28.0239 0.004446
0 613.8879 212.3475 25.5258 22.1778 0.003509
0 335.4028 147.3907 42.1058 82.4971 0.002287
0 509.4435 392.5918 22.2577 33.3756 0.002026
0 353.0489 503.6682 31.7138 16.6334 0.001691
0 600.6078 406.0948 25.6885 35.6758 0.001623
0 291.2059 167.8801 44.3003 87.9553 0.001006
0 154.2423 231.5003 18.6843 24.0345 0.000795
0 341.5400 161.5629 40.9767 55.0154 0.000770
0 327.5744 159.9989 26.2750 54.5992 0.000716
0 553.0519 507.7344 21.6050 8.5146 0.000634
0 94.5769 6.3249 30.1908 12.6497 0.000528
0 121.1109 93.7520 15.2940 18.3164 0.000525
0 190.5829 120.4595 23.0453 36.0570 0.000356
0 346.7783 358.0388 37.7953 58.8068 0.000349
0 340.3822 504.8524 31.3615 14.2734 0.000348
0 581.7277 279.3083 50.7445 63.9697 0.000322
0 319.1801 393.9370 32.6571 76.2643 0.000309
0 4.7955 31.3862 9.5910 49.1595 0.000300
0 311.5591 281.7869 21.9016 37.8232 0.000291
0 561.8949 508.2523 23.5723 7.4953 0.000282
0 250.1852 404.4934 37.9166 26.7734 0.000253
0 83.2909 8.0138 45.3435 15.9642 0.000251
0 35.6718 507.1056 35.1467 9.7748 0.000240
0 544.3544 356.0490 29.6761 25.3606 0.000233
0 2.6174 188.5446 5.2348 66.8591 0.000223
0 367.7980 505.0999 40.6853 13.8003 0.000220
0 148.7804 216.5806 21.2459 18.2567 0.000212
0 512.5652 508.4254 27.9506 7.1492 0.000212
0 156.9452 160.3603 23.3645 36.4082 0.000155
0 607.6493 410.5932 36.1494 44.7015 0.000152
0 107.4885 6.4714 38.1446 12.9429 0.000150
0 427.1214 208.9884 21.7241 38.7527 0.000149
0 13.2560 158.6553 25.9675 28.0708 0.000148
0 10.3113 177.3379 20.6227 62.8515 0.000145
0 269.5807 72.2736 31.9450 38.8817 0.000144
0 5.1097 183.2010 10.2090 68.8900 0.000142
0 2.9419 369.5418 5.8838 57.7263 0.000135
0 48.2794 506.4617 34.9648 11.0674 0.000129
0 433.4376 204.2976 18.0372 34.1297 0.000121
0 636.4060 472.7739 7.1878 43.9654 0.000119
0 634.8039 503.7013 10.3069 16.5303 0.000109
0 8.8339 314.3848 17.6488 55.2218 0.000107
0 633.6637 5.9281 12.6030 11.8153 0.000106
0 3.0001 217.2923 6.0002 75.8141 0.000102
0 561.6388 431.2162 30.9590 26.0588 0.000097
0 18.7738 506.5885 36.0073 10.8230 0.000095
0 556.8789 504.0007 20.9466 15.7771 0.000092
0 243.1533 188.2891 18.6071 47.8558 0.000092
0 637.1689 459.9109 5.6622 54.2122 0.000091
0 314.0705 505.7563 37.7396 12.4873 0.000089
0 551.2119 391.3023 23.7642 45.4425 0.000089
0 293.4774 143.5051 35.0732 42.5795 0.000082
0 634.8828 507.1786 10.1516 9.6427 0.000082
0 148.8974 226.8209 27.1672 29.8434 0.000079
0 421.8644 214.3311 33.2415 49.4651 0.000079
0 360.2434 362.4381 19.9988 39.1171 0.000077
0 155.5007 218.7776 22.3777 23.3047 0.000076
0 141.8154 215.1744 23.1797 15.7367 0.000074
0 592.1653 508.1482 19.1744 7.7035 0.000071
0 524.8820 49.9232 21.7790 22.2807 0.000071
0 321.9176 261.2833 38.0338 55.6120 0.000069
0 121.2938 84.5105 16.6097 32.3399 0.000067
0 121.2654 102.8828 16.6028 35.8808 0.000064
0 624.2692 228.7582 31.4617 54.8242 0.000063
0 573.2675 509.1055 24.6270 5.7889 0.000061
0 375.1425 233.1206 15.5809 22.0222 0.000060
0 636.1867 499.2064 7.6265 24.4897 0.000057
0 8.1062 23.5794 16.2124 42.1871 0.000055
0 414.5435 508.6432 31.8650 6.7136 0.000051
0 298.9607 505.5753 38.9326 12.8493 0.000046
0 377.5369 230.2033 22.7299 34.2071 0.000044
0 298.8814 198.2883 28.1685 33.6186 0.000041
0 606.6554 397.5106 22.3535 21.4613 0.000040
0 419.1411 190.3294 36.1594 52.0154 0.000040
0 2.5205 354.0599 5.0409 64.9562 0.000039
0 3.6282 339.9602 7.2565 82.1522 0.000039
0 500.2404 395.4826 22.9233 28.2565 0.000039
0 184.6467 163.3800 31.1645 33.3811 0.000038
0 544.9503 428.8668 19.6238 29.7731 0.000038
0 585.9308 508.7239 20.5330 6.5522 0.000038
0 540.2388 507.8560 29.3130 8.2364 0.000037
0 344.6043 314.3295 57.6398 58.8174 0.000037
0 628.6730 5.1066 20.7419 9.8513 0.000037
0 636.7142 505.0686 6.5716 13.8628 0.000037
0 454.3096 438.5999 16.8502 17.6588 0.000035
0 30.5447 504.8467 42.1600 14.3065 0.000035
0 617.3959 397.9365 43.8237 30.8846 0.000034
0 622.0443 217.6733 35.1704 34.6911 0.000033
0 298.9733 217.5071 42.4285 174.2885 0.000033
0 637.4030 492.0726 5.1940 33.2841 0.000032
0 628.7515 370.7520 22.4971 44.6421 0.000031
0 540.1586 374.2907 25.3624 57.0776 0.000030
0 634.4896 17.5579 11.0208 35.1157 0.000030
0 330.6212 229.1740 12.8088 20.8073 0.000030
0 400.3322 469.5214 25.9576 30.2793 0.000029
0 633.1531 233.6373 13.6937 58.9554 0.000029
0 328.8333 147.1924 23.5215 22.9217 0.000029
0 179.6260 111.3303 34.3382 26.7864 0.000029
0 383.0934 505.3509 28.8589 13.2765 0.000029
0 353.2594 160.4615 23.9220 52.9238 0.000028
0 636.9436 240.6143 6.1128 70.1713 0.000028
0 560.3533 390.7949 31.2603 46.1929 0.000028
0 533.7855 392.3015 26.4910 40.8684 0.000027
0 268.7451 83.6304 39.0208 61.9158 0.000027
0 7.1518 334.9229 14.3036 60.4070 0.000026
0 314.5312 174.5954 65.9998 79.9794 0.000026
0 528.7416 507.6111 33.6795 8.7605 0.000025
