0 229.5668 413.9966 34.0683 31.3623 0.841040
0 296.2220 365.5673 29.7614 34.7979 0.835271
0 464.4175 506.8195 23.8965 10.3609 0.048046
0 518.7266 507.1176 22.8883 9.7650 0.032757
0 635.8427 286.5214 8.3146 42.8173 0.007803
0 257.6546 170.2041 12.4514 29.9117 0.004745
0 636.8057 350.1521 6.3567 39.6225 0.004744
0 461.9094 503.0285 25.4314 17.7662 0.003915
0 207.8082 249.4669 19.8742 22.4588 0.003045
0 586.9031 249.8010 13.1627 24.3191 0.002617
0 515.1537 504.1385 29.3797 15.7229 0.002244
0 529.3632 507.1968 37.1486 9.4327 0.002101
0 474.5878 507.7179 39.3826 8.5511 0.001753
0 635.8717 307.2575 8.2566 58.9851 0.001125
0 627.4115 71.5859 25.1770 73.9638 0.000977
0 473.5853 504.0697 36.7753 15.8605 0.000928
0 2.6719 84.7618 5.3439 39.9898 0.000832
0 193.3674 308.8182 16.4360 25.0250 0.000797
0 454.3475 507.4045 33.2013 9.1911 0.000692
0 15.2378 4.0773 26.0093 8.1523 0.000644
0 406.6417 431.1533 18.4055 33.4993 0.000642
0 325.3427 363.0070 18.6998 42.3129 0.000595
0 636.3081 236.4066 7.3838 46.0027 0.000582
0 637.4008 324.7312 5.1984 62.4176 0.000557
0 97.5328 5.2630 25.2895 10.5224 0.000534
0 635.0557 476.3697 9.8888 42.1583 0.000484
0 2.9167 100.4136 5.8335 65.9847 0.000482
0 636.1291 335.4944 7.7419 50.8218 0.000457
0 499.5807 492.7173 28.3726 37.6694 0.000440
0 636.9157 220.9890 6.1686 45.8550 0.000420
0 407.5752 426.1343 15.3233 18.9208 0.000403
0 635.8408 263.9786 8.3183 52.9513 0.000369
0 26.4593 3.1940 31.6866 6.3740 0.000358
0 520.5446 508.9297 31.9204 6.1406 0.000315
0 3.1694 65.9743 6.3388 63.8342 0.000310
0 110.3310 4.8556 31.2186 9.7111 0.000292
0 635.8690 321.4528 8.2620 36.7463 0.000276
0 636.8226 446.7758 6.3499 38.0480 0.000228
0 347.8457 4.1239 21.6069 8.2323 0.000224
0 4.4024 234.5588 8.8048 46.3804 0.000222
0 636.6825 146.4322 6.6349 52.4265 0.000214
0 512.6299 493.8789 29.0842 35.2059 0.000210
0 635.4197 78.0455 9.1606 87.8823 0.000210
0 165.8146 509.1055 32.5339 5.7889 0.000206
0 507.2027 501.1964 33.0795 21.3626 0.000195
0 265.3079 171.7019 20.2735 32.9791 0.000179
0 382.2327 6.2557 18.3378 12.5114 0.000172
0 226.0708 509.0812 31.0482 5.7835 0.000168
0 448.7073 505.3127 22.2281 13.3746 0.000167
0 634.8020 393.4789 10.0396 23.6050 0.000160
0 225.3010 3.2698 20.3928 6.5396 0.000158
0 469.9576 45.7682 19.7191 45.8206 0.000157
0 507.2823 506.7498 30.7020 10.5003 0.000151
0 196.0058 248.2743 34.4445 24.7679 0.000150
0 637.4148 126.6376 5.1703 56.3594 0.000144
0 183.3252 4.0356 23.5502 8.0168 0.000140
0 631.1417 52.7015 17.6719 47.3066 0.000136
0 217.2198 3.2689 21.7916 6.5378 0.000135
0 635.9432 460.6742 8.1137 46.0919 0.000133
0 213.5126 251.3918 18.1818 21.9363 0.000130
0 9.8566 501.6295 19.7032 20.7411 0.000128
0 635.6397 46.5431 8.7206 53.4545 0.000127
0 512.9720 507.8965 25.0966 8.1199 0.000126
0 630.4530 394.1597 16.6257 19.2062 0.000119
0 90.1372 4.6214 32.3000 9.2428 0.000113
0 8.0126 5.3217 15.6126 10.5711 0.000111
0 533.0157 361.6613 11.9033 15.4535 0.000105
0 6.1747 304.6457 12.3357 26.2937 0.000104
0 461.4827 286.6878 11.3326 18.3982 0.000100
0 62.7147 280.2868 14.5195 18.7639 0.000095
0 3.5062 487.3425 7.0123 44.2803 0.000095
0 175.1722 6.2307 22.3315 12.4614 0.000090
0 14.8126 9.0452 27.9794 18.0904 0.000084
0 102.5280 7.3021 27.4635 14.5532 0.000081
0 410.7384 3.4318 24.3073 6.8426 0.000081
0 454.0789 501.0984 28.9805 21.5640 0.000080
0 5.2274 499.7504 10.4549 24.4992 0.000077
0 473.7871 499.2356 43.1465 25.3033 0.000074
0 539.6562 501.4016 54.0953 20.6960 0.000074
0 636.5195 174.9561 6.9609 65.5154 0.000073
0 239.9558 58.5094 12.7419 19.7760 0.000073
0 198.5207 309.7266 13.9378 23.8512 0.000071
0 405.9389 435.0964 13.3510 22.7417 0.000069
0 633.2879 306.3961 13.0247 40.0724 0.000068
0 488.0667 502.2109 52.6341 19.5143 0.000067
0 2.9438 255.9016 5.8875 66.9304 0.000066
0 245.9140 58.1783 22.8794 19.9969 0.000065
0 622.3739 394.6946 16.5807 17.8931 0.000063
0 413.5260 426.4855 19.4720 19.5549 0.000062
0 489.6685 507.6825 31.6694 8.6349 0.000062
0 634.9688 216.6686 9.9994 35.2893 0.000061
0 632.8893 223.0118 14.0373 42.5407 0.000058
0 579.8469 126.8150 32.4591 46.4952 0.000058
0 169.4568 8.7210 23.0422 17.3482 0.000056
0 637.1276 96.3916 5.7448 92.8257 0.000056
0 547.8754 508.1469 43.9651 7.0950 0.000056
0 449.2011 382.3450 17.3910 29.1489 0.000054
0 635.8643 366.5262 8.2715 53.5521 0.000054
0 215.8042 509.1016 29.7582 5.7969 0.000053
0 75.9315 507.7923 29.1056 8.4154 0.000053
0 8.8845 14.7360 17.7690 29.4719 0.000053
0 388.8840 4.6356 20.6771 9.2711 0.000052
0 388.2159 8.6804 18.9721 17.3608 0.000050
0 537.9506 361.7795 13.5052 17.9656 0.000049
0 2.7230 374.3209 5.4460 42.7294 0.000048
0 3.3186 436.6519 6.6371 33.6602 0.000048
0 270.0370 508.9056 26.2961 6.1888 0.000047
0 439.3708 508.1402 36.1080 7.7195 0.000046
0 130.7523 3.8446 24.8966 7.6892 0.000046
0 454.1053 497.6397 13.1265 22.2969 0.000046
0 4.2151 279.0695 8.4301 74.8887 0.000045
0 3.1059 409.8973 6.2117 63.3549 0.000044
0 397.2914 3.8793 28.6939 7.7587 0.000043
0 8.4921 470.8255 16.9841 57.0670 0.000043
0 343.1349 16.8676 25.1683 33.5448 0.000043
0 485.3443 493.0905 67.2018 37.8190 0.000042
0 259.5463 509.1090 26.8899 5.7819 0.000041
0 361.6415 3.8474 32.7903 7.6948 0.000041
0 170.5357 4.1608 28.7410 8.3214 0.000040
0 633.0547 344.3952 12.6869 39.8702 0.000040
0 2.3254 305.3277 4.6509 35.5576 0.000036
0 58.3838 280.6460 21.4328 27.3918 0.000036
0 632.7513 328.8983 13.4553 26.9813 0.000036
0 283.6937 508.7469 23.7000 6.5062 0.000036
0 423.0687 508.4073 31.8649 7.1855 0.000036
0 205.6965 3.3492 23.2892 6.6983 0.000035
0 161.5532 6.3264 27.9113 12.6528 0.000034
0 636.7500 379.3809 6.5000 43.8190 0.000034
0 590.5447 507.9473 29.1160 8.1054 0.000034
0 191.2664 3.5336 21.3432 7.0671 0.000033
0 379.8125 404.7553 11.9924 12.3222 0.000033
0 248.4391 509.1153 25.0317 5.7694 0.000032
0 634.7356 502.7879 10.5288 18.4241 0.000032
0 519.3578 8.9562 22.6010 17.9124 0.000032
0 2.5630 229.0419 5.1260 40.8451 0.000031
0 3.9616 465.2748 7.9231 54.5676 0.000031
0 3.0757 355.5335 6.1038 48.9516 0.000031
0 406.6704 293.7406 13.4025 23.7924 0.000030
0 205.1805 508.8518 28.6298 6.2963 0.000030
0 193.6709 301.8082 14.3147 16.0908 0.000030
0 334.7583 3.9354 28.0551 7.8600 0.000030
0 5.7876 22.9098 11.5270 45.6571 0.000029
0 633.3110 92.7234 13.3780 98.4671 0.000029
0 637.0673 428.3297 5.8654 42.3460 0.000029
0 636.4333 198.1727 7.1334 63.3818 0.000029
0 527.8199 8.5922 25.2646 17.1844 0.000029
0 463.8874 44.6891 15.0016 33.0569 0.000029
0 632.5651 458.8730 13.8611 36.1451 0.000029
0 635.0829 494.6045 9.8341 29.2624 0.000028
0 4.1961 44.9974 8.3923 82.9539 0.000027
0 8.6675 318.5194 17.0805 29.7879 0.000027
0 531.9293 509.2392 28.9387 5.5217 0.000027
0 3.4435 317.5120 6.8871 35.8702 0.000027
0 2.1072 477.6644 4.2143 65.1890 0.000027
0 193.0215 508.6575 39.9177 6.6850 0.000026
