0 611.1362 278.2743 35.0067 54.1369 0.877645
0 225.3404 412.4202 32.0224 72.0602 0.858554
0 632.2980 232.6943 15.4039 46.2917 0.077629
0 471.1648 137.5523 20.0084 21.8883 0.005874
0 489.9247 280.7702 19.1488 22.0792 0.005362
0 633.9951 253.8182 11.9365 32.1810 0.004595
0 165.1815 466.1971 18.4715 33.2456 0.003594
0 635.0718 280.3765 9.8565 58.7079 0.003218
0 210.2079 348.6171 24.3113 40.3766 0.002807
0 181.7294 415.2111 26.1850 69.4042 0.002558
0 634.6969 267.0334 10.6062 43.2971 0.002210
0 150.5240 430.0648 19.3542 38.8274 0.002001
0 199.4377 415.2976 22.0348 47.1356 0.001373
0 407.5424 386.0385 27.7495 54.8387 0.001001
0 3.4700 477.9224 6.9399 62.2491 0.000672
0 292.6641 406.2240 25.6514 43.2516 0.000551
0 208.4114 503.7499 19.8938 16.5002 0.000531
0 627.9557 227.4602 23.6672 39.5082 0.000519
0 127.2532 505.1490 22.5846 13.6008 0.000435
0 630.4094 261.3278 16.6691 39.2882 0.000382
0 206.1378 486.1695 23.8299 41.0749 0.000376
0 215.2278 504.8224 25.3080 14.3552 0.000271
0 162.9470 179.4718 15.5514 37.4236 0.000258
0 213.8238 385.7940 14.5357 22.5481 0.000196
0 178.3233 437.2800 18.9062 27.8331 0.000191
0 216.5749 400.5880 17.8208 49.3451 0.000188
0 630.5673 284.9108 18.8470 67.2497 0.000181
0 2.5579 193.1289 5.1156 65.3348 0.000166
0 200.5431 502.6269 29.0935 18.7462 0.000165
0 4.0532 456.5964 8.1063 62.3776 0.000161
0 2.1804 177.4563 4.3608 44.8878 0.000150
0 2.3000 159.0370 4.5999 60.9420 0.000148
0 123.1226 501.7777 25.3374 20.2551 0.000144
0 634.0767 211.5626 11.8467 61.3750 0.000140
0 637.5666 269.4145 4.8668 73.1815 0.000136
0 187.7049 421.7805 31.9714 52.2562 0.000133
0 135.0854 507.8941 17.3141 8.2117 0.000128
0 633.5910 506.4212 12.8180 11.1574 0.000123
0 518.8899 379.0222 29.0986 63.5365 0.000120
0 470.4302 148.0845 24.6675 40.3259 0.000116
0 4.4961 505.3150 8.9922 13.3699 0.000116
0 90.3463 496.7399 23.0452 30.5202 0.000112
0 635.8036 241.1543 8.3927 57.6298 0.000108
0 625.0397 239.5088 21.5544 37.3289 0.000103
0 295.6233 122.3197 24.7108 35.7223 0.000101
0 135.9446 506.0301 26.3847 11.9398 0.000100
0 117.1003 504.9690 30.3737 13.8321 0.000091
0 492.5287 242.4700 23.3225 18.0245 0.000090
0 635.4319 302.1247 9.1361 81.1979 0.000084
0 207.0258 440.3541 11.4007 15.7792 0.000082
0 263.4542 503.8942 35.4579 16.2115 0.000077
0 134.9463 430.3125 45.6074 38.4180 0.000076
0 221.0364 432.3384 30.8378 31.1152 0.000075
0 459.5404 73.6754 13.6001 17.1812 0.000075
0 149.2705 506.9315 24.5728 10.1369 0.000073
0 208.5785 464.6111 16.8658 28.9778 0.000072
0 205.3584 472.0188 20.8597 28.6448 0.000069
0 205.7703 369.3789 13.4261 16.0012 0.000067
0 157.3865 178.0925 13.8932 39.2256 0.000067
0 208.4594 501.8294 29.5889 20.3412 0.000062
0 183.4192 439.8500 16.2404 19.5309 0.000062
0 632.0331 242.0918 15.9337 83.1781 0.000061
0 213.5487 438.5362 19.1313 19.1389 0.000060
0 209.1906 412.6090 59.7694 75.4286 0.000055
0 215.2372 175.9106 42.3026 46.5120 0.000052
0 122.4646 508.0527 25.4078 7.3568 0.000051
0 462.1671 152.9207 27.8366 48.8803 0.000051
0 253.1960 505.7914 27.3875 12.4171 0.000049
0 214.7863 506.9157 39.4223 10.1685 0.000047
0 155.6515 466.2361 32.4196 37.3459 0.000046
0 357.7034 406.5515 34.7002 54.9834 0.000044
0 183.6374 507.0339 27.3400 9.9321 0.000043
0 596.6553 349.3909 70.0840 98.1405 0.000043
0 630.3258 507.6061 17.8000 8.7877 0.000043
0 444.6787 148.1302 18.3938 39.6946 0.000043
0 190.7167 500.7645 42.2463 22.2605 0.000041
0 10.0511 508.0004 20.1022 7.9992 0.000040
0 532.2819 245.2067 12.4421 20.2497 0.000040
0 206.2280 404.0540 15.9769 46.6577 0.000039
0 123.4718 487.1547 22.7908 46.6113 0.000039
0 337.7958 506.2014 34.6964 11.5973 0.000037
0 507.5746 372.4500 14.1189 50.9070 0.000037
0 246.5074 506.6597 25.5674 10.5575 0.000035
0 208.4772 506.9952 16.1069 10.0096 0.000035
0 622.6941 282.5217 34.0872 58.5863 0.000035
0 4.5030 499.0370 9.0061 25.9260 0.000035
0 237.9572 506.7849 29.6360 10.4302 0.000034
0 637.0938 388.7391 5.8124 36.0890 0.000034
0 12.2250 488.9910 24.4500 46.0179 0.000033
0 126.9695 495.4666 19.3111 33.0267 0.000033
0 619.7626 229.0593 25.6545 38.0903 0.000033
0 492.3045 391.3556 16.3209 40.2516 0.000032
0 636.9066 332.8865 6.1868 47.5416 0.000032
0 181.9278 393.2796 22.8160 34.6008 0.000032
0 211.9277 360.4636 17.2529 31.4536 0.000031
0 211.2304 475.6516 23.1818 35.7878 0.000030
0 446.8259 434.5428 14.8489 23.3367 0.000030
0 157.2550 508.1424 25.6023 7.7151 0.000030
0 426.0933 465.0212 11.3500 14.0594 0.000030
0 399.4037 12.8781 35.4352 25.4541 0.000029
0 201.6160 5.4573 29.5917 10.8274 0.000029
0 632.5233 301.8817 14.9534 109.1503 0.000028
0 206.7012 376.6361 12.9543 16.6147 0.000028
0 451.7932 234.2689 24.9275 40.2252 0.000028
0 637.8067 298.3416 4.3866 63.4253 0.000027
0 172.7013 507.7298 25.6265 8.5404 0.000026
0 3.1147 213.5091 6.2294 61.4604 0.000026
0 37.2600 508.4297 23.1059 7.1406 0.000026
