0 252.4686 342.1004 32.8796 51.0291 0.450815
0 498.6822 153.3559 57.8796 61.5207 0.163427
0 619.3214 440.7606 38.9458 49.4082 0.123375
0 5.2157 165.2275 10.4302 32.2767 0.101772
0 91.7129 6.5587 29.2993 13.1076 0.092642
0 441.9813 389.1113 40.4468 70.3001 0.075880
0 53.5179 442.1699 26.5402 38.3558 0.072579
0 537.6003 149.4787 16.8363 24.1465 0.064599
0 91.5520 389.2639 20.1425 24.6892 0.058874
0 632.9153 256.1801 14.1375 58.1149 0.053160
0 507.5100 453.4456 73.8153 69.7821 0.052019
0 3.1765 164.9122 6.3530 34.7850 0.047669
0 617.8305 20.6729 44.3238 41.3370 0.038491
0 290.3195 157.0275 15.4040 26.2379 0.026566
0 245.9073 502.1648 24.3780 19.3643 0.021371
0 419.6395 323.0901 21.5984 43.9532 0.020974
0 191.0040 320.3706 18.6798 29.7578 0.020125
0 3.4827 150.4467 6.9648 52.3568 0.014940
0 11.7571 235.2524 23.5141 51.2484 0.013862
0 296.7541 149.1373 18.3201 48.2745 0.013508
0 104.3375 6.5738 37.0267 13.0409 0.011758
0 567.3207 355.7346 38.5714 49.1272 0.008469
0 367.2076 317.7099 24.1219 49.3479 0.007141
0 85.0291 305.6047 45.2618 65.8329 0.006909
0 212.4264 349.8160 36.3365 46.9793 0.006175
0 171.8574 176.6924 16.9304 35.5232 0.006160
0 437.3990 164.5515 39.2544 34.7370 0.005269
0 3.9406 131.5552 7.8811 33.8208 0.005165
0 300.8529 133.9275 19.7772 27.3584 0.004527
0 503.6393 51.3334 21.4974 41.3817 0.003934
0 331.8866 497.0034 34.3435 29.9761 0.003854
0 250.9080 498.8653 28.0155 25.9194 0.003786
0 282.6428 124.5389 18.1196 21.5610 0.003365
0 212.6269 3.0128 24.9866 5.9670 0.003133
0 290.1138 131.5512 25.6674 25.5962 0.003114
0 411.8902 424.3245 35.6624 23.2325 0.002962
0 214.9507 303.3630 16.0817 14.8391 0.002274
0 3.0580 110.2538 6.1160 44.1401 0.001341
0 4.2988 236.1878 8.5976 54.5824 0.001270
0 2.0465 173.7435 4.0930 44.0207 0.001238
0 587.8054 320.3483 28.3881 45.4563 0.001235
0 10.6644 397.9143 21.3184 41.9589 0.001231
0 9.6715 139.9255 18.7654 42.0201 0.001154
0 7.7295 157.8399 15.0818 43.6266 0.001041
0 377.3557 318.0835 44.6439 53.7722 0.000989
0 465.6951 308.6964 25.3301 46.0618 0.000988
0 223.6593 3.6259 37.8374 7.2334 0.000970
0 383.4543 306.2427 58.8733 78.8263 0.000959
0 302.9329 145.1208 25.9908 46.7164 0.000921
0 455.1358 129.7555 22.6717 21.1761 0.000898
0 9.0689 127.0512 17.5553 24.9824 0.000883
0 469.7170 223.7997 22.2657 35.0190 0.000852
0 482.0060 460.6870 23.3722 58.8586 0.000847
0 2.9947 183.0649 5.9774 50.4476 0.000815
0 284.4746 141.9274 18.0604 49.9405 0.000787
0 2.9667 301.3736 5.9069 17.6444 0.000753
0 636.9859 450.0184 6.0153 64.9467 0.000731
0 8.2659 175.1808 16.3959 44.8068 0.000674
0 5.4036 252.0285 10.8072 22.4328 0.000627
0 467.0507 86.9743 8.2380 26.6380 0.000541
0 297.2767 165.3073 18.3396 26.4016 0.000540
0 636.1610 268.2815 7.6781 74.6284 0.000439
0 249.3991 356.7357 24.1307 23.9835 0.000436
0 408.1785 244.5289 34.6085 34.3384 0.000421
0 2.8710 307.7549 5.6806 19.8509 0.000421
0 198.7935 3.0991 33.0418 6.1416 0.000406
0 285.7576 4.3002 27.5987 8.5120 0.000380
0 636.7242 463.5661 6.5516 38.9935 0.000343
0 271.7341 3.9925 39.5909 7.9497 0.000331
0 238.6892 310.7184 15.9012 17.3367 0.000327
0 57.0563 84.9114 20.7367 26.4613 0.000322
0 248.2499 364.1495 20.6317 16.0286 0.000320
0 14.9372 131.8010 27.7538 29.1466 0.000291
0 238.7101 503.6114 25.4240 16.7772 0.000285
0 3.1204 294.2471 6.2407 25.1464 0.000265
0 464.5780 391.0449 84.8066 68.8645 0.000257
0 234.9057 332.4526 16.4250 30.3584 0.000237
0 76.3031 6.4084 49.6134 12.8168 0.000236
0 259.4446 494.9704 44.8887 33.7025 0.000234
0 296.9218 153.4477 13.2155 34.4975 0.000218
0 224.5417 333.8605 19.5994 25.0973 0.000218
0 636.5488 232.9681 6.9025 61.0969 0.000208
0 465.9886 4.4550 24.3736 8.9099 0.000207
0 428.2577 158.7965 21.2925 27.8595 0.000206
0 5.9025 147.9602 11.7421 58.4173 0.000202
0 248.1995 371.3338 18.7724 28.3950 0.000194
0 284.6367 153.0885 13.3485 26.0610 0.000190
0 1.8701 348.8491 3.7403 45.8205 0.000190
0 283.5246 159.6352 12.9676 17.0379 0.000183
0 287.1079 111.8805 18.3246 18.8532 0.000173
0 263.9073 2.7803 34.4047 5.5271 0.000167
0 3.0803 491.4886 6.1537 26.4525 0.000159
0 632.8634 160.7559 14.2731 38.6848 0.000157
0 3.2368 253.5159 6.4736 44.8602 0.000156
0 472.4688 300.6803 37.8245 46.3237 0.000156
0 637.1229 94.0139 5.7542 51.2854 0.000151
0 398.9681 507.6156 18.0557 8.7689 0.000149
0 19.5136 138.7015 28.1136 36.8908 0.000145
0 470.1344 121.1026 17.8580 19.1522 0.000145
0 13.4170 163.9548 25.3611 37.7844 0.000141
0 562.0643 213.7468 42.8269 29.3953 0.000140
0 128.0054 5.2915 41.5072 10.5564 0.000138
0 520.7189 4.3057 25.4862 8.5231 0.000138
0 229.5891 332.3027 15.9085 24.7308 0.000138
0 576.9980 3.1047 19.4421 6.0509 0.000133
0 12.3930 412.5281 22.7668 19.0732 0.000131
0 637.8826 450.1989 4.2347 45.6571 0.000131
0 637.5658 334.0452 4.8646 50.1048 0.000128
0 3.7978 224.5780 7.5956 39.1068 0.000127
0 637.0021 22.4455 5.9956 41.6223 0.000127
0 637.7263 248.7241 4.5474 52.6038 0.000124
0 499.8104 343.9222 19.4524 22.1036 0.000123
0 236.1206 319.2788 10.2832 12.7722 0.000122
0 398.4615 233.1671 12.8939 13.9107 0.000118
0 243.7875 338.6104 17.5106 45.9601 0.000115
0 427.6429 5.0404 27.4168 10.0807 0.000114
0 544.1534 16.7736 19.3142 32.3264 0.000113
0 37.1070 242.3354 19.8225 25.7991 0.000113
0 490.2178 120.5682 16.4170 18.2421 0.000108
0 634.2960 20.2848 11.2774 40.2051 0.000107
0 193.7333 481.4634 45.7032 46.6323 0.000107
0 459.5908 84.9149 16.6169 33.6612 0.000105
0 6.5497 130.4955 13.0994 38.6921 0.000103
0 331.0262 3.1519 19.0969 6.3038 0.000102
0 3.1288 206.7212 6.2576 37.5656 0.000101
0 241.3858 3.8342 44.3470 7.6438 0.000099
0 628.3656 20.1288 23.1382 40.2576 0.000095
0 479.2837 153.1536 18.7087 28.7271 0.000094
0 2.4498 232.9137 4.8997 59.3771 0.000093
0 141.0224 5.0379 24.9211 10.0758 0.000092
0 148.3732 4.9893 21.5709 9.9473 0.000091
0 232.0937 324.9871 17.7084 21.8999 0.000088
0 2.3072 332.1380 4.6143 57.7379 0.000088
0 636.9556 309.1318 6.0886 89.9275 0.000086
0 445.6597 4.3912 29.4205 8.7823 0.000085
0 237.0087 315.8989 15.7919 13.9420 0.000081
0 476.1807 4.3711 30.3679 8.7423 0.000079
0 396.5741 236.9641 11.2933 17.7594 0.000079
0 2.8474 315.5176 5.5932 28.8116 0.000077
0 77.4173 205.0029 32.2294 56.5770 0.000077
0 487.4172 4.3134 28.9357 8.6268 0.000075
0 454.1933 67.1409 16.6820 29.5828 0.000074
0 279.8107 151.1340 25.4940 38.9112 0.000074
0 2.9547 272.3924 5.9093 46.4365 0.000072
0 507.7508 4.3766 28.9526 8.5618 0.000072
0 291.7448 165.7762 15.1664 19.9333 0.000071
0 2.5353 85.9514 5.0385 52.6283 0.000071
0 474.5945 154.4814 14.7551 31.7012 0.000071
0 254.2561 3.5758 32.7796 7.0688 0.000070
0 476.6957 3.1448 20.2655 6.2896 0.000069
0 451.3718 61.5810 12.6294 25.9056 0.000068
0 297.5870 164.5902 11.9129 19.1406 0.000068
0 455.2339 3.8580 18.4055 7.7160 0.000067
0 243.0111 330.4690 13.3293 32.6207 0.000059
0 5.2009 344.9015 10.4018 58.1434 0.000058
0 79.0637 382.9536 9.8327 16.7717 0.000058
0 629.8773 454.4299 16.1204 39.0236 0.000058
0 97.1983 12.3019 26.0073 24.6037 0.000056
0 66.7894 214.1772 16.8575 29.9705 0.000055
0 74.7646 214.2595 25.9366 36.8478 0.000054
0 446.1194 167.3284 19.8312 29.9416 0.000053
0 518.6808 3.4877 17.6113 6.9755 0.000053
0 7.8126 119.1631 15.6252 32.3596 0.000053
0 2.0193 391.1249 4.0385 48.5677 0.000052
0 2.9418 478.9474 5.7978 27.2733 0.000052
0 301.7053 3.9366 32.6082 7.8732 0.000051
0 398.7387 507.9812 31.9129 7.9584 0.000051
0 18.7348 238.3067 37.4696 69.4920 0.000051
0 280.0704 163.5269 17.6119 15.4631 0.000049
0 626.5405 239.1609 21.7067 33.9059 0.000048
0 635.8662 452.5492 7.9072 32.6328 0.000048
0 302.5957 170.5032 23.4896 34.8327 0.000048
0 8.2560 107.0277 16.0616 44.3918 0.000045
0 246.8027 377.6138 16.4239 16.3689 0.000044
0 448.9790 3.6159 20.3212 7.2318 0.000044
0 108.7675 13.1945 43.0689 25.8511 0.000042
0 516.8388 88.1376 23.2275 30.9538 0.000042
0 259.6187 255.0064 15.9332 28.8975 0.000042
0 89.4830 12.8139 28.5585 25.1610 0.000042
0 418.3214 4.5756 29.2714 9.0576 0.000041
0 476.2544 119.6977 33.5737 26.4242 0.000041
0 635.1215 7.5667 9.7570 15.1334 0.000041
0 288.7868 139.8657 19.6506 41.4545 0.000041
0 458.9561 8.2025 25.0692 16.4049 0.000041
0 465.4686 102.9741 9.2186 15.6684 0.000040
0 312.9087 507.3250 22.6611 9.0869 0.000039
0 373.7152 326.4196 26.6064 36.6725 0.000039
0 6.4009 368.5916 12.8017 83.7834 0.000038
0 111.9808 387.0326 12.5255 17.5371 0.000038
0 318.2881 3.4280 23.0275 6.8560 0.000038
0 524.3948 3.6820 16.0159 7.3639 0.000037
0 635.6915 153.9729 8.6170 44.4823 0.000037
0 636.6234 474.4660 6.7532 35.3254 0.000036
0 21.1926 502.2538 34.3775 19.1620 0.000036
0 3.9325 498.4009 7.6120 23.2864 0.000036
0 324.2046 487.9339 40.0438 48.1322 0.000036
0 293.4700 142.6324 16.0443 30.7499 0.000035
0 86.2551 385.5352 16.7973 20.7546 0.000035
0 289.8727 491.6517 56.9935 36.7371 0.000035
0 472.5847 50.9455 12.2079 30.4360 0.000035
0 474.0991 8.0687 32.9724 16.1374 0.000034
0 80.1478 382.9311 14.2476 22.7427 0.000034
0 464.1505 12.3912 22.9443 22.9747 0.000034
0 188.6392 422.8752 9.4338 19.0759 0.000034
0 230.4166 497.0430 22.1084 26.0853 0.000034
0 531.1154 4.6854 20.5063 9.3707 0.000034
0 637.2363 115.2662 5.5274 51.4432 0.000033
0 33.2940 137.5878 25.4816 32.5511 0.000033
0 204.8342 8.6363 35.0589 17.2725 0.000033
0 466.3882 72.7348 15.7913 37.5836 0.000032
0 2.8778 379.3059 5.7556 35.4331 0.000032
0 51.8900 89.9450 27.8861 35.9356 0.000032
0 433.2610 7.5716 23.5833 15.1431 0.000032
0 575.9559 216.3089 22.1890 34.0062 0.000031
0 7.4874 502.9959 14.7742 18.0081 0.000031
0 483.3892 3.3048 18.0027 6.6096 0.000031
0 78.1292 375.3630 13.7951 21.4050 0.000031
0 286.9577 117.9490 23.9215 31.8922 0.000031
0 7.7670 251.0758 15.5339 97.4474 0.000030
0 189.5667 3.5049 24.2803 7.0099 0.000030
0 461.4180 31.3813 28.2170 38.6755 0.000029
0 83.1086 9.9168 44.8754 19.6962 0.000029
0 454.8696 80.9331 28.0981 53.5544 0.000029
0 321.3766 500.7339 24.0552 22.5321 0.000028
0 444.6230 309.2360 13.8319 39.5695 0.000028
0 632.9487 3.6182 14.1025 7.2269 0.000027
0 220.5001 7.5812 33.8890 15.1623 0.000027
0 216.7365 53.1392 18.8115 23.9474 0.000026
0 374.5850 65.0997 13.3667 29.4814 0.000026
0 634.7645 271.4245 10.4710 143.9088 0.000025
0 534.9955 4.0644 14.4863 7.8956 0.000025
0 569.1222 2.9334 21.4731 5.7063 0.000025
