0 86.3515 216.9239 18.5690 57.5146 0.680996
0 490.7542 205.0641 19.0562 40.6031 0.404110
0 634.3628 245.0083 11.2704 99.3432 0.225922
0 635.3083 225.5777 9.3834 65.2971 0.037505
0 90.7126 212.9658 9.1416 50.2004 0.031397
0 224.7162 264.2265 27.8537 27.7515 0.029053
0 233.7181 266.9004 10.7500 28.0688 0.014600
0 215.5140 265.2253 10.8249 26.4020 0.002877
0 2.6578 218.8714 5.3156 36.4320 0.002173
0 636.2223 210.4240 7.5553 67.7465 0.001992
0 2.9756 239.3676 5.9511 80.0536 0.000857
0 6.4915 129.5676 12.9829 43.0313 0.000851
0 635.9843 287.2509 8.0250 129.0198 0.000678
0 3.7154 220.5906 7.4264 57.1651 0.000604
0 215.3834 261.3272 15.8640 35.9564 0.000538
0 522.0307 8.1470 29.1674 16.2771 0.000301
0 219.2874 258.3603 22.3513 40.1244 0.000288
0 632.6152 215.1353 13.9900 45.4888 0.000278
0 628.4253 251.3447 20.7942 113.9377 0.000265
0 633.2059 275.8708 13.3301 61.3897 0.000227
0 224.1133 237.5510 31.7751 81.2007 0.000209
0 636.6088 279.2776 6.7825 57.8555 0.000178
0 239.4590 267.8112 15.6760 29.1553 0.000152
0 633.4888 200.8341 13.0225 96.1068 0.000117
0 637.8086 304.1236 4.3828 98.3052 0.000107
0 478.5522 215.0512 15.2459 25.5410 0.000103
0 542.2955 219.0948 10.1606 24.8829 0.000092
0 627.5988 219.0727 22.7533 52.7407 0.000078
0 7.8279 107.7449 15.6558 89.3433 0.000072
0 6.1912 218.5755 11.7711 38.1903 0.000061
0 396.0349 192.9616 16.2056 23.1588 0.000055
0 401.6262 194.0305 18.0623 23.4214 0.000045
0 636.0107 184.0231 7.9786 99.6079 0.000044
0 629.2300 496.5197 21.5399 30.9605 0.000039
0 3.0136 267.3573 6.0272 87.7557 0.000036
0 3.4097 81.6748 6.8194 82.5944 0.000034
0 103.2087 8.8574 39.5755 17.6892 0.000034
0 77.0523 224.4557 35.8945 76.5860 0.000028
0 636.8497 318.4011 6.3005 104.2904 0.000028
0 398.1400 209.5674 13.9308 12.6580 0.000027
0 3.3279 185.8871 6.6558 102.1781 0.000025
