0 513.8265 354.8448 37.0467 69.6852 0.683814
0 246.1068 206.2072 21.9640 52.0257 0.680048
0 273.7689 119.5468 22.9675 22.9586 0.622965
0 178.1180 421.6139 27.6195 45.3995 0.461827
0 306.3859 276.4758 18.8029 24.8712 0.388999
0 512.7922 332.2508 35.5743 25.1548 0.313979
0 565.9116 29.1106 30.9585 27.7078 0.299505
0 524.5275 28.7035 17.1542 41.1508 0.196665
0 512.3176 31.4217 23.3956 56.8492 0.189819
0 514.3206 370.0117 27.1012 38.5447 0.182038
0 518.7850 32.5856 17.6166 44.2927 0.089372
0 276.7709 239.5318 16.7563 20.3117 0.080577
0 551.1353 35.8437 44.4583 45.8998 0.051276
0 601.4506 39.0611 22.5423 26.4376 0.041704
0 270.9108 240.4174 24.0392 19.6827 0.027286
0 575.0279 67.4377 27.6690 57.0780 0.025463
0 270.6852 27.0700 14.1505 25.5268 0.025076
0 274.7959 255.6533 15.5302 22.8427 0.023665
0 88.7009 13.6955 28.5666 27.2006 0.023174
0 156.3173 54.9585 14.4564 37.3405 0.020868
0 516.4766 4.6271 21.1442 9.0743 0.017901
0 196.8069 339.2537 19.3288 23.7793 0.016537
0 635.9447 280.4377 8.1107 31.4763 0.015109
0 157.1342 46.6485 12.3002 30.1388 0.011845
0 81.3682 4.3181 24.8938 8.6363 0.011006
0 518.2102 18.3320 20.1059 35.3388 0.009893
0 635.9056 266.5937 8.1889 47.3027 0.009089
0 154.7645 43.3291 9.7881 18.2712 0.008287
0 271.9757 288.1216 25.7644 18.9134 0.007447
0 209.9711 74.8684 17.3655 28.5688 0.006972
0 545.6358 44.3137 29.5873 35.6445 0.006773
0 636.6637 113.9979 6.6719 44.2072 0.004886
0 273.4401 248.9436 20.2522 28.0006 0.004208
0 612.1851 39.1670 29.6852 23.5783 0.003809
0 526.5788 5.0663 25.0699 9.9584 0.003392
0 89.0838 6.0160 28.3651 11.9909 0.003269
0 71.2019 78.6188 11.8481 14.5114 0.003194
0 636.2509 97.0238 7.4800 55.3736 0.002946
0 217.8203 75.4888 32.2048 29.4289 0.002538
0 277.6064 249.4723 14.9887 34.3135 0.002515
0 164.6231 70.9012 26.8936 25.5506 0.002504
0 555.7380 34.0121 46.1092 29.4045 0.002256
0 161.8373 63.2114 21.9292 34.8761 0.001849
0 119.1686 450.9709 24.0332 44.2620 0.001780
0 32.7798 371.6899 17.1267 23.2201 0.001721
0 72.7838 4.3722 17.5961 8.6674 0.001713
0 636.2919 220.4758 7.4112 39.6873 0.001391
0 512.0259 10.3089 23.2760 20.5548 0.001264
0 164.5591 57.8942 26.3299 50.5278 0.001234
0 621.6360 358.6786 36.3700 63.2761 0.001023
0 153.8667 41.0912 14.3856 25.8137 0.000974
0 151.7484 38.0067 11.2091 14.0876 0.000822
0 630.6957 359.3226 18.5830 54.3718 0.000768
0 631.1899 274.2758 17.5832 42.6316 0.000760
0 635.9798 239.1986 8.0402 55.8247 0.000751
0 281.6449 121.2685 31.6623 25.1317 0.000639
0 637.4072 39.7739 5.1857 29.5933 0.000631
0 635.0677 377.9098 9.8646 37.4850 0.000630
0 75.1610 83.6776 21.3323 15.7493 0.000627
0 81.3792 87.5150 23.1484 21.9840 0.000586
0 630.2461 94.6670 19.5078 59.6482 0.000585
0 91.5487 260.0000 18.1017 14.1487 0.000572
0 133.0712 3.9170 15.2646 7.7811 0.000569
0 631.6215 259.8595 16.7224 44.1405 0.000546
0 556.3901 361.4160 24.8167 45.6966 0.000530
0 507.7574 4.3260 30.8844 8.4155 0.000525
0 636.4012 205.5693 7.1977 50.3189 0.000518
0 563.4509 371.3394 14.4355 24.9659 0.000518
0 559.0964 371.7417 19.4627 31.9889 0.000461
0 634.8180 459.4534 10.2856 32.7497 0.000458
0 152.0946 47.6512 11.6724 27.7018 0.000452
0 141.2356 17.2360 15.8239 34.1815 0.000440
0 373.2920 3.0894 20.1650 6.0978 0.000437
0 259.3402 193.4775 13.7845 29.3117 0.000410
0 565.7566 60.1506 41.5776 63.4799 0.000386
0 635.4328 294.4985 9.1343 56.7524 0.000385
0 632.3065 340.1299 15.3729 44.3131 0.000379
0 169.2661 507.8440 27.7787 8.2955 0.000371
0 506.9693 7.0185 25.5712 13.9225 0.000369
0 575.7495 440.5720 39.0621 64.9418 0.000351
0 138.3775 3.3580 17.1348 6.6554 0.000349
0 77.7491 79.5493 20.0012 12.9489 0.000340
0 636.2839 343.1854 7.4322 44.8956 0.000334
0 276.4210 245.3736 16.3590 18.8807 0.000300
0 116.8942 3.9105 12.0438 7.8175 0.000294
0 534.0034 4.8655 30.3154 9.7310 0.000290
0 201.8307 331.2265 22.4679 33.2333 0.000267
0 579.1026 29.5269 27.0735 27.9292 0.000266
0 590.8549 37.9670 15.9070 25.7650 0.000265
0 485.1820 3.9435 20.0806 7.7977 0.000251
0 634.3027 435.2422 11.3947 46.7874 0.000250
0 555.7088 26.3127 28.8956 26.1104 0.000248
0 560.7090 19.1433 29.8154 36.0403 0.000247
0 124.8783 3.7086 14.1290 7.3372 0.000240
0 76.0408 7.1951 23.3536 14.3902 0.000230
0 106.1589 4.1021 19.1434 8.1598 0.000227
0 70.7676 83.3279 11.5286 20.1431 0.000216
0 153.4000 28.3367 11.2967 21.6057 0.000213
0 71.9637 3.8975 30.8582 7.6998 0.000212
0 180.8127 327.2513 13.1468 16.4349 0.000209
0 229.1530 75.6192 26.8721 28.7959 0.000204
0 169.6639 418.4001 14.6543 41.3558 0.000202
0 636.5243 135.8890 6.9514 80.9592 0.000198
0 74.1344 74.1502 13.0521 19.1087 0.000197
0 213.3436 508.2924 29.8464 7.4151 0.000195
0 150.8319 19.3135 15.0020 31.3138 0.000195
0 135.6581 15.9606 16.8156 31.7873 0.000190
0 272.9026 110.4833 23.3241 40.8466 0.000187
0 576.4552 26.3175 21.5503 24.7430 0.000180
0 636.8878 359.8173 6.2245 54.5479 0.000176
0 634.6013 393.9015 10.6199 44.4100 0.000171
0 153.3530 29.4970 16.1584 28.1376 0.000170
0 144.0682 9.4572 20.2064 18.8618 0.000163
0 556.9810 47.1584 52.2468 53.4555 0.000162
0 151.1669 5.7812 18.0698 11.4912 0.000160
0 625.8567 505.2790 28.2866 13.4419 0.000156
0 545.7492 4.7222 29.8327 9.4366 0.000156
0 563.2036 360.9720 15.7498 41.9773 0.000155
0 507.8247 14.9806 25.9814 29.1177 0.000149
0 248.5970 181.2110 17.0897 26.1833 0.000146
0 157.0365 500.5936 31.3009 22.7188 0.000142
0 633.0188 285.3609 13.7269 37.4532 0.000140
0 382.7354 3.8217 23.5891 7.6434 0.000138
0 496.5279 5.1160 29.5438 10.0477 0.000137
0 3.4027 77.9320 6.8053 36.0003 0.000137
0 129.8982 14.9049 18.0916 29.5944 0.000132
0 596.9373 33.2963 27.5991 35.6824 0.000131
0 181.1307 507.6816 40.0649 8.6367 0.000129
0 630.1976 386.9017 19.6049 30.0328 0.000120
0 63.7516 3.6258 19.7737 7.1035 0.000120
0 194.7205 316.0856 36.1248 50.5384 0.000113
0 144.3225 3.4599 19.8477 6.8411 0.000111
0 636.5963 173.9091 6.8074 66.0166 0.000111
0 558.6788 8.2270 26.7519 16.4541 0.000104
0 624.5798 40.2788 23.8442 22.9224 0.000102
0 528.9364 17.1725 25.0474 32.5092 0.000099
0 635.5708 452.7416 8.8584 59.6699 0.000097
0 191.5904 81.2382 21.5359 30.9153 0.000095
0 205.9560 79.5149 15.0796 34.2706 0.000093
0 636.7519 436.9273 6.4962 45.4630 0.000093
0 265.8640 233.2082 22.3334 21.6487 0.000090
0 149.2035 39.6435 10.4849 24.6087 0.000090
0 247.9155 188.0137 19.7070 21.1854 0.000089
0 4.2659 460.4665 8.5317 75.7037 0.000086
0 223.3528 507.4965 43.8746 9.0070 0.000085
0 167.9581 504.3745 34.4382 15.2510 0.000084
0 3.7564 7.5959 7.5127 14.9257 0.000084
0 204.8189 322.4340 19.1859 44.8965 0.000084
0 522.3084 9.7577 24.2906 19.5153 0.000083
0 186.0769 332.7853 14.5179 18.0178 0.000083
0 291.2223 123.3146 21.9619 22.9841 0.000077
0 243.5940 192.9776 20.7123 37.6364 0.000076
0 175.9411 245.8197 11.8052 18.9411 0.000076
0 3.1709 62.2466 6.3228 36.0462 0.000074
0 636.0356 329.7995 7.9288 42.1122 0.000074
0 624.9158 431.3050 30.0687 46.8246 0.000073
0 158.6769 505.5014 25.7894 12.8525 0.000073
0 272.2747 20.3950 17.0314 21.1666 0.000071
0 617.2707 495.4502 44.6071 32.8716 0.000066
0 632.3717 324.8359 15.2565 51.8742 0.000065
0 222.2322 502.8700 45.5965 18.1973 0.000063
0 255.7299 242.5181 28.8314 18.0183 0.000062
0 381.3566 9.8517 24.6227 18.8897 0.000062
0 98.7011 8.7430 31.4382 17.4860 0.000060
0 227.3586 2.9702 18.2452 5.9404 0.000056
0 32.0680 5.4167 24.7686 10.8334 0.000056
0 3.5665 444.3909 6.7660 57.8129 0.000056
0 202.0100 507.7475 27.8303 8.5050 0.000055
0 15.2174 17.3691 29.8833 34.0383 0.000054
0 638.0309 29.4060 3.9381 35.9365 0.000053
0 77.0917 84.6734 13.9537 21.7427 0.000053
0 565.3658 12.2946 30.1223 24.5892 0.000051
0 189.7586 40.4873 8.5419 15.5914 0.000051
0 629.2809 494.7925 21.4381 34.2672 0.000051
0 635.9684 34.9908 8.0631 26.2401 0.000050
0 164.8066 47.0591 21.2150 26.9960 0.000049
0 637.2593 449.6396 5.4059 45.5798 0.000047
0 637.2982 247.8145 5.4037 55.6569 0.000046
0 632.6895 107.2846 13.6752 46.5193 0.000045
0 235.4440 79.7449 16.2147 31.2355 0.000045
0 20.8381 5.1362 36.5518 10.2724 0.000044
0 599.2943 497.2734 54.1505 29.4532 0.000043
0 387.8582 12.4630 20.9995 22.0875 0.000043
0 395.1714 16.1442 14.0125 26.1201 0.000042
0 634.7975 475.6106 10.4049 67.1880 0.000041
0 6.7376 11.2745 13.4752 22.0082 0.000041
0 632.7592 221.0844 13.3323 34.8960 0.000041
0 210.0579 46.6627 15.1499 22.6928 0.000040
0 617.3015 506.3816 33.8130 11.2368 0.000040
0 625.8340 270.4370 26.3724 37.4606 0.000039
0 256.6231 240.6151 16.6415 17.4332 0.000039
0 209.0459 503.5752 27.9651 16.8496 0.000038
0 554.1050 376.7363 23.0051 33.5682 0.000037
0 499.0854 10.3006 32.5015 20.5461 0.000037
0 150.2112 26.8015 12.1398 29.7874 0.000037
0 142.1950 280.5329 13.5206 21.3438 0.000035
0 393.1726 4.8362 18.1813 9.1697 0.000035
0 173.9748 242.9116 8.7738 12.2867 0.000035
0 6.3871 503.0219 12.6716 17.9562 0.000034
0 629.9214 445.2707 19.7834 47.1803 0.000034
0 272.8636 269.9380 18.1011 48.9558 0.000032
0 563.4426 383.3163 18.2479 35.5582 0.000032
0 282.5906 238.3715 32.6505 24.6290 0.000032
0 96.8818 3.6521 23.0939 7.2621 0.000032
0 632.3679 236.2886 15.2641 52.1100 0.000032
0 630.5278 298.2089 18.4297 51.4178 0.000032
0 177.6740 242.9874 9.4572 11.6606 0.000031
0 360.7327 3.2301 25.3984 6.2840 0.000031
0 16.4367 8.6226 32.8734 17.0357 0.000030
0 124.9702 14.1923 11.4077 27.5051 0.000030
0 618.1814 339.8478 42.5671 93.0779 0.000030
0 242.9034 506.1191 33.7664 11.7618 0.000029
0 30.7439 298.6538 10.2849 19.7380 0.000029
0 3.3268 15.3561 6.6536 30.5892 0.000029
0 297.6589 274.4424 15.6283 22.3312 0.000029
0 631.4018 118.9290 17.1963 52.0114 0.000029
0 2.8407 104.0636 5.6814 30.7076 0.000029
0 612.9980 323.2568 38.1179 54.4576 0.000028
0 119.5662 486.8954 39.1491 50.2092 0.000028
0 632.2814 499.1318 15.4372 25.7363 0.000027
0 478.9106 4.3058 18.8021 8.5908 0.000027
0 258.8651 180.2761 12.5058 33.8098 0.000027
0 220.0225 3.0420 20.2846 6.0840 0.000026
0 4.2451 359.8091 8.4901 22.8226 0.000026
0 75.8961 125.8755 10.6936 13.6622 0.000026
0 7.5058 475.3228 15.0115 67.2554 0.000026
0 294.5909 281.4299 15.0483 25.5254 0.000025
0 64.9768 84.1711 13.4454 14.7524 0.000025
