0 520.0723 351.5822 37.0239 23.2352 0.827901
0 273.3140 249.0174 17.1954 27.4918 0.800472
0 471.7564 505.9828 29.6739 12.0335 0.044176
0 400.5695 506.4427 25.9654 11.1146 0.041038
0 548.2020 319.8789 29.8867 37.9023 0.028452
0 633.8453 28.8867 12.3094 38.3045 0.023421
0 188.9638 506.8764 36.3349 10.2384 0.012089
0 291.3073 249.2621 18.7493 23.9771 0.008195
0 410.0439 27.5514 27.9105 47.4701 0.007645
0 163.6365 470.1411 13.3381 30.5182 0.005669
0 505.3636 507.6568 29.9758 8.5739 0.005654
0 319.7044 508.7074 22.0959 6.5817 0.004989
0 219.4645 157.4063 15.4915 18.6440 0.004643
0 587.6848 4.2850 26.3822 8.5700 0.004490
0 420.8375 10.7984 35.3463 21.5522 0.002871
0 413.8816 506.0110 44.2854 11.8782 0.002566
0 194.8082 508.1842 32.2938 7.6317 0.002501
0 168.3895 4.7746 21.6884 9.3980 0.002408
0 243.1659 247.2841 7.5295 20.8582 0.002284
0 184.5036 500.9502 38.4260 21.7245 0.002237
0 281.2830 275.8755 11.3190 16.1455 0.002071
0 519.3931 506.5650 46.0621 10.7050 0.002005
0 433.8723 9.6433 32.5266 19.2015 0.001914
0 634.7205 45.0021 10.5497 38.3184 0.001755
0 435.6562 43.9546 32.0551 40.8141 0.001490
0 442.7143 5.0909 26.4891 10.1787 0.001489
0 486.8915 506.8817 51.9472 10.1447 0.001426
0 374.8611 5.1038 21.2847 10.1225 0.001405
0 539.1813 506.5511 31.2949 10.8918 0.001218
0 457.7236 507.0768 36.9976 9.8465 0.001188
0 88.4819 331.5284 39.5720 45.1146 0.001067
0 138.5435 3.9615 14.8496 7.9230 0.000984
0 434.5855 5.5508 28.0573 11.0217 0.000927
0 390.9528 505.1434 40.3308 13.6756 0.000916
0 596.4079 4.0940 30.8270 8.1359 0.000732
0 3.9581 498.3687 7.8566 24.1653 0.000704
0 443.0774 3.5003 21.7147 7.0005 0.000656
0 552.8107 214.9954 63.2591 69.9624 0.000636
0 160.2381 4.6836 19.5470 9.3672 0.000633
0 451.1993 508.0184 28.8871 7.9633 0.000617
0 12.8750 324.2930 25.7499 27.7487 0.000602
0 5.2919 505.2395 10.1899 12.7791 0.000581
0 193.4769 176.7135 27.3619 37.5140 0.000572
0 388.1261 189.5730 17.9208 23.1878 0.000561
0 53.2509 508.0637 20.3548 7.8727 0.000547
0 576.4613 4.7058 36.3511 9.4098 0.000507
0 202.7220 508.8991 24.6384 6.1828 0.000488
0 495.7752 504.5605 46.6973 14.5938 0.000447
0 584.4130 7.4804 27.9418 14.9540 0.000433
0 3.1345 388.1163 6.2690 44.1536 0.000429
0 170.8153 491.9661 19.2536 37.2131 0.000420
0 390.6597 507.8116 34.1805 8.3768 0.000408
0 595.7639 233.9727 88.4722 53.6634 0.000380
0 5.0950 274.1918 10.0770 22.1219 0.000371
0 145.4916 4.0292 22.5434 8.0279 0.000357
0 307.4396 508.2994 32.1885 7.4010 0.000353
0 14.6193 407.6964 25.5235 37.6701 0.000351
0 8.9261 507.4436 16.0347 9.0405 0.000351
0 162.0575 488.9026 14.4889 22.8586 0.000346
0 426.1484 6.9762 26.5180 13.7837 0.000335
0 330.6443 508.4216 27.8272 7.1567 0.000319
0 180.3712 494.7733 34.9485 34.2683 0.000299
0 277.3630 262.5032 13.4295 37.2014 0.000285
0 82.1620 507.9474 17.5602 7.3799 0.000278
0 245.5934 250.1710 7.5684 17.4612 0.000248
0 216.0083 508.6017 34.5409 6.7966 0.000233
0 609.3084 187.9084 14.5366 18.1817 0.000220
0 280.0310 208.3871 26.8339 27.1293 0.000214
0 109.9491 9.3479 21.7735 18.6236 0.000214
0 118.0258 92.3357 25.2216 22.9682 0.000213
0 628.4636 24.8752 22.3291 40.7252 0.000209
0 382.0060 187.9902 28.9405 17.9291 0.000206
0 195.4334 503.5967 49.1385 16.8066 0.000205
0 137.3805 508.3184 18.4473 7.1548 0.000199
0 3.7253 304.5349 7.4505 62.5950 0.000198
0 423.5567 507.4250 21.7165 9.1304 0.000198
0 449.4841 2.3137 21.0458 4.6274 0.000191
0 249.3712 249.9743 10.4277 19.8719 0.000189
0 3.0725 387.9115 5.9596 22.7978 0.000186
0 317.7123 504.5678 24.4423 14.8335 0.000183
0 135.2734 3.6891 24.5867 7.3311 0.000182
0 398.3907 495.8568 23.8724 31.8292 0.000181
0 366.9506 5.7034 30.5593 11.1579 0.000176
0 3.4616 371.2017 6.8487 27.8424 0.000175
0 418.2517 6.9542 26.1488 13.7949 0.000172
0 227.3398 509.4486 19.6511 5.1028 0.000162
0 3.2932 267.7675 6.5840 35.3810 0.000161
0 409.6031 13.8404 28.3355 27.1735 0.000160
0 441.7138 8.7658 22.6685 17.5063 0.000152
0 610.9641 194.5484 17.8564 34.1744 0.000147
0 3.6485 253.0216 7.2970 49.2774 0.000137
0 91.1638 507.4660 21.8792 7.6837 0.000136
0 126.5863 508.2215 23.2657 7.2639 0.000133
0 555.4207 293.5771 22.3767 27.3734 0.000129
0 576.6049 219.0958 77.6157 67.8676 0.000128
0 6.2830 288.1917 12.4781 36.8139 0.000121
0 520.7767 366.7048 37.0128 51.9398 0.000121
0 474.7927 128.4255 20.1435 27.4289 0.000119
0 410.1063 502.1623 40.2980 19.6754 0.000118
0 152.8997 471.1847 28.0123 35.4789 0.000117
0 170.0449 495.3191 29.1980 27.2751 0.000115
0 562.0320 176.6593 26.6692 27.3339 0.000109
0 620.7748 3.9250 21.3960 7.7792 0.000107
0 421.7057 33.1932 53.2216 60.0957 0.000105
0 468.6007 499.3425 33.6006 24.6248 0.000104
0 408.9834 5.7887 26.8634 11.3456 0.000104
0 133.0481 507.2960 17.5742 8.2358 0.000103
0 10.3810 281.9130 20.2333 24.9496 0.000102
0 383.4025 7.3101 20.6894 14.6105 0.000099
0 3.5042 487.8422 6.9621 35.2811 0.000098
0 3.6230 282.6295 7.2348 31.1655 0.000094
0 605.7150 4.4642 34.1615 8.9284 0.000093
0 179.0224 5.3231 35.3308 10.6461 0.000092
0 131.4825 330.2206 16.1601 16.8386 0.000092
0 323.9341 7.0504 29.0735 13.9816 0.000091
0 15.0816 508.2639 24.0569 7.4723 0.000091
0 604.9259 197.3605 23.8947 35.5233 0.000089
0 428.5043 504.7383 62.3218 14.5234 0.000088
0 144.6047 508.6497 23.0653 6.7006 0.000088
0 90.0408 243.7856 25.8448 21.5097 0.000086
0 213.9419 153.9626 16.8327 15.4557 0.000085
0 5.3513 263.1546 10.5733 42.0432 0.000082
0 13.4833 306.0334 24.2058 76.3990 0.000082
0 219.2872 509.2222 19.2364 5.4814 0.000082
0 125.8454 365.9344 37.4894 19.3872 0.000081
0 329.2871 3.9208 24.2673 7.7604 0.000081
0 39.3444 508.1369 26.7302 7.7262 0.000079
0 117.4414 508.3575 22.6420 7.0797 0.000078
0 2.2017 396.3087 4.4033 45.7065 0.000077
0 635.8652 232.5042 7.9527 43.3862 0.000077
0 536.9073 194.1897 24.5542 27.2015 0.000076
0 166.2924 314.8933 20.1243 44.3728 0.000075
0 617.8638 362.9631 20.9478 19.4373 0.000073
0 149.6854 5.6563 32.0046 11.3127 0.000073
0 176.5508 507.1959 27.1065 9.6082 0.000072
0 7.6127 501.4648 14.5869 20.2913 0.000071
0 622.4604 9.5769 28.1262 19.1537 0.000071
0 86.1563 347.2008 30.0547 26.1865 0.000071
0 218.4624 165.1850 16.4527 33.5857 0.000069
0 437.4995 508.1117 22.7477 7.7766 0.000065
0 88.5397 268.4945 29.6624 71.7714 0.000062
0 368.5788 10.0828 30.9381 19.8149 0.000061
0 176.4845 503.8493 43.2278 15.5009 0.000059
0 5.5635 181.3168 10.7941 66.1270 0.000059
0 169.3206 304.4828 12.6119 30.2539 0.000059
0 633.8010 64.1872 12.3980 70.0107 0.000056
0 391.0195 4.5260 21.2518 9.0520 0.000056
0 27.5847 508.3546 25.0286 7.2330 0.000054
0 319.4966 198.8458 14.1074 30.3260 0.000050
0 131.8604 8.6611 18.2252 16.6788 0.000049
0 121.3698 359.7525 26.6856 11.4011 0.000048
0 602.9752 183.6172 20.5876 16.4218 0.000048
0 108.6657 247.8192 11.9379 18.7588 0.000047
0 51.2169 207.5835 20.5111 18.4497 0.000047
0 612.9065 185.2679 16.5654 19.8173 0.000047
0 120.5939 6.0972 27.9866 12.1944 0.000047
0 626.7637 181.4355 26.4548 48.0703 0.000046
0 532.7015 507.2079 22.6533 9.5842 0.000045
0 295.5723 507.9789 26.5391 8.0422 0.000044
0 260.7976 232.5766 11.8806 23.2739 0.000044
0 163.9960 9.3562 19.3083 17.3870 0.000042
0 132.0241 395.9744 52.9178 72.8019 0.000040
0 118.3125 11.4990 28.0528 19.2329 0.000040
0 397.6732 4.8321 16.8344 9.2695 0.000040
0 68.8548 507.8573 31.0393 8.0518 0.000039
0 170.1487 131.4790 18.3582 17.6466 0.000039
0 113.0375 19.9603 22.2871 7.4354 0.000038
0 131.3076 377.1482 49.0832 41.3512 0.000037
0 635.4189 117.2911 9.1622 50.6239 0.000037
0 167.3564 18.7420 24.3979 30.0386 0.000037
0 233.2092 509.6996 19.8575 4.6008 0.000036
0 451.3662 9.2677 35.7874 17.4712 0.000035
0 104.1523 10.5324 21.6757 18.0785 0.000034
0 107.2020 507.5253 21.4786 7.4682 0.000033
0 627.4991 3.8798 24.9928 7.7596 0.000033
0 133.8577 502.7654 16.8703 16.0344 0.000033
0 636.6518 317.3278 6.6964 50.7846 0.000033
0 3.3137 361.0025 6.5890 29.4329 0.000032
0 512.7958 505.0168 29.7683 13.0333 0.000032
0 201.4207 498.7346 39.6531 25.5907 0.000032
0 279.7249 250.0329 20.5159 26.2699 0.000032
0 7.3115 301.3900 14.5568 61.3540 0.000031
0 534.8004 188.0827 21.9917 22.2194 0.000030
0 48.1744 504.4222 25.0303 15.1310 0.000030
0 552.3608 281.3284 17.6134 13.6594 0.000030
0 637.2649 14.7410 5.4702 29.4819 0.000029
0 608.5914 361.1691 21.4559 26.9971 0.000029
0 174.1611 482.8110 26.1965 55.0627 0.000029
0 637.9095 217.4836 4.1449 27.0652 0.000029
0 638.1141 109.4549 3.7718 39.5497 0.000029
0 335.0303 24.2174 28.1714 48.3047 0.000029
0 118.6494 24.9443 25.2344 13.2869 0.000028
0 436.8052 107.5412 21.9530 26.7531 0.000028
0 577.2020 10.5475 36.3118 21.0950 0.000028
0 139.5009 500.3723 17.6686 20.4990 0.000028
0 633.4316 122.2209 13.1367 67.2830 0.000028
0 3.6652 226.8131 7.2423 68.1637 0.000028
0 555.1646 302.0573 26.7991 37.8073 0.000028
0 388.3204 2.9346 23.3026 5.8426 0.000028
0 378.8733 508.0628 33.1680 7.8745 0.000027
0 98.9339 506.9607 21.9871 7.7546 0.000027
0 325.0600 503.5263 26.4633 16.9474 0.000027
0 635.0858 333.9293 9.8285 38.2142 0.000027
0 286.9207 246.9629 12.6138 21.7887 0.000026
0 636.4071 7.5044 7.1858 15.0089 0.000025
0 268.2287 503.1897 11.6459 15.0431 0.000025
0 56.8341 503.7503 20.5299 16.0289 0.000025
0 213.6642 172.6496 13.7573 44.2417 0.000025
