0 514.6156 277.1406 42.0805 34.0388 0.855809
0 244.9571 256.0598 29.9261 27.8969 0.767831
0 618.5438 11.2974 42.8980 22.5834 0.013901
0 15.9533 479.6315 22.9829 34.4813 0.013449
0 455.7544 506.0909 21.9386 11.7523 0.006443
0 557.2493 284.1786 17.8230 22.4143 0.005526
0 196.8362 90.7241 25.7810 85.2317 0.005183
0 337.7899 507.7053 25.4804 8.5894 0.004182
0 594.0338 495.3849 23.7620 31.2985 0.002892
0 472.2507 508.3272 22.6666 7.3016 0.002361
0 344.1594 508.2997 25.1321 7.4006 0.002233
0 523.4024 429.4235 18.7941 33.0312 0.002142
0 245.6774 287.3556 14.3073 18.0271 0.001976
0 5.4754 380.5250 10.9508 51.7791 0.001928
0 612.7080 5.8121 49.0445 11.6058 0.001602
0 142.5933 352.1611 19.5906 44.2739 0.001275
0 204.6907 269.5345 10.8984 25.5872 0.001145
0 451.3803 502.4340 27.2687 19.1157 0.001117
0 453.8972 508.6706 25.3452 6.6588 0.001017
0 12.3781 383.1833 24.1346 46.6741 0.000693
0 417.1280 495.9478 26.1075 31.6166 0.000660
0 7.2881 22.9845 14.5761 45.4273 0.000620
0 354.5879 508.8303 33.2258 6.3394 0.000617
0 9.2845 29.8567 15.4160 20.9326 0.000613
0 591.1008 505.7693 29.0731 12.3816 0.000603
0 510.7258 503.0094 25.7223 17.8509 0.000586
0 321.0133 508.1187 27.7434 7.7625 0.000572
0 2.3709 394.4430 4.7418 28.8764 0.000489
0 545.0901 134.6309 15.8145 21.0846 0.000436
0 481.5597 466.2238 21.1329 21.1961 0.000427
0 10.7541 34.3118 15.2802 16.1924 0.000410
0 278.4799 5.1692 25.4014 10.2226 0.000402
0 199.4867 507.4833 19.5824 9.0333 0.000399
0 486.9306 507.8185 28.2210 8.3151 0.000391
0 441.8083 509.0455 26.3884 5.9090 0.000380
0 3.7067 439.3203 7.4107 34.9949 0.000370
0 146.8413 508.8816 25.5045 6.2367 0.000367
0 633.2307 202.5035 12.8793 28.0094 0.000345
0 330.4537 179.1919 21.0507 17.9823 0.000340
0 3.9242 214.2422 7.4393 32.5386 0.000335
0 222.9669 508.7509 24.4637 6.4982 0.000315
0 9.3956 41.6589 16.8969 22.6775 0.000300
0 326.3026 21.8910 48.2728 43.7553 0.000296
0 444.7390 496.4138 32.6904 31.1725 0.000294
0 16.4346 33.3942 24.0832 15.2278 0.000289
0 497.5381 501.9136 27.6141 19.0985 0.000282
0 540.3064 135.1662 15.9103 23.3744 0.000273
0 15.8889 31.9983 11.7865 15.3477 0.000260
0 247.1208 7.3110 26.5500 14.4434 0.000250
0 3.0270 386.8397 6.0540 35.7879 0.000247
0 41.5522 143.5931 17.0539 20.2161 0.000246
0 343.6436 3.0279 24.5364 6.0127 0.000245
0 580.9318 508.6705 40.9155 6.6394 0.000241
0 93.2113 508.0666 28.1646 7.8669 0.000237
0 108.7619 413.8303 20.6909 21.2741 0.000235
0 242.8025 4.3257 20.8873 8.5565 0.000232
0 200.0065 270.8163 11.8389 23.5657 0.000229
0 2.5958 217.4538 5.1899 56.2935 0.000226
0 602.7017 495.8255 26.9047 29.8546 0.000219
0 526.7366 436.6771 21.0730 34.9349 0.000215
0 4.8514 38.0436 9.4368 22.7354 0.000212
0 238.1812 6.4822 21.7322 12.7469 0.000212
0 336.9601 20.1139 25.2085 40.1519 0.000205
0 105.6339 173.7589 19.5558 19.5063 0.000203
0 475.3158 503.8392 20.6656 16.1895 0.000198
0 608.1751 4.0806 36.7252 8.1558 0.000196
0 3.3044 139.2702 6.5260 13.8711 0.000194
0 188.5348 268.5603 37.8820 32.2719 0.000192
0 307.0268 507.9607 25.6582 8.0786 0.000180
0 494.0587 505.6555 28.2830 12.5597 0.000169
0 254.8907 253.6476 29.6399 22.3525 0.000168
0 105.0063 507.8628 27.1975 8.2093 0.000165
0 505.0675 499.8495 20.8052 19.8941 0.000164
0 625.8888 16.6020 28.0798 33.1503 0.000164
0 632.4607 185.9805 15.0787 61.2123 0.000159
0 208.9852 268.9724 11.0560 21.0193 0.000156
0 67.1982 47.2240 10.5960 21.4115 0.000155
0 4.2720 393.0488 8.4712 35.3742 0.000150
0 50.4358 308.0328 26.5639 41.7435 0.000150
0 465.2397 508.4748 28.6738 6.7119 0.000148
0 261.2299 5.9332 52.8694 11.8665 0.000146
0 518.4753 507.7630 23.6923 8.4740 0.000145
0 155.3214 508.0661 23.4696 7.8676 0.000142
0 605.5264 506.3069 30.7529 11.3861 0.000139
0 429.7606 508.6241 29.3578 6.7518 0.000138
0 568.7869 509.1376 32.5603 5.7249 0.000133
0 634.0792 19.7588 11.8414 39.4886 0.000131
0 628.8085 8.1571 22.1956 16.3141 0.000126
0 636.4193 209.1087 7.1614 50.5246 0.000125
0 557.9617 509.2007 31.4553 5.5987 0.000124
0 335.2272 3.5447 34.6406 7.0826 0.000121
0 190.4364 506.9922 29.2849 10.0156 0.000118
0 598.9476 502.6459 36.0955 18.4483 0.000118
0 254.6960 247.3036 48.6722 43.0670 0.000117
0 627.2743 208.5796 21.3214 35.7397 0.000116
0 6.4887 178.0173 12.9735 72.3639 0.000112
0 51.5735 385.9716 17.1496 48.9275 0.000111
0 328.9822 504.6720 29.6711 14.5282 0.000111
0 341.7240 505.0790 25.1786 13.4811 0.000106
0 491.6000 493.4762 29.6052 31.0088 0.000102
0 122.2991 508.4614 28.5765 7.0771 0.000100
0 522.2711 448.4470 18.4441 19.5618 0.000097
0 152.2353 3.4634 26.5064 6.8986 0.000096
0 528.0262 508.6155 28.8464 6.7690 0.000094
0 510.5968 431.9758 16.5166 33.1458 0.000093
0 531.5402 486.1387 14.7880 16.5186 0.000092
0 389.1379 508.6565 21.6172 6.6869 0.000089
0 52.0313 322.6472 27.8295 67.9351 0.000088
0 289.9481 5.0553 26.0054 10.1105 0.000086
0 30.1026 136.7610 12.7164 20.2474 0.000079
0 540.7047 509.0510 29.4441 5.8979 0.000078
0 283.3832 7.9645 27.8302 15.8777 0.000076
0 57.7358 508.8234 23.7819 6.2838 0.000073
0 171.4420 258.9907 10.2768 18.7238 0.000073
0 3.5820 424.9767 7.1640 33.2577 0.000072
0 4.6211 205.9350 9.2118 58.7584 0.000067
0 277.7279 74.0709 19.1591 31.3963 0.000066
0 353.4431 3.9188 28.9574 7.8376 0.000064
0 4.2085 362.2509 8.0892 65.6793 0.000063
0 476.6536 163.6822 26.3856 45.8030 0.000061
0 87.1258 506.6551 45.4233 10.6898 0.000061
0 498.4650 103.9511 29.2013 39.4140 0.000061
0 78.4408 503.7004 31.6910 16.5992 0.000061
0 3.1928 405.7950 6.3856 31.7927 0.000060
0 507.5292 169.9591 40.7949 68.5606 0.000057
0 168.6252 6.0518 37.3144 12.1036 0.000057
0 3.0608 271.7518 6.1215 27.7350 0.000056
0 544.9220 468.6301 17.5928 35.9065 0.000055
0 162.2435 181.6933 13.4439 12.6066 0.000054
0 397.5162 508.5638 24.3201 6.8724 0.000053
0 163.4007 507.9083 21.5436 8.1834 0.000052
0 82.4881 65.8626 23.8795 35.7325 0.000052
0 468.7364 504.4056 23.6905 14.6533 0.000051
0 13.4261 91.8059 16.8795 16.6578 0.000051
0 22.8244 148.7558 11.5544 16.4154 0.000051
0 140.8596 344.9801 15.2361 32.1116 0.000050
0 539.8465 177.2742 80.3738 57.6859 0.000047
0 636.1609 177.5290 7.6782 87.4795 0.000046
0 320.5889 4.6068 30.9438 9.1787 0.000046
0 3.1853 449.2408 6.3705 44.1379 0.000045
0 9.4488 91.0703 15.5251 20.4938 0.000044
0 202.1468 502.4605 19.5360 19.0790 0.000044
0 18.1558 73.2170 14.7126 11.3006 0.000044
0 4.0874 201.6827 8.0718 33.3136 0.000044
0 461.7233 499.7485 29.4535 24.1677 0.000044
0 172.4001 507.6117 22.3709 8.7766 0.000041
0 73.1698 508.7966 31.2680 6.4068 0.000041
0 292.8684 507.2888 33.3489 9.4225 0.000040
0 519.2192 466.4639 20.8409 21.3322 0.000040
0 126.3837 92.4261 23.6828 17.9920 0.000039
0 517.3574 505.1674 27.1713 13.6652 0.000039
0 9.8201 99.0064 19.0476 32.5359 0.000039
0 473.8364 465.3902 20.5944 23.9785 0.000039
0 208.8955 508.3095 22.5992 7.3809 0.000039
0 15.1124 59.5219 20.7218 32.3788 0.000039
0 232.6687 4.7901 21.7625 9.3467 0.000037
0 619.6750 508.2824 31.1145 7.4352 0.000037
0 539.2412 144.6325 19.2362 40.0333 0.000037
0 172.6516 10.5978 40.9179 21.1955 0.000037
0 596.7391 6.8537 54.9097 13.7074 0.000036
0 474.1430 4.7124 34.4836 9.4248 0.000036
0 3.0645 130.3117 6.1290 32.4463 0.000036
0 376.2144 508.6141 31.4115 6.7718 0.000036
0 4.4052 55.7459 8.8104 34.1787 0.000035
0 635.9221 229.8029 8.1558 62.8200 0.000034
0 365.0488 90.5254 16.9950 26.5245 0.000034
0 2.2410 154.1597 4.4820 48.5700 0.000034
0 244.9600 147.0083 27.0485 13.8668 0.000034
0 362.6448 509.3743 29.3828 5.2513 0.000034
0 161.8598 500.6737 16.3486 22.4778 0.000034
0 476.9415 152.5443 24.5481 23.4557 0.000033
0 51.1071 508.2863 21.3409 7.1758 0.000033
0 459.8522 102.1845 13.5120 18.1520 0.000033
0 514.2969 242.3859 22.8383 19.3588 0.000032
0 161.8301 180.1406 8.5986 8.2741 0.000032
0 340.4266 4.6445 19.4686 9.2890 0.000032
0 175.4897 503.9446 24.1696 16.1107 0.000032
0 267.2959 5.4932 30.7264 10.2867 0.000032
0 66.1215 387.4291 44.5674 46.8661 0.000031
0 321.8151 13.6054 37.3640 27.1944 0.000031
0 156.6893 504.1867 22.2296 15.6266 0.000030
0 338.5939 11.5389 31.9141 23.0631 0.000030
0 407.3898 508.2412 27.7684 7.5176 0.000030
0 421.5763 507.3824 28.4649 9.2352 0.000030
0 234.2668 13.0884 26.3467 25.2394 0.000030
0 35.0682 444.8781 26.5171 34.4280 0.000029
0 153.8760 182.1308 21.3521 14.7523 0.000029
0 2.4452 39.9528 4.8904 30.4867 0.000029
0 242.8187 279.2412 17.5928 23.2834 0.000029
0 3.3999 145.8388 6.6966 15.2690 0.000029
0 200.2874 508.9193 14.7191 6.1614 0.000029
0 413.8395 506.0002 25.1624 11.9996 0.000029
0 436.0316 3.7534 14.2584 7.4317 0.000029
0 458.5848 82.3099 12.8997 16.3582 0.000029
0 221.3218 15.6733 40.2120 30.9678 0.000028
0 197.2980 274.1460 15.1312 32.3727 0.000028
0 634.1093 506.0750 11.7815 11.8499 0.000028
0 228.0882 9.1734 26.9872 18.0818 0.000028
0 337.0660 30.6171 69.8197 60.7968 0.000028
0 15.3358 20.3548 15.6546 29.0776 0.000028
0 8.7052 270.6696 16.2255 20.0322 0.000027
0 3.6188 410.0022 7.2377 58.8877 0.000027
0 522.5955 480.8961 20.4479 22.8525 0.000027
0 628.3238 507.8752 23.3524 8.2496 0.000027
0 2.8168 461.2074 5.6336 35.9568 0.000027
0 637.2805 220.8035 5.4390 34.5981 0.000027
0 107.5319 370.6924 16.5738 24.7186 0.000026
0 538.5372 484.4073 14.1570 18.7299 0.000025
0 2.1143 491.6226 4.2286 35.4515 0.000025
