0 193.9441 379.1167 72.2957 38.3503 0.859571
0 400.5016 332.8148 32.1259 18.7766 0.574213
0 67.0240 472.0454 56.2694 79.4918 0.012178
0 412.3819 330.4464 46.5779 15.2318 0.009678
0 463.2321 499.1638 68.0818 25.6723 0.008220
0 393.9890 337.0107 29.0438 25.0631 0.003704
0 374.2220 389.3663 69.5867 117.7432 0.001282
0 338.3572 441.3688 131.9315 140.7889 0.000983
0 533.0880 507.2963 29.4648 9.4075 0.000423
0 457.5095 112.5186 40.7832 78.5007 0.000408
0 449.5418 502.8662 57.6706 18.2677 0.000374
0 249.0553 372.7266 38.3265 34.5789 0.000331
0 382.5338 339.0674 49.4766 27.9247 0.000313
0 400.1864 342.2971 36.9961 36.6288 0.000309
0 401.6413 324.1910 27.5979 28.7928 0.000263
0 260.0996 436.3482 131.4158 151.3036 0.000247
0 395.9332 359.7354 46.2135 70.5518 0.000234
0 4.7314 434.1812 9.4628 88.5341 0.000217
0 214.6516 376.6415 31.4792 35.4071 0.000179
0 88.7108 504.6762 35.2306 14.6476 0.000162
0 2.6213 404.3667 5.2425 45.6544 0.000154
0 484.5669 491.6469 105.1047 40.3611 0.000140
0 395.9045 379.8965 48.9920 111.4263 0.000127
0 97.1424 502.5628 29.4757 18.8743 0.000125
0 272.8373 385.5485 58.5613 57.4360 0.000092
0 358.1680 394.9926 38.7174 95.4728 0.000086
0 2.6924 375.2807 5.3848 65.4864 0.000083
0 365.1772 343.7646 45.0332 25.8251 0.000076
0 78.7357 456.3024 83.2593 111.0917 0.000074
0 368.4674 361.0199 57.9321 65.6113 0.000066
0 3.0306 416.6122 6.0612 77.9699 0.000066
0 285.3026 389.5287 37.3049 36.1460 0.000046
0 2.7883 388.2073 5.5361 37.5670 0.000045
0 338.2537 385.1034 82.0557 72.0779 0.000042
0 292.1588 377.7745 24.6295 14.0609 0.000041
0 357.6434 346.9042 31.9136 17.6518 0.000033
0 105.1828 499.1060 42.9123 25.7879 0.000030
0 635.5937 412.8196 8.8126 93.8351 0.000029
0 636.2584 341.8389 7.4832 66.9198 0.000029
0 52.3454 418.5988 26.3910 38.3235 0.000027
0 6.7548 466.1629 13.5095 89.7438 0.000027
