0 237.0130 355.7405 42.3444 138.4684 0.878771
0 271.7766 356.1912 16.6919 62.3518 0.815809
0 223.7668 302.0509 15.0219 26.9151 0.077379
0 220.4095 377.7354 8.6875 42.6923 0.015234
0 193.3111 252.0181 10.2587 54.2913 0.011062
0 620.4297 310.0498 31.0382 79.5390 0.004186
0 314.4390 210.0999 14.1716 11.6720 0.003974
0 130.6040 478.9191 23.5114 29.2507 0.002415
0 585.0372 498.7849 37.7678 26.4045 0.002042
0 224.4876 312.3855 15.9079 49.4033 0.001959
0 224.9027 378.0299 16.2402 51.0382 0.001563
0 222.9556 362.6756 14.7017 115.7870 0.001548
0 363.2377 397.4024 13.9913 32.8371 0.001071
0 306.7218 504.9797 26.0217 13.9765 0.001005
0 621.9918 477.9786 33.5835 67.7456 0.000997
0 221.9407 386.8400 10.2114 65.6062 0.000831
0 597.5805 500.2614 27.6310 23.3535 0.000649
0 633.5702 372.3808 12.8531 79.4391 0.000621
0 2.7701 359.1380 5.5401 64.1683 0.000542
0 340.3798 474.9705 18.0109 39.2064 0.000460
0 603.9700 505.3812 24.8656 13.1862 0.000427
0 628.1734 507.3203 23.3291 9.3594 0.000406
0 295.8252 505.4145 27.5158 13.0617 0.000396
0 306.4276 497.7004 27.4741 28.5078 0.000358
0 350.9340 441.6753 36.2821 108.4269 0.000328
0 634.1985 505.5880 11.5788 12.8241 0.000286
0 617.4249 507.1111 26.0611 9.7458 0.000280
0 294.3484 507.6834 22.8158 8.5971 0.000277
0 636.5271 241.2828 6.9457 86.8005 0.000275
0 231.4991 385.1185 29.4069 71.5642 0.000269
0 353.9955 466.7779 29.7102 53.9157 0.000260
0 131.5731 487.3568 32.0258 48.2653 0.000250
0 217.5312 381.5621 11.7928 51.2550 0.000223
0 631.5249 244.7359 16.9502 94.8157 0.000177
0 313.5530 507.2458 24.6342 9.5085 0.000169
0 589.0729 128.6862 41.4719 47.9753 0.000146
0 636.2017 386.6475 7.5967 48.6017 0.000130
0 232.8739 297.1966 14.1123 19.4611 0.000126
0 632.3924 388.3789 14.9818 54.6399 0.000117
0 146.7493 480.4898 56.7483 46.0262 0.000108
0 609.2941 507.1377 24.4985 9.7246 0.000101
0 309.7592 406.5867 11.4363 40.4126 0.000093
0 569.7599 499.8998 31.3328 23.9013 0.000091
0 12.1095 6.6397 23.6530 13.2794 0.000089
0 614.0592 293.8214 26.5774 47.0510 0.000085
0 635.4380 268.9240 9.1101 43.9055 0.000083
0 608.2079 493.9061 34.2534 36.1878 0.000077
0 48.4785 391.0573 19.6737 57.8651 0.000075
0 611.0622 476.4832 32.4427 69.4985 0.000074
0 321.8815 505.3518 40.4732 13.2642 0.000072
0 227.0470 343.0736 22.7651 107.6688 0.000071
0 625.2493 249.0656 29.0145 81.5251 0.000068
0 360.6542 437.1172 16.3267 97.9314 0.000063
0 619.3759 281.8221 27.4899 23.9631 0.000060
0 4.0218 57.2312 8.0436 103.2233 0.000058
0 581.9384 487.1903 36.6316 49.6194 0.000053
0 635.5567 149.9235 8.8866 101.9744 0.000052
0 592.0552 490.9193 29.0061 42.1614 0.000051
0 585.9044 494.1513 59.6311 35.6973 0.000051
0 362.6746 411.7656 14.2554 56.7168 0.000051
0 48.6733 406.5610 18.5741 31.5146 0.000046
0 212.4313 375.4577 14.9760 45.2037 0.000046
0 237.1559 305.7181 17.9911 34.4258 0.000046
0 240.7511 323.5145 33.3719 72.7693 0.000045
0 630.4710 472.0783 19.0580 68.3912 0.000045
0 635.0635 338.1006 9.8730 119.7938 0.000042
0 372.1915 397.6346 30.7512 56.3834 0.000042
0 593.5839 505.1413 29.9062 13.7173 0.000041
0 217.4582 304.1068 16.6984 30.1381 0.000039
0 578.7006 430.3265 11.9473 27.4055 0.000038
0 325.9475 201.7937 34.6946 28.9168 0.000037
0 633.2048 500.7403 13.5905 22.5194 0.000037
0 79.8859 21.3839 32.3113 42.7678 0.000034
0 634.4817 400.3839 11.0366 47.6274 0.000032
0 1.7836 425.9170 3.5672 54.7478 0.000031
0 244.3898 385.8291 23.7438 70.5358 0.000031
0 636.5674 499.0792 6.8652 25.8416 0.000030
0 629.2728 221.6350 21.2672 50.1835 0.000029
0 356.7032 476.2430 44.7870 66.3683 0.000029
0 202.4869 381.5522 6.7275 38.7451 0.000029
0 581.5444 89.5282 24.1433 24.7187 0.000029
0 637.5789 378.2646 4.8422 47.8588 0.000026
0 3.2941 383.6112 6.5097 52.3018 0.000025
0 636.4489 283.8221 6.9592 29.7438 0.000025
0 187.5678 507.8186 29.9276 8.3627 0.000025
