0 580.6089 102.3335 34.1747 109.3276 0.890985
0 540.1172 96.6484 32.7209 103.1034 0.880098
0 634.3121 309.2619 11.3754 90.1911 0.010411
0 634.3365 104.7552 11.3257 108.7090 0.009890
0 3.1034 383.6231 6.2068 49.6840 0.002599
0 435.8499 3.7283 27.7102 7.4541 0.002423
0 3.3008 367.0720 6.6015 45.8325 0.002148
0 83.0963 10.5283 36.4570 21.0566 0.001935
0 317.3119 3.7552 23.6577 7.5104 0.001475
0 635.8375 294.3653 8.3251 65.0298 0.001465
0 366.8671 506.0371 25.8045 11.9257 0.001321
0 429.8070 5.2442 36.3954 10.4570 0.001115
0 435.9208 12.2728 29.5887 24.5394 0.000936
0 506.5267 499.1664 53.1086 25.5133 0.000906
0 195.8652 508.3581 31.1000 7.2838 0.000859
0 187.1590 508.6454 27.6660 6.7092 0.000732
0 375.1151 506.8159 38.3317 10.3295 0.000699
0 3.6348 401.2303 7.2696 87.2823 0.000694
0 375.5556 498.2653 38.8234 25.3452 0.000630
0 4.1978 48.0095 8.3956 46.2455 0.000629
0 406.5059 246.6290 57.3007 76.7221 0.000406
0 207.1821 506.9274 41.9252 10.1414 0.000373
0 3.0195 145.2658 6.0390 51.9690 0.000368
0 442.9001 6.0664 35.2953 12.0827 0.000358
0 635.8640 336.7640 8.2721 72.1653 0.000287
0 369.5822 501.8261 27.6407 20.3478 0.000287
0 335.2351 508.7714 32.8040 6.4572 0.000275
0 522.5978 500.6432 43.4595 22.6481 0.000252
0 635.8840 274.7061 8.2322 70.6349 0.000247
0 3.2086 172.6556 6.4173 94.3471 0.000236
0 165.2170 417.0153 28.1108 33.0309 0.000225
0 3.4357 347.6551 6.8715 77.4169 0.000211
0 636.3938 132.4485 7.2123 137.8342 0.000197
0 540.8761 57.5234 24.2632 29.0610 0.000183
0 619.4080 15.7495 35.3630 31.4989 0.000179
0 399.5695 4.3472 32.4555 8.6943 0.000169
0 636.1219 430.5936 7.7562 75.5864 0.000158
0 637.5883 115.0818 4.8234 86.8302 0.000156
0 3.7593 108.9959 7.5186 76.1180 0.000147
0 412.3803 4.6108 46.0384 9.2217 0.000146
0 636.0303 335.5447 7.9394 116.4020 0.000144
0 631.0503 125.4214 17.8993 159.8939 0.000143
0 636.4771 373.8608 7.0459 60.8521 0.000142
0 354.4784 507.9809 44.2726 8.0382 0.000139
0 2.6128 127.4678 5.2255 66.4034 0.000139
0 3.7748 69.8671 7.5496 69.8564 0.000124
0 38.0232 507.3020 35.7618 9.3844 0.000107
0 14.3200 508.2291 21.4421 7.5418 0.000104
0 508.8511 36.1299 21.3411 27.6867 0.000100
0 302.8250 5.5847 32.2099 11.1694 0.000092
0 389.0532 5.4364 30.4552 10.8728 0.000089
0 547.3900 505.0246 31.1317 13.8719 0.000085
0 246.2744 5.5607 25.4930 11.1214 0.000083
0 504.8565 482.2992 52.3418 58.7484 0.000074
0 6.4001 37.4593 12.8001 63.0959 0.000070
0 635.8144 399.0835 8.3712 60.6567 0.000066
0 307.1375 3.7756 31.5202 7.5511 0.000064
0 318.3924 7.0986 26.7491 14.1973 0.000062
0 637.8792 147.7775 4.2416 89.2191 0.000061
0 630.4705 334.7526 18.7175 57.7665 0.000059
0 315.3636 507.6197 42.6601 8.7606 0.000057
0 1.6935 50.7142 3.3870 39.4941 0.000053
0 332.2601 4.9207 41.6532 9.7515 0.000051
0 636.4861 468.4051 7.0279 62.7657 0.000049
0 633.3504 381.8557 13.2992 48.6379 0.000049
0 93.5974 5.1825 31.7264 10.3382 0.000044
0 111.2489 122.7093 23.3052 24.7764 0.000044
0 9.4213 110.8268 18.8426 81.8156 0.000041
0 419.2761 12.9413 60.1851 25.8440 0.000041
0 4.9016 159.1961 9.8031 62.7177 0.000040
0 631.2081 501.9777 17.5837 20.0446 0.000039
0 622.1206 508.2244 31.1489 7.5512 0.000038
0 508.4469 504.3831 29.4625 15.2338 0.000038
0 347.9648 496.8808 53.7468 29.9440 0.000038
0 74.2850 4.4124 27.7546 8.7915 0.000038
0 292.6078 507.7867 39.6300 8.4266 0.000037
0 619.3544 101.4477 41.2912 130.1727 0.000036
0 606.6115 508.7287 38.7448 6.5426 0.000036
0 629.6240 391.1384 20.7520 59.2940 0.000034
0 637.2360 392.4637 5.5281 57.1117 0.000034
0 193.5257 505.2033 30.3062 13.5934 0.000033
0 632.7226 283.6150 14.5548 62.9257 0.000031
0 309.6647 7.8102 29.9652 15.6204 0.000030
0 637.2778 310.0801 5.4445 74.2133 0.000030
0 544.2488 416.2325 58.4984 86.1176 0.000030
0 496.8634 494.4700 62.3541 34.6924 0.000028
0 626.0831 108.9527 27.1134 97.7721 0.000028
0 404.1887 424.3684 36.1698 33.7482 0.000027
0 277.0396 508.4955 32.9186 7.0090 0.000026
0 223.2170 507.5268 45.5685 8.9464 0.000026
0 104.3099 506.1213 31.7096 11.7574 0.000026
0 503.1232 128.3473 22.2782 58.3237 0.000025
0 300.0778 506.4692 35.3335 10.9821 0.000025
