0 591.6553 99.9941 32.2325 106.4521 0.878905
0 574.4774 55.7531 17.1274 36.0020 0.633987
0 483.4494 5.4379 26.8644 10.8757 0.004729
0 631.5190 359.1484 16.9620 56.6702 0.003445
0 4.8774 365.1822 9.7548 48.1602 0.003340
0 484.7267 11.0424 27.6638 22.0781 0.002967
0 334.3659 506.9952 31.8883 10.0095 0.002353
0 231.4473 506.6766 32.3461 10.6463 0.001558
0 8.5608 30.2877 17.1215 60.5753 0.001179
0 400.0859 505.7092 26.6208 12.5815 0.000652
0 449.9823 245.0205 58.3177 74.8226 0.000615
0 244.3463 507.0165 32.9725 9.9408 0.000594
0 565.8783 54.9868 31.7863 46.9107 0.000402
0 470.2617 5.9403 46.3156 11.8805 0.000378
0 498.9174 7.5987 48.1001 15.1577 0.000353
0 370.9412 508.2672 34.2871 7.4655 0.000349
0 588.8842 60.1638 18.0293 28.7137 0.000324
0 16.6824 28.8789 33.3648 57.7470 0.000282
0 5.6262 12.6069 11.2523 25.2138 0.000245
0 635.5499 381.3785 8.9001 76.0157 0.000238
0 546.1510 502.6008 39.4350 18.7665 0.000211
0 328.0224 504.2722 41.7659 15.3708 0.000206
0 532.9442 501.6380 46.0258 20.6516 0.000199
0 18.2622 508.2297 29.5339 7.5406 0.000171
0 636.7859 406.9631 6.4281 58.6386 0.000168
0 288.8722 4.1089 24.7175 8.2178 0.000154
0 576.8368 67.5674 17.5123 47.2748 0.000154
0 3.6485 349.2552 7.2971 65.4066 0.000150
0 413.2444 504.7928 46.2866 14.3739 0.000145
0 3.9144 389.3201 7.8288 96.5814 0.000134
0 331.9200 4.9656 32.4682 9.9311 0.000117
0 128.9600 10.0888 43.1434 20.1733 0.000112
0 593.0748 56.8145 16.8574 23.0336 0.000111
0 353.1681 508.3297 50.0238 7.3407 0.000109
0 454.7050 4.3344 46.1723 8.6416 0.000108
0 492.7538 4.3524 35.7488 8.7047 0.000106
0 11.5993 10.3990 23.1986 20.7651 0.000106
0 438.8555 4.1392 30.0956 8.2784 0.000103
0 257.1989 507.7250 37.3579 8.4958 0.000089
0 13.2641 445.4263 26.5130 24.6578 0.000088
0 636.3561 415.7247 7.2878 101.5921 0.000087
0 9.5166 506.7717 18.9503 10.4565 0.000087
0 7.8004 51.8080 15.5089 70.3401 0.000084
0 446.5429 420.7746 52.8045 58.6683 0.000081
0 221.3193 507.8357 37.7377 8.3287 0.000079
0 413.9097 244.5089 62.2484 76.8627 0.000078
0 627.5007 285.0915 24.9986 74.7097 0.000077
0 390.8014 505.9753 42.1616 12.0494 0.000077
0 630.0106 504.4306 19.9789 15.1388 0.000073
0 624.5090 99.5499 30.9820 109.0101 0.000068
0 464.7152 12.0975 61.6601 24.1481 0.000067
0 578.4720 61.5421 12.7754 35.4538 0.000063
0 5.3413 49.9796 10.6825 46.9552 0.000059
0 637.4854 393.8138 5.0292 47.4791 0.000056
0 635.0782 215.0490 9.8436 70.2985 0.000047
0 12.4931 468.7752 24.9862 79.9835 0.000046
0 548.4052 499.2699 57.6208 25.4364 0.000042
0 431.5384 506.1843 40.7750 11.6314 0.000041
0 589.8197 73.7632 23.0006 55.4168 0.000038
0 278.9123 4.3817 25.3408 8.7634 0.000037
0 636.8619 364.8440 6.2761 70.9087 0.000030
0 425.5943 502.0344 41.5570 19.9312 0.000028
0 518.4335 7.3594 33.7246 14.6943 0.000028
0 524.8472 5.1631 29.0060 10.3262 0.000027
0 2.7703 89.5641 5.5406 46.9790 0.000027
0 8.4867 391.3193 16.9734 117.6488 0.000027
0 13.0602 505.0441 26.1203 13.7527 0.000027
0 499.6523 16.6782 51.1530 32.9588 0.000027
0 114.9813 11.2877 34.4872 22.5118 0.000026
0 320.0534 5.1021 32.9126 10.2042 0.000025
