0 351.7022 301.3575 42.5798 86.3422 0.815440
0 536.3842 271.6046 33.7911 27.4578 0.189282
0 87.9162 286.4456 47.2641 26.7635 0.170236
0 257.6440 379.3529 34.6882 35.2153 0.140619
0 359.8923 240.2259 27.8096 56.5221 0.046701
0 257.2749 434.1931 31.8108 40.2618 0.028102
0 350.8428 320.1116 39.7738 46.6221 0.018083
0 23.5186 178.4051 25.2699 20.3020 0.015184
0 488.5998 498.1863 30.4453 27.4865 0.006578
0 350.5468 274.2454 38.0561 39.5011 0.005410
0 255.8828 432.6201 34.1422 144.4012 0.004485
0 41.4242 296.5569 17.9521 21.9332 0.002609
0 30.4778 181.4643 18.2725 18.7546 0.001608
0 14.0821 258.2129 20.4050 19.2601 0.001503
0 498.5304 499.0852 29.7044 25.6200 0.001443
0 61.1785 509.6429 30.1689 4.7011 0.000998
0 4.3509 170.1465 8.7016 22.5419 0.000996
0 633.7059 3.9575 12.5870 7.9150 0.000988
0 97.5158 3.1107 19.6359 6.2145 0.000873
0 5.3015 198.0254 10.6030 31.9966 0.000798
0 584.6444 367.2292 22.0723 29.0425 0.000696
0 5.1852 152.3078 10.3704 43.9206 0.000672
0 73.6337 288.8235 20.3289 15.0750 0.000611
0 324.1532 169.8671 22.2970 22.9532 0.000519
0 634.6339 10.9790 10.7321 21.9579 0.000473
0 227.3165 84.7228 12.9371 12.2447 0.000431
0 3.4194 240.2387 6.8388 32.2029 0.000418
0 613.6121 372.5588 27.0556 51.5472 0.000412
0 636.9469 420.6830 6.1051 56.7448 0.000409
0 340.9936 296.6875 22.5411 84.8471 0.000333
0 2.8884 256.6766 5.7768 27.6081 0.000331
0 354.6355 259.8714 33.5119 31.0070 0.000316
0 9.8228 260.8593 18.7690 27.0896 0.000284
0 80.6662 288.7215 34.2787 19.4030 0.000272
0 4.1702 181.4779 8.1780 28.2738 0.000261
0 549.6687 217.1118 8.0741 28.8224 0.000249
0 5.2389 135.9100 10.4778 47.2056 0.000244
0 4.6685 212.3954 9.3369 37.4990 0.000240
0 564.0826 219.5243 33.2635 35.2038 0.000234
0 3.7693 225.2636 7.5386 29.3289 0.000229
0 140.9407 10.7678 19.8763 21.3831 0.000226
0 229.1270 89.3388 18.3393 23.1595 0.000221
0 141.0942 3.3972 17.9809 6.6923 0.000188
0 72.0122 509.1355 36.0849 5.6949 0.000182
0 5.9796 250.6881 11.9527 28.8522 0.000182
0 633.9431 412.2165 12.0819 43.0144 0.000178
0 22.1977 182.5525 32.2946 23.6020 0.000164
0 494.8746 496.4436 17.8140 24.8752 0.000160
0 227.6281 83.1397 15.9750 17.7623 0.000150
0 5.4504 262.3250 10.9008 21.3082 0.000150
0 105.9407 3.4890 23.0803 6.9428 0.000147
0 631.5003 212.7644 16.9992 38.6828 0.000142
0 471.9952 501.7447 17.8310 19.3416 0.000139
0 196.1685 3.8913 18.1878 7.7353 0.000138
0 4.3351 214.8340 8.6702 19.6370 0.000134
0 504.6657 503.0473 29.3118 17.9052 0.000134
0 29.8925 151.3048 33.7785 69.3122 0.000124
0 304.2818 485.5337 31.8229 43.3806 0.000109
0 22.4612 187.5942 25.1271 37.6053 0.000103
0 195.9929 506.0899 30.3773 11.8202 0.000102
0 622.1815 377.8329 33.0108 65.6245 0.000102
0 638.4201 430.8152 3.1598 33.5923 0.000102
0 99.2330 17.3766 20.8212 34.7532 0.000101
0 51.7807 509.1422 34.1122 5.7157 0.000097
0 638.3351 418.0992 3.3298 36.5090 0.000092
0 3.4223 187.6745 6.8445 41.3850 0.000091
0 626.5149 3.3701 25.9627 6.5388 0.000091
0 21.9158 256.6165 20.8359 19.8557 0.000090
0 2.1235 247.6524 4.2470 29.7947 0.000090
0 37.7680 181.8135 24.5704 18.5491 0.000085
0 554.6169 217.0988 15.2089 31.3552 0.000082
0 231.9109 83.0076 15.6498 10.9596 0.000077
0 81.4153 114.1474 16.1900 21.7889 0.000069
0 1.8751 43.2578 3.7502 35.6894 0.000065
0 3.8784 194.9429 7.7567 22.1066 0.000064
0 631.3724 499.3225 17.2551 25.3551 0.000061
0 628.0115 411.7417 23.2588 43.1486 0.000061
0 634.4848 396.8415 11.0304 73.0400 0.000061
0 1.7786 346.9002 3.5571 34.5435 0.000060
0 392.9893 13.1217 18.6421 17.8492 0.000059
0 3.1787 346.6813 6.3573 31.1220 0.000059
0 629.3534 11.7134 21.2106 23.2935 0.000057
0 129.3808 18.2411 42.9158 36.0446 0.000057
0 600.3935 373.4047 49.7617 50.7443 0.000056
0 133.3713 8.6959 32.6859 17.1384 0.000056
0 95.0848 152.3010 21.2246 34.3720 0.000055
0 3.7433 270.0339 7.4866 26.9583 0.000055
0 192.0963 507.7322 20.6700 8.5356 0.000054
0 7.8437 144.7685 15.4394 37.5760 0.000054
0 146.5880 4.0018 17.3290 7.8193 0.000051
0 152.0708 6.2200 21.9766 12.3889 0.000050
0 480.5729 506.5323 31.3591 10.9354 0.000049
0 469.3859 507.6130 19.8131 8.7740 0.000046
0 11.1173 206.3626 20.9803 30.7454 0.000045
0 118.2460 248.5150 16.3409 28.0321 0.000044
0 377.0702 256.2587 62.4183 90.3992 0.000044
0 105.6231 6.9377 28.6563 13.8240 0.000044
0 532.7544 427.9115 17.5363 26.1780 0.000043
0 638.1157 442.8675 3.7687 45.1761 0.000042
0 111.3825 247.6647 12.3461 29.2275 0.000041
0 4.0755 206.2190 8.1510 19.5864 0.000040
0 2.0165 54.2233 4.0329 33.6934 0.000040
0 11.3353 243.0499 20.2732 33.2778 0.000040
0 2.3650 119.5857 4.7299 43.7832 0.000039
0 633.4830 76.3782 13.0210 38.5741 0.000039
0 631.1599 183.8582 17.6802 66.3622 0.000038
0 232.8014 81.5755 18.7245 16.8136 0.000038
0 7.7803 394.0720 15.5607 25.0106 0.000038
0 98.2742 9.5864 18.6200 19.0915 0.000037
0 244.3735 78.8940 11.4951 17.6528 0.000037
0 636.4952 446.2227 7.0095 45.1862 0.000037
0 280.1552 419.6478 83.9053 179.3340 0.000037
0 135.6894 32.1181 29.6078 63.7184 0.000036
0 158.0887 8.9096 22.0728 17.8192 0.000036
0 2.8292 226.1608 5.6583 44.2231 0.000036
0 6.6249 267.1147 13.2499 34.3345 0.000034
0 422.9933 508.1708 33.1774 7.6583 0.000034
0 109.1145 205.5428 35.2595 66.5161 0.000034
0 636.0246 179.4442 7.9508 54.0680 0.000034
0 363.3985 508.8793 25.1765 6.2413 0.000034
0 637.3900 403.0921 5.2200 56.0253 0.000034
0 18.9995 265.4811 17.9614 35.3658 0.000034
0 257.0430 398.6539 34.4573 75.1307 0.000032
0 299.1583 474.4323 28.1885 23.3710 0.000031
0 364.4552 257.7912 26.5835 28.2573 0.000030
0 630.0343 398.5507 19.9314 65.3584 0.000030
0 89.0403 3.9440 25.0477 7.8880 0.000030
0 4.7153 111.8377 9.4306 43.9792 0.000029
0 9.6831 394.0211 12.4205 11.4194 0.000029
0 103.0376 11.9808 19.1868 23.7538 0.000029
0 11.4597 168.8400 18.3439 25.4502 0.000029
0 225.0510 508.3853 31.4810 7.2294 0.000029
0 616.8759 491.9212 22.6487 39.3685 0.000028
0 371.2845 508.7268 26.8688 6.5464 0.000028
0 3.3741 24.3401 6.7482 48.6803 0.000027
0 9.8907 189.5022 18.6424 29.3712 0.000026
0 142.3479 27.9516 17.8163 53.0484 0.000026
0 3.1819 308.8207 6.3637 30.8121 0.000025
0 185.9573 506.6956 31.2403 10.6088 0.000025
