0 261.0422 318.1044 29.3007 71.3542 0.848178
0 326.7653 340.6861 27.6565 26.2758 0.586882
0 287.9462 331.1231 29.4800 99.2805 0.340613
0 334.6249 342.8384 13.9052 24.8162 0.018469
0 315.9220 340.7364 30.9518 24.2010 0.008960
0 12.4701 220.4041 24.9401 72.2336 0.002201
0 67.3235 332.8221 14.1315 31.8806 0.002140
0 277.4068 17.5188 34.1325 35.0376 0.001812
0 3.1706 353.4350 6.3411 72.5603 0.001421
0 141.9226 382.3276 21.8805 76.8239 0.001327
0 540.8414 504.6656 35.3643 14.6034 0.000692
0 7.4873 335.1664 14.9716 35.2770 0.000610
0 36.4435 187.5670 24.0831 30.2179 0.000527
0 508.4713 404.1179 64.5377 107.5212 0.000383
0 441.6604 9.9681 17.1036 19.9287 0.000297
0 637.1328 363.3639 5.7344 82.0656 0.000294
0 3.2608 332.2062 6.5217 48.2054 0.000273
0 322.8690 317.1295 32.3509 72.8885 0.000257
0 625.7555 362.3398 28.4890 84.4462 0.000235
0 321.5956 338.3312 40.7287 39.7451 0.000231
0 7.4301 316.9409 14.8241 76.0584 0.000215
0 3.1438 312.0039 6.2876 76.6585 0.000192
0 413.8314 310.4785 29.3425 80.0288 0.000188
0 139.1147 3.4255 27.0076 6.8502 0.000182
0 274.3532 7.3531 34.8318 14.7063 0.000176
0 557.7526 506.3397 38.8404 11.3205 0.000165
0 5.3036 348.0441 10.6006 66.0151 0.000161
0 267.7014 4.6085 33.3282 9.2169 0.000157
0 144.3323 398.3138 18.4940 45.1111 0.000150
0 5.6066 283.9386 11.2133 34.2859 0.000150
0 8.6373 350.3683 17.1828 64.9633 0.000142
0 2.6294 283.3540 5.2587 37.8288 0.000140
0 11.7648 18.4916 23.5296 36.9832 0.000115
0 321.0891 330.0190 28.2909 42.0095 0.000107
0 635.4058 495.7656 9.1883 32.4688 0.000104
0 306.1427 334.4899 62.7897 81.8401 0.000097
0 636.5277 484.8293 6.9339 44.3422 0.000094
0 551.7980 507.8670 27.6202 8.2661 0.000085
0 306.1902 343.9338 15.8231 27.3966 0.000082
0 543.7091 506.7314 25.0166 10.5371 0.000079
0 279.4899 315.6725 15.2236 70.5773 0.000077
0 9.6430 206.8277 19.2216 45.6027 0.000071
0 336.2966 342.0804 28.2801 26.9986 0.000066
0 152.2393 378.9772 40.4119 85.5788 0.000060
0 23.6221 216.5134 47.0387 86.0491 0.000045
0 2.0352 368.4900 4.0703 62.6827 0.000044
0 458.2707 307.5737 12.8932 19.3887 0.000040
0 11.2859 5.4989 22.5718 10.9977 0.000040
0 322.4765 8.9430 42.2423 17.8859 0.000038
0 2.0406 400.2582 4.0812 60.6796 0.000037
0 601.5270 327.9711 17.6560 25.0803 0.000036
0 312.0743 331.2195 25.3770 47.7047 0.000035
0 573.4198 506.7417 28.1880 10.5167 0.000035
0 3.3175 293.5456 6.6350 39.7919 0.000034
0 525.6019 504.2960 63.9052 15.4080 0.000034
0 6.6895 291.5848 13.3790 33.0712 0.000033
0 44.1643 37.4356 20.6474 21.0206 0.000033
0 287.4664 306.9701 28.4950 50.9502 0.000033
0 307.1126 9.1854 36.5520 18.3708 0.000030
0 127.6998 3.9144 41.6087 7.8288 0.000030
0 3.2428 271.7607 6.4855 62.0983 0.000030
0 9.5862 264.9621 19.1724 79.5258 0.000029
0 13.0545 194.9669 22.5187 27.8756 0.000029
0 40.6265 2.9308 24.5603 5.8615 0.000028
0 557.4843 212.5064 10.8776 19.8140 0.000028
0 4.8136 298.5052 9.6107 51.1074 0.000028
0 636.4158 456.4563 7.1684 79.6676 0.000026
0 301.5558 341.5239 17.0638 33.4652 0.000026
0 533.2888 451.5243 50.6060 120.9514 0.000025
