0 397.4760 210.5224 51.7825 133.9664 0.869918
0 579.6896 437.6606 118.3414 148.6788 0.010648
0 373.9562 169.5090 16.8237 16.1202 0.003037
0 403.3629 244.7788 39.0375 59.7664 0.001352
0 395.8744 154.4256 23.1874 22.2071 0.001004
0 375.2366 180.5974 16.5282 39.3363 0.000458
0 619.9791 438.1401 39.2660 146.1755 0.000407
0 392.5432 162.7659 37.4754 37.7305 0.000406
0 632.2047 306.9105 15.5794 65.0136 0.000295
0 16.0140 7.3522 31.7646 14.7043 0.000258
0 636.9241 301.1262 6.1519 71.5942 0.000229
0 2.9240 143.0247 5.8480 58.5866 0.000213
0 637.4717 295.3215 5.0565 37.5729 0.000173
0 2.9176 166.8300 5.8352 56.6290 0.000159
0 412.5963 248.5279 21.7511 34.4081 0.000134
0 632.7450 439.3911 14.5100 145.2178 0.000106
0 637.3419 277.2966 5.3162 56.3450 0.000088
0 116.9846 15.7946 36.2861 31.4651 0.000077
0 562.8180 3.9597 27.1892 7.9191 0.000063
0 373.7729 203.3719 18.8746 86.1093 0.000054
0 197.3322 3.2904 25.5130 6.5808 0.000048
0 121.7738 7.3876 39.8922 14.7752 0.000041
0 637.8326 307.5054 4.3348 50.6062 0.000036
0 37.1420 6.2338 53.8271 12.4567 0.000036
0 635.5508 287.7769 8.8984 100.7410 0.000034
0 208.2088 3.4212 24.2515 6.6510 0.000032
0 412.9615 238.1863 22.3234 60.9212 0.000027
0 635.6503 397.1616 8.6994 61.7798 0.000026
