0 241.5071 253.5556 32.4643 67.4318 0.859199
0 27.4302 189.3070 25.1098 59.6395 0.035325
0 47.3347 502.5527 35.3152 18.8772 0.000711
0 4.5608 23.0566 9.1209 39.5333 0.000578
0 601.3527 308.7099 20.6234 18.4754 0.000535
0 616.0343 334.8094 47.8875 74.5046 0.000343
0 310.1816 5.5390 42.5106 11.0779 0.000327
0 36.7660 503.2138 43.0138 17.5394 0.000291
0 618.2108 318.4803 43.5785 44.1773 0.000256
0 9.1465 393.1256 18.2930 74.5694 0.000182
0 535.6609 300.2072 15.3601 18.7465 0.000174
0 202.2227 169.7613 28.2175 63.9767 0.000161
0 59.0507 502.7694 39.8814 18.4611 0.000154
0 20.7364 165.3174 17.1494 17.2107 0.000137
0 633.0902 47.7997 13.8198 68.9860 0.000120
0 28.3204 505.2033 39.2851 13.5934 0.000117
0 68.3560 223.3547 18.1919 25.0536 0.000091
0 526.1234 286.1495 34.0558 48.0465 0.000089
0 4.4326 212.9158 8.8570 90.9621 0.000079
0 635.6753 319.3223 8.5568 36.6486 0.000079
0 156.3580 5.6808 28.9220 11.3617 0.000077
0 615.0276 376.4489 49.9447 193.8015 0.000074
0 41.0040 130.0689 15.5718 38.0230 0.000071
0 6.3108 81.4435 12.6045 34.8761 0.000065
0 4.1383 415.5418 8.2765 66.6044 0.000063
0 316.1912 3.6147 34.2716 7.1631 0.000062
0 147.0492 6.7268 20.5366 13.4537 0.000053
0 235.2513 6.1639 26.4829 12.2372 0.000051
0 3.8769 395.5064 7.7538 84.9724 0.000042
0 15.6047 505.8861 26.8610 12.2277 0.000039
0 2.8910 371.8527 5.7819 74.9749 0.000039
0 20.1201 201.9841 35.9986 87.1927 0.000038
0 5.5230 91.6597 11.0460 34.6887 0.000037
0 243.0787 4.9174 30.0499 9.7772 0.000035
0 321.6714 5.5697 36.6445 11.0676 0.000034
0 6.0063 382.4660 12.0126 87.5833 0.000033
0 9.0024 204.1864 17.8946 84.0013 0.000033
0 7.6501 415.6899 15.3002 91.9413 0.000032
0 181.2539 16.1532 19.3998 23.0864 0.000032
0 181.3347 9.3961 19.8638 15.3307 0.000032
0 9.1565 241.2307 18.3130 44.6386 0.000026
