0 166.4702 333.9091 24.4031 61.0130 0.846477
0 219.7493 333.0038 13.2524 17.0989 0.784329
0 235.7206 340.4258 17.2732 24.2713 0.775268
0 617.5163 498.8574 37.6039 26.2732 0.051656
0 162.4762 307.3863 20.6629 21.6323 0.036307
0 613.6120 508.5606 32.2724 6.8788 0.018778
0 11.1656 369.9271 22.3311 158.9027 0.017131
0 631.5625 357.6473 16.8730 76.9051 0.011327
0 608.0896 493.7742 35.8888 36.3595 0.009346
0 602.5871 500.4207 28.0843 23.1585 0.007886
0 630.0863 241.0443 19.8272 88.5983 0.003378
0 597.5117 494.1213 30.7561 35.5926 0.002729
0 5.1744 349.1678 10.3488 150.1373 0.001830
0 625.6415 493.0784 28.5254 37.4147 0.001828
0 3.2167 322.9112 6.4334 77.0958 0.001536
0 633.0520 493.3997 13.8734 36.4320 0.001202
0 9.1537 455.1647 18.3073 83.9133 0.001185
0 636.3559 504.0183 7.2881 15.8796 0.001104
0 604.7391 492.1493 66.6208 39.4369 0.001092
0 593.0045 502.2913 39.4707 19.4174 0.001024
0 615.2799 504.3726 30.7349 15.2549 0.000968
0 625.6637 505.8554 27.3948 12.2893 0.000914
0 634.4445 504.1356 11.0458 15.4722 0.000911
0 630.5339 386.4962 18.9321 136.2398 0.000894
0 240.7916 344.4222 23.6801 32.5652 0.000860
0 161.7457 295.4504 22.2849 34.2695 0.000757
0 223.3811 335.9976 15.0532 25.2717 0.000737
0 3.5481 328.1790 7.0962 150.7955 0.000528
0 163.9827 318.6431 22.0548 37.9904 0.000453
0 636.5265 491.5212 6.9469 40.9576 0.000408
0 635.2816 268.3542 9.4368 127.5110 0.000357
0 155.1736 307.9416 17.3896 20.9781 0.000349
0 7.5057 333.5531 15.0114 98.6729 0.000265
0 601.5707 505.6282 26.1715 12.7436 0.000255
0 6.6616 282.9759 13.3164 138.5407 0.000233
0 9.7806 418.0860 19.4361 159.0126 0.000230
0 368.7780 413.8754 85.9705 145.5510 0.000211
0 635.2895 244.1412 9.3878 87.7058 0.000207
0 213.6574 331.9792 24.9941 16.3773 0.000198
0 340.5933 482.1551 19.7110 16.8192 0.000190
0 529.4732 498.9972 40.0458 26.0056 0.000180
0 635.3398 483.2405 9.3203 57.5190 0.000166
0 541.6388 228.2866 28.3052 58.4215 0.000140
0 619.0044 485.4140 41.9912 53.1720 0.000136
0 637.7322 260.6517 4.5356 74.9559 0.000134
0 219.4342 325.4592 15.8633 33.1836 0.000125
0 591.9270 508.3356 46.0523 7.3287 0.000123
0 3.3752 279.8119 6.7385 104.0572 0.000119
0 246.0002 357.6569 19.2908 12.1577 0.000110
0 628.0590 501.2878 23.2214 21.2771 0.000108
0 8.9099 321.0418 17.8197 164.9771 0.000102
0 630.0793 215.8725 19.8328 47.1703 0.000096
0 67.5640 138.3410 25.0129 42.4641 0.000077
0 636.4356 353.6019 7.1288 79.3186 0.000071
0 236.1213 328.1503 19.8516 48.0763 0.000070
0 634.4371 349.8151 11.1257 62.8655 0.000068
0 551.0280 508.2077 30.7068 7.5238 0.000068
0 583.6655 507.0217 49.2688 9.8922 0.000065
0 635.8839 187.7675 8.2322 42.1434 0.000065
0 6.3714 480.9468 12.5861 49.0231 0.000062
0 4.3504 405.1231 8.7008 93.0134 0.000061
0 567.4733 508.3020 42.7566 7.3959 0.000056
0 428.1555 508.0298 27.9087 7.8987 0.000055
0 634.2263 196.4205 11.5474 59.6519 0.000053
0 632.2170 342.3424 15.5659 44.0243 0.000051
0 72.4153 16.2684 43.1588 32.3928 0.000050
0 2.7841 477.6517 5.5682 42.9277 0.000046
0 9.0187 423.0786 18.0373 65.4553 0.000045
0 635.3316 335.8250 9.3368 35.0475 0.000043
0 633.5644 333.4297 12.8446 79.4976 0.000042
0 148.4418 5.1319 26.4065 10.2638 0.000041
0 1.4851 202.6036 2.9567 59.0724 0.000041
0 583.3017 490.8705 66.6964 42.2590 0.000041
0 245.7445 347.7250 17.7153 28.1631 0.000038
0 635.2532 389.2098 9.4937 117.6198 0.000037
0 198.4585 3.6708 27.9933 7.3398 0.000037
0 174.9954 317.9674 16.8716 35.9146 0.000035
0 151.3289 8.0923 29.4053 16.1846 0.000033
0 625.9399 469.9360 28.1202 84.1281 0.000030
0 284.8589 349.2273 30.1382 38.8209 0.000030
0 536.8806 506.1387 40.7509 11.6631 0.000030
0 8.9509 309.4895 17.9018 76.9537 0.000027
0 546.0135 338.2415 33.6409 39.0231 0.000026
0 91.3651 294.7793 11.6495 26.2451 0.000025
