0 397.7737 340.5764 24.1575 24.9613 0.822358
0 635.9123 341.0932 8.1755 63.0127 0.081746
0 4.0300 248.8785 8.0600 44.3416 0.012228
0 4.6077 422.5247 9.2152 67.7760 0.009859
0 243.4628 327.3470 16.3991 71.1355 0.009338
0 3.9052 445.2370 7.8104 59.3649 0.009260
0 3.8969 221.3946 7.7939 88.8608 0.002307
0 249.8499 390.4451 31.5331 128.8214 0.002023
0 636.0775 366.8548 7.8451 71.0651 0.001509
0 632.4114 334.2972 15.1217 76.4780 0.001103
0 635.7454 364.1079 8.5091 110.5878 0.001059
0 7.8380 253.3555 15.3629 48.8551 0.000569
0 2.9177 240.3738 5.8354 30.6118 0.000476
0 637.4679 334.4033 5.0642 77.9502 0.000454
0 291.1223 344.6906 14.3534 36.4326 0.000404
0 12.9743 417.3283 25.8722 73.3351 0.000361
0 397.6289 317.0026 26.9409 71.1608 0.000340
0 587.0943 291.2675 11.0517 46.4272 0.000339
0 4.2356 457.9383 8.4712 106.1811 0.000326
0 2.8901 257.4618 5.7803 64.7373 0.000220
0 53.8660 264.6798 20.4262 32.1711 0.000219
0 6.7332 439.4962 13.3705 49.6402 0.000215
0 636.8894 313.8292 6.2212 93.3101 0.000193
0 231.1103 73.7827 18.7969 22.6046 0.000176
0 3.7754 272.1719 7.4652 57.9738 0.000168
0 635.2653 329.2138 9.4694 102.0109 0.000154
0 3.4348 326.6499 6.8696 38.2858 0.000143
0 250.2041 425.4338 27.2106 59.8490 0.000129
0 264.1576 377.0238 60.7264 155.7905 0.000127
0 51.8971 14.7601 39.7190 29.5202 0.000117
0 2.9440 313.4123 5.8880 45.6288 0.000107
0 270.2032 4.4291 23.2672 8.8503 0.000101
0 635.1682 413.9962 9.6635 150.1169 0.000091
0 632.4384 358.8217 15.1232 75.8616 0.000091
0 627.0769 36.7096 25.8052 27.5849 0.000083
0 90.8849 385.7517 33.8354 92.3928 0.000078
0 3.4958 289.9857 6.9916 60.7183 0.000072
0 191.3105 205.6677 31.0305 31.9904 0.000070
0 626.4418 23.8768 26.9719 47.6219 0.000066
0 627.7821 364.6245 24.3562 102.3766 0.000065
0 415.3596 337.6003 16.4332 23.5881 0.000058
0 9.7372 207.7782 19.4744 85.3828 0.000058
0 278.2095 504.4177 35.7762 15.1646 0.000050
0 626.6072 338.1713 24.3073 56.0894 0.000049
0 330.3096 508.9324 20.5245 6.1353 0.000047
0 4.2201 196.6156 8.4402 50.4143 0.000043
0 4.1003 394.7621 8.1716 131.6240 0.000041
0 7.7306 460.3959 15.1565 86.4609 0.000040
0 633.4543 217.8912 13.0521 65.6944 0.000033
0 8.4248 270.0107 8.8346 36.8683 0.000032
0 1.9794 329.2332 3.9588 36.0419 0.000031
0 16.1141 268.3673 20.0989 23.5322 0.000031
0 492.6224 317.7977 18.4840 41.1434 0.000028
0 289.8990 505.4197 14.7197 13.1606 0.000026
0 459.7419 333.4816 7.6280 20.3311 0.000026
0 636.2108 479.9210 7.5040 59.3397 0.000026
