0 252.2130 235.2979 21.2220 50.4582 0.858421
0 310.5872 210.1133 19.4244 34.9991 0.846291
0 16.5491 220.9583 18.4368 18.5269 0.096174
0 325.3511 320.5713 12.7686 13.2383 0.007784
0 13.7753 226.8993 23.6661 31.5223 0.001860
0 379.3199 509.2552 19.3752 5.4896 0.001778
0 448.3082 506.0269 25.6266 11.9405 0.001462
0 637.6171 430.6348 4.7631 36.2591 0.001254
0 436.2492 505.9299 20.0335 12.1403 0.000913
0 53.8215 312.8084 18.6924 20.4835 0.000912
0 4.9159 69.8794 9.8319 36.9735 0.000903
0 6.3619 407.8891 12.6853 34.9165 0.000897
0 637.3797 407.0505 5.2406 49.9072 0.000786
0 325.5183 328.4188 15.0393 29.2068 0.000757
0 2.7037 181.1431 5.4074 36.0734 0.000743
0 367.2764 90.0040 13.5825 15.8804 0.000688
0 5.5846 499.5248 11.1691 24.3230 0.000679
0 407.3829 323.3770 14.8856 20.4597 0.000660
0 343.0488 319.2893 12.7964 14.9537 0.000560
0 535.8328 491.1210 15.6770 14.4449 0.000514
0 192.5378 508.2558 22.3181 7.4884 0.000433
0 291.4117 507.0265 31.7184 9.9153 0.000399
0 637.2564 284.7014 5.4872 29.1077 0.000374
0 599.9012 10.7751 28.9054 18.9722 0.000354
0 637.1496 195.6420 5.6868 35.3202 0.000320
0 2.3614 70.7147 4.7228 31.4778 0.000302
0 415.2485 507.1743 20.6460 9.5764 0.000278
0 450.0529 507.2801 17.6464 9.4398 0.000256
0 427.1834 507.0777 24.2240 9.7661 0.000241
0 636.9321 217.2282 6.1357 36.0989 0.000236
0 303.8747 499.4086 27.0340 24.9351 0.000235
0 524.7306 495.9005 37.8415 26.4107 0.000205
0 567.7402 507.6105 40.6207 8.7791 0.000205
0 99.8276 408.9751 14.9033 22.5011 0.000201
0 573.1234 509.3480 34.2935 5.3040 0.000200
0 453.3067 501.4339 26.6212 20.9489 0.000198
0 179.2357 508.6886 27.0977 6.6208 0.000193
0 544.1238 501.0061 31.4559 21.5044 0.000178
0 168.9330 508.9324 24.5751 6.1118 0.000175
0 340.3989 505.2623 22.5671 13.4448 0.000172
0 297.3790 504.3541 30.0599 15.2918 0.000161
0 2.7614 160.0911 5.5227 42.5512 0.000159
0 406.0860 330.5373 11.6182 25.8654 0.000152
0 636.4110 293.9041 7.1780 42.2510 0.000135
0 436.2401 363.4449 16.7591 27.6093 0.000134
0 584.9039 333.6416 16.6922 16.6519 0.000133
0 149.7792 509.0324 32.5547 5.8687 0.000132
0 223.0506 508.4897 37.9162 7.0206 0.000128
0 554.3088 508.4677 29.4769 7.0647 0.000127
0 560.4513 506.1793 41.8945 11.6414 0.000122
0 637.5780 227.5013 4.8440 23.6229 0.000120
0 5.5342 486.0477 11.0373 49.6708 0.000120
0 4.8844 395.8339 9.7688 42.7657 0.000119
0 369.7040 508.7020 33.4031 6.5959 0.000119
0 550.3261 507.2432 30.4596 9.5136 0.000114
0 637.1276 391.9975 5.7448 44.2858 0.000111
0 456.0775 488.4769 23.8671 37.4336 0.000109
0 443.3145 507.0860 20.1218 9.8280 0.000100
0 6.3859 423.8675 12.7717 46.9245 0.000094
0 638.2140 392.1734 3.5720 37.4265 0.000093
0 464.0026 477.3372 20.5597 22.8375 0.000091
0 76.6434 3.8156 22.4872 7.6311 0.000090
0 92.6157 224.7104 18.7717 16.7347 0.000089
0 27.6162 2.9203 22.0317 5.8110 0.000085
0 282.9395 508.3423 30.2692 7.3153 0.000081
0 80.1221 507.9925 27.2674 8.0151 0.000081
0 302.4813 346.3821 25.0746 15.0261 0.000077
0 447.4802 497.5892 24.2726 28.3333 0.000073
0 223.1650 505.9266 31.3698 12.1468 0.000072
0 421.8494 344.1085 18.9088 20.0312 0.000072
0 562.8486 4.8189 25.7233 9.5902 0.000070
0 414.9114 509.1417 18.6271 5.7166 0.000067
0 412.6789 332.7645 13.3416 30.7931 0.000066
0 636.4331 235.4420 7.0957 32.2509 0.000064
0 416.8979 339.6419 17.7517 27.5078 0.000061
0 408.7429 236.0775 19.9414 26.0960 0.000057
0 1.6471 57.2899 3.2607 39.7294 0.000054
0 636.9460 273.3041 6.1078 32.3820 0.000053
0 590.4205 10.5303 41.3097 20.4169 0.000053
0 206.3759 507.4695 28.4332 9.0610 0.000051
0 1.8928 399.7653 3.7856 36.4619 0.000050
0 549.6077 505.1200 48.3567 13.4151 0.000049
0 544.2411 169.8756 27.4934 28.2294 0.000048
0 3.2214 117.1568 6.4427 27.9856 0.000047
0 5.9841 56.4851 11.9322 57.6392 0.000043
0 421.8282 509.0322 21.9467 5.9112 0.000043
0 420.6135 505.0208 23.4014 13.7460 0.000042
0 456.9235 508.1291 25.4321 7.7418 0.000042
0 427.1729 348.1870 15.3601 14.2781 0.000041
0 331.1473 508.9360 29.3035 6.1281 0.000041
0 331.8972 319.3216 22.4200 13.0516 0.000041
0 637.8672 298.9190 4.2656 39.8278 0.000040
0 519.1616 506.9492 28.8398 10.1016 0.000040
0 228.2604 509.3213 27.3040 5.3574 0.000039
0 390.9680 508.4407 29.5637 6.8878 0.000034
0 385.9542 286.3035 10.9637 15.6465 0.000034
0 321.3279 332.7745 20.6588 37.4195 0.000034
0 407.6498 508.0131 16.2455 7.9738 0.000034
0 165.5192 335.4444 13.3284 8.7247 0.000034
0 7.9234 86.4061 15.8467 62.7145 0.000033
0 632.3087 286.0831 15.0573 24.1506 0.000033
0 4.0281 196.2974 8.0561 47.9879 0.000032
0 633.0118 250.1855 13.7786 41.3007 0.000032
0 525.9810 504.6945 31.8838 14.6109 0.000031
0 574.4880 197.9370 24.9541 18.7851 0.000031
0 533.6056 499.1768 21.8496 25.6464 0.000030
0 119.5896 508.8556 28.2601 6.2889 0.000028
0 458.6228 352.3292 12.0067 24.7981 0.000027
0 442.9867 353.8784 20.8726 33.9733 0.000027
0 236.3127 507.0678 35.5251 9.8644 0.000027
0 294.1473 509.1644 34.0533 5.6711 0.000027
0 566.7802 196.0912 15.4084 16.1230 0.000027
0 238.7874 156.9725 16.5920 35.9808 0.000027
0 636.8040 373.3211 6.3920 55.6183 0.000026
0 460.5215 484.6441 15.7787 20.1898 0.000025
0 583.6069 508.3884 36.0676 7.2233 0.000025
