0 252.3172 207.6363 18.6162 41.6848 0.875184
0 311.0962 207.0415 19.3554 36.5695 0.853091
0 15.7457 218.9160 17.7405 18.5711 0.165853
0 325.2036 317.3755 11.8614 11.9789 0.009322
0 5.9199 407.6501 11.8327 34.2480 0.009134
0 406.7211 320.9188 15.5222 19.6174 0.007839
0 324.3349 324.8035 14.0147 27.0514 0.003559
0 342.9857 319.3058 15.1224 19.0281 0.003435
0 408.5510 233.2759 19.6376 26.2967 0.002511
0 378.8700 508.6724 19.6654 6.6551 0.002133
0 341.5406 315.6581 12.1609 14.2690 0.002084
0 366.5022 87.8005 12.8275 14.4826 0.002005
0 536.0462 489.6581 15.1523 14.4107 0.001814
0 446.5924 507.5000 17.4826 9.0000 0.001618
0 301.7963 344.9348 25.0243 13.1627 0.001552
0 637.1943 429.4637 5.6115 34.5989 0.001251
0 192.9993 508.3154 23.1344 7.3694 0.000936
0 181.5389 346.4839 22.7333 16.2340 0.000846
0 562.1508 504.8692 40.9903 14.2154 0.000794
0 290.9020 506.7924 32.9984 10.4153 0.000707
0 4.0019 71.5034 8.0039 39.1678 0.000668
0 568.8482 507.7511 40.1219 8.4977 0.000637
0 637.0852 412.9643 5.8296 47.8180 0.000544
0 333.5502 314.8186 20.7187 14.7088 0.000529
0 597.8520 9.6089 27.5845 18.3956 0.000436
0 183.7168 508.5872 26.7166 6.8241 0.000419
0 2.3008 181.5965 4.6016 40.4270 0.000396
0 328.7300 320.5652 15.5499 18.9822 0.000394
0 542.2158 500.3938 26.5185 23.2125 0.000360
0 452.2953 504.2772 25.5219 15.3888 0.000355
0 5.1406 498.3974 10.2790 26.9045 0.000341
0 242.7596 147.9103 10.2090 22.3557 0.000328
0 4.8009 394.4190 9.6017 42.1544 0.000308
0 414.9546 507.0239 20.6852 9.8922 0.000279
0 434.6696 507.3910 20.2136 9.1683 0.000274
0 636.7511 288.0373 6.4977 36.5316 0.000258
0 168.1502 508.7646 22.9760 6.4240 0.000252
0 6.7853 423.8572 13.4101 51.3532 0.000241
0 638.0811 397.0900 3.8379 39.6773 0.000225
0 555.3954 508.4522 27.8532 7.0955 0.000222
0 461.0989 483.3754 16.8585 19.2083 0.000214
0 637.1764 217.4757 5.6273 32.5650 0.000207
0 92.0157 221.7258 17.7931 14.8934 0.000206
0 164.0720 333.7304 13.7242 9.3556 0.000201
0 443.0865 504.6032 22.5955 14.7831 0.000196
0 637.7147 190.6073 4.5705 34.0828 0.000194
0 636.8615 198.7186 6.2520 36.1461 0.000192
0 435.7628 359.3681 16.4344 31.3092 0.000191
0 305.9524 333.9866 30.3048 33.3660 0.000157
0 424.9430 506.9139 21.7226 10.0839 0.000147
0 578.0277 507.7540 32.9981 8.4920 0.000145
0 637.7682 282.4208 4.4635 26.9604 0.000143
0 219.0547 508.5331 36.7709 6.9338 0.000134
0 637.6400 224.7562 4.7200 24.8840 0.000130
0 2.3100 67.8743 4.6199 32.1683 0.000127
0 454.9466 488.2348 19.6458 27.0414 0.000126
0 5.4820 486.4593 10.9639 48.1036 0.000120
0 431.0115 505.1003 18.6999 13.7054 0.000115
0 299.7083 499.0391 31.9731 25.9219 0.000113
0 281.0650 507.2611 32.3446 9.4778 0.000112
0 404.5539 324.5233 11.8335 20.5175 0.000112
0 389.0379 507.9052 33.9066 7.9580 0.000110
0 384.8813 283.0498 11.0730 15.1920 0.000109
0 238.5238 155.0565 17.1186 36.4257 0.000108
0 454.4210 497.8922 23.3475 26.3384 0.000107
0 461.3469 506.8995 31.4758 10.2010 0.000106
0 14.5417 226.6192 20.5538 34.9559 0.000102
0 423.1142 344.3515 17.1790 17.4462 0.000100
0 226.5412 219.1720 19.1190 22.0885 0.000098
0 539.3309 302.3134 17.7195 18.6538 0.000097
0 637.0663 385.4525 5.8675 46.0751 0.000097
0 96.0741 405.8558 19.8670 20.0682 0.000096
0 7.0912 68.2815 14.1824 34.0511 0.000092
0 281.0430 413.0254 17.3970 11.0136 0.000092
0 443.6785 509.2980 20.8958 5.4039 0.000089
0 462.4787 477.8306 17.2375 19.2294 0.000087
0 341.2114 504.7044 22.4153 14.5912 0.000084
0 204.4673 507.2032 26.9384 9.5936 0.000079
0 446.0921 271.3217 16.4725 28.1508 0.000078
0 451.1497 509.2945 18.4854 5.4110 0.000074
0 223.1419 505.7495 31.5382 12.5009 0.000073
0 552.9493 506.5508 55.2349 10.6100 0.000068
0 637.1071 274.4428 5.7859 28.5236 0.000063
0 406.0894 506.7948 16.8382 9.9657 0.000061
0 413.9002 334.1845 14.7385 28.1527 0.000061
0 4.0426 87.5045 8.0853 63.4272 0.000058
0 3.7078 199.5650 7.4157 40.9564 0.000057
0 117.6847 509.0643 25.9957 5.8714 0.000053
0 172.0945 334.8318 29.4425 13.8430 0.000049
0 530.0151 490.3685 27.7739 17.7715 0.000049
0 445.2034 498.7206 19.6074 26.0936 0.000049
0 492.3242 509.6826 19.6102 4.6349 0.000049
0 334.9026 506.9644 27.9624 10.0712 0.000048
0 552.4802 502.3693 30.0813 18.9967 0.000047
0 400.4224 325.0815 12.7651 20.7539 0.000046
0 536.1842 498.4647 19.6929 26.9528 0.000046
0 408.0324 330.7188 14.0746 21.6132 0.000045
0 638.3321 383.0683 3.3358 40.5786 0.000044
0 467.2903 238.0613 30.3678 28.5381 0.000044
0 428.4318 346.2803 13.2520 14.2557 0.000044
0 5.8112 55.4635 11.5901 62.6207 0.000042
0 635.0862 282.5023 9.7690 27.4503 0.000041
0 53.4138 311.7694 18.0155 20.5402 0.000041
0 637.7086 233.1873 4.3163 25.5914 0.000041
0 483.0203 2.5693 19.1313 5.1387 0.000040
0 507.3835 140.3436 32.9799 42.9239 0.000039
0 280.5610 398.2945 17.9276 39.3795 0.000039
0 51.3135 307.0608 15.1803 20.9214 0.000038
0 322.6647 332.3469 18.3494 41.0253 0.000037
0 330.5320 508.9487 28.6576 6.1025 0.000037
0 157.2017 508.6935 30.8941 6.3795 0.000036
0 416.9581 340.9242 17.3124 23.7933 0.000036
0 574.1309 191.6891 25.1914 21.8394 0.000036
0 344.3059 313.5765 15.0907 17.1675 0.000035
0 634.6563 309.8708 10.6874 44.0724 0.000035
0 2.7447 156.7182 5.4894 42.7354 0.000035
0 446.8410 353.0310 15.4543 33.6478 0.000035
0 428.3376 508.6971 23.2714 6.6058 0.000034
0 585.6868 330.8722 15.9160 18.1187 0.000031
0 2.5668 113.4151 5.1337 29.5816 0.000031
0 563.8453 3.8309 23.8560 7.6619 0.000031
0 340.2491 322.1098 14.2480 26.4202 0.000030
0 11.0509 218.1953 22.1018 26.6486 0.000030
0 450.7307 306.3981 25.0269 23.5565 0.000030
0 29.7028 265.0935 22.5175 31.1208 0.000030
0 7.2903 84.3733 14.5806 61.2182 0.000029
0 231.0863 507.4162 33.8883 9.1676 0.000029
0 629.7811 317.3810 20.4378 34.4900 0.000029
0 637.9128 312.4412 4.1744 39.9696 0.000027
0 636.0935 236.9969 7.7542 33.0568 0.000027
0 309.1207 507.0816 48.7324 9.8367 0.000026
0 8.4698 229.8213 16.9395 30.8268 0.000026
0 459.2065 350.4755 12.9092 23.6586 0.000025
0 291.1124 509.4357 31.4915 5.1285 0.000025
