0 253.0720 214.3892 29.0785 44.7067 0.888308
0 307.5033 208.5040 21.5557 41.2115 0.766090
0 12.9392 224.6594 21.3837 16.9150 0.045331
0 310.3546 201.9967 17.2970 27.5782 0.041208
0 322.5104 322.6181 12.4938 13.5474 0.011048
0 6.4064 409.4109 12.8127 38.6878 0.003270
0 405.2727 324.4774 14.2237 18.4955 0.001612
0 379.3841 509.6227 18.4914 4.7545 0.001159
0 430.9282 506.0737 18.5160 11.8159 0.000900
0 5.7610 501.1750 11.5219 21.0721 0.000715
0 308.4008 194.9100 19.8826 44.2902 0.000702
0 531.8590 493.7801 14.1813 15.4769 0.000656
0 22.7948 2.9994 27.3604 5.9879 0.000511
0 313.2514 193.1892 13.3865 39.2071 0.000473
0 2.1215 186.3817 4.2430 40.9650 0.000459
0 441.4435 507.3819 19.3542 9.2361 0.000455
0 445.5323 503.3472 26.2898 17.2617 0.000442
0 337.5643 506.0245 21.7247 11.8376 0.000403
0 546.9443 506.1725 36.2690 11.6255 0.000391
0 595.4526 10.4734 28.5603 20.0728 0.000355
0 300.7611 347.6996 25.6938 14.0312 0.000355
0 405.9225 508.4470 17.1065 7.0525 0.000344
0 3.6990 75.8688 7.3979 28.4702 0.000336
0 11.4966 233.1007 22.9931 34.1269 0.000314
0 551.2547 508.7405 25.9479 6.5188 0.000303
0 405.5230 235.9680 19.8235 23.1306 0.000275
0 636.8102 395.0450 6.3797 41.9082 0.000267
0 559.6036 3.7920 26.3371 7.5518 0.000262
0 11.0435 215.4455 22.0085 34.9422 0.000258
0 459.9343 356.2987 11.9860 23.6775 0.000241
0 562.4103 506.7225 38.3920 10.5550 0.000239
0 338.6538 317.8497 9.0555 10.9752 0.000234
0 5.8733 487.8228 11.7466 47.7647 0.000211
0 568.0274 508.8875 37.4865 6.2216 0.000201
0 83.6076 508.3499 30.5791 7.2538 0.000172
0 7.8865 223.0406 15.7730 27.7775 0.000170
0 154.1834 509.3138 31.8025 5.3411 0.000168
0 322.5975 330.6427 14.1346 29.2216 0.000167
0 414.9737 507.3998 22.6535 9.1750 0.000164
0 166.0912 509.0507 25.7682 5.8987 0.000164
0 329.5528 319.9647 18.3365 11.6628 0.000163
0 282.5142 507.8977 35.3481 8.2046 0.000150
0 280.5731 416.0616 15.6685 10.3940 0.000144
0 23.7863 508.5755 21.3102 6.8490 0.000143
0 636.8895 200.9966 6.2210 35.6318 0.000138
0 289.5525 507.0695 26.0706 9.8609 0.000136
0 404.3278 330.5024 12.6525 26.0089 0.000131
0 295.3504 508.1284 32.9667 7.7432 0.000127
0 436.7136 504.8153 21.3331 14.3694 0.000127
0 637.2721 382.1282 5.4559 39.2193 0.000120
0 636.8380 214.7756 6.3240 37.6884 0.000119
0 199.0629 507.7730 25.9216 8.4540 0.000111
0 637.1204 424.8882 5.7592 32.4756 0.000099
0 12.2765 4.5545 24.5294 9.1090 0.000098
0 460.2660 481.7114 18.6697 19.9543 0.000098
0 445.9971 355.5237 17.0339 31.3218 0.000090
0 637.1580 410.1893 5.6841 44.7453 0.000087
0 144.6928 509.2953 26.9056 5.4093 0.000087
0 397.2568 508.9450 21.4705 6.1099 0.000086
0 434.2172 364.4856 16.0924 25.6443 0.000081
0 4.1017 89.6861 8.2034 53.6806 0.000079
0 15.9691 508.1289 29.3576 7.7421 0.000079
0 523.7033 498.4054 30.7471 22.7500 0.000076
0 2.7212 402.8442 5.4424 39.0067 0.000076
0 326.2640 326.0393 19.0159 20.3820 0.000074
0 569.2157 4.1784 34.8870 8.3554 0.000073
0 4.9802 64.3338 9.9603 48.9370 0.000071
0 243.7066 429.9563 11.9575 23.6391 0.000069
0 300.8802 339.9286 25.3029 29.1963 0.000068
0 637.6643 334.5241 4.6714 41.6305 0.000067
0 219.1422 507.2477 34.8895 9.5047 0.000066
0 2.8109 218.4371 5.6219 35.3265 0.000065
0 536.3840 497.5074 24.2003 23.1116 0.000064
0 636.8055 323.0239 6.3889 38.8642 0.000064
0 6.7156 421.7250 13.4312 47.9243 0.000063
0 7.0573 440.3667 13.9676 53.3151 0.000062
0 570.6917 198.0037 21.0144 17.5249 0.000060
0 637.6332 188.4256 4.7335 36.0617 0.000059
0 224.8045 222.9624 15.9653 20.2811 0.000058
0 363.5127 90.4738 13.1556 15.6523 0.000057
0 177.5687 508.7502 26.9732 6.4996 0.000056
0 453.1741 498.5881 22.8724 20.4958 0.000055
0 367.4783 508.8244 29.7263 6.3512 0.000052
0 407.6071 333.6030 12.4713 32.1378 0.000052
0 305.6066 201.0111 17.4751 25.2896 0.000051
0 207.1404 507.4806 26.2692 9.0388 0.000051
0 443.2110 276.8041 17.0287 30.2457 0.000051
0 434.1103 349.7267 12.5745 22.8228 0.000050
0 517.7437 507.3026 25.7888 9.3948 0.000050
0 412.1177 342.0266 16.1543 26.5134 0.000049
0 2.7980 165.4049 5.5960 48.3234 0.000048
0 413.3192 509.3409 19.6025 5.2125 0.000048
0 448.2614 508.0837 21.0721 7.8326 0.000047
0 302.4671 500.7316 27.5605 22.3004 0.000045
0 579.0290 6.1843 43.4006 12.3547 0.000044
0 456.8483 355.3477 13.6730 15.8970 0.000044
0 423.9064 349.4664 17.2056 16.0928 0.000043
0 451.0746 505.4073 30.7963 13.1855 0.000040
0 134.6656 508.9423 28.5276 6.1154 0.000040
0 386.5089 289.3246 12.1359 22.3680 0.000039
0 94.2110 412.3315 24.6447 24.2859 0.000039
0 33.6220 3.7075 35.7774 7.4150 0.000037
0 382.8691 285.4480 10.7756 13.7338 0.000035
0 636.6235 237.1413 6.7530 40.5568 0.000034
0 22.0604 7.7304 31.4750 15.4607 0.000034
0 118.0297 508.6267 28.6341 6.7466 0.000034
0 299.5315 355.7487 23.7876 32.4697 0.000034
0 348.2515 76.6094 18.9828 36.8486 0.000034
0 434.4797 344.2386 11.8733 12.1689 0.000033
0 462.0110 502.4876 29.0734 19.0248 0.000033
0 637.1143 227.5510 5.7715 22.5998 0.000033
0 1.8597 197.8180 3.7194 45.1186 0.000032
0 424.2477 508.5182 22.7448 6.9637 0.000032
0 313.2127 192.3199 11.6979 23.9207 0.000031
0 52.7927 314.3659 18.4309 23.0559 0.000031
0 635.6571 293.9560 8.6858 33.7951 0.000031
0 400.8869 327.4616 12.4885 21.5909 0.000030
0 74.6930 3.7815 20.6677 7.5630 0.000030
0 582.7115 334.7823 16.6854 16.2892 0.000029
0 171.2060 62.8768 21.2516 18.7149 0.000029
0 73.6707 508.5437 24.5672 6.9126 0.000028
0 242.2107 152.8441 11.3146 23.7877 0.000028
0 638.0961 297.8927 3.8077 27.4545 0.000027
0 485.0738 263.1594 14.8131 19.6282 0.000027
0 424.6937 504.8150 23.5452 14.3700 0.000027
0 18.2023 277.4568 22.7531 28.8253 0.000027
0 4.5044 207.5584 9.0088 48.6158 0.000026
0 227.3316 507.8977 26.2557 8.2047 0.000025
