0 310.3561 332.1722 14.1032 29.6448 0.812954
0 392.4171 429.7427 24.3440 42.1570 0.043442
0 3.6017 97.1855 7.2034 42.7744 0.022773
0 637.3138 226.8080 5.3725 49.8125 0.006024
0 637.5272 211.8079 4.9456 32.4169 0.004746
0 510.3029 122.0847 22.7521 18.0325 0.002075
0 637.4762 195.7515 5.0475 44.5528 0.001490
0 350.7585 299.7735 11.1932 37.0126 0.001354
0 437.8840 335.5648 14.5616 8.2801 0.001093
0 635.5537 244.0081 8.8927 44.8857 0.000548
0 635.0976 259.4044 9.5241 16.4163 0.000526
0 133.9395 159.3743 11.1641 11.0991 0.000461
0 185.7553 294.9143 14.1207 24.5481 0.000400
0 631.4258 203.2780 17.1484 39.2946 0.000345
0 634.8406 209.8365 10.3187 32.1110 0.000326
0 2.1961 104.4575 4.3921 51.5942 0.000307
0 625.7977 201.2392 17.4400 16.0008 0.000271
0 379.4611 224.6379 16.2832 19.7538 0.000269
0 477.5258 509.1141 32.3887 5.7282 0.000265
0 637.0800 328.4180 5.8400 36.6341 0.000251
0 9.2134 13.6024 18.3890 27.1838 0.000247
0 351.3275 286.3855 9.8037 13.2843 0.000241
0 635.6157 271.7709 8.7686 38.8563 0.000234
0 45.2061 508.0129 27.0998 7.9742 0.000227
0 221.8784 508.9599 20.6046 6.0802 0.000220
0 324.8647 508.6116 17.5956 6.7711 0.000205
0 24.2853 476.4029 25.4004 21.1338 0.000204
0 491.1403 508.6049 44.9472 6.7657 0.000202
0 308.4581 450.1084 15.9855 16.1392 0.000169
0 364.3048 273.7011 25.9479 40.3897 0.000160
0 630.4800 11.7423 18.8565 23.4846 0.000148
0 628.2137 195.3598 20.6592 33.4046 0.000146
0 3.6268 79.3114 7.2483 55.3426 0.000141
0 631.1828 231.3206 17.5143 60.1093 0.000121
0 288.7813 154.2302 12.2495 12.8036 0.000113
0 637.5811 180.7411 4.8378 43.4082 0.000111
0 637.4915 312.8905 5.0171 37.5272 0.000107
0 74.2321 72.9754 33.4832 38.2649 0.000103
0 399.2917 265.2097 13.0162 14.2161 0.000101
0 630.6523 216.7033 17.9816 36.9075 0.000098
0 502.8815 509.4514 31.6391 5.0972 0.000096
0 391.7704 417.2370 21.9293 20.5499 0.000091
0 634.8395 195.0014 10.2590 45.5351 0.000086
0 150.5917 25.1167 19.1806 50.1914 0.000077
0 186.8628 303.2989 10.7523 7.7350 0.000076
0 4.0871 233.0592 8.1741 51.1888 0.000076
0 3.3766 118.8074 6.7531 70.5795 0.000068
0 267.2486 3.1875 25.1954 6.3750 0.000066
0 391.0530 409.2971 20.0276 21.6530 0.000057
0 27.1373 461.6789 29.5942 50.3168 0.000056
0 480.8755 388.3686 13.1962 25.8670 0.000055
0 317.4631 508.1851 26.1331 7.6298 0.000055
0 5.0837 221.5121 10.1673 59.8311 0.000055
0 84.2700 71.2440 17.6380 38.1060 0.000055
0 405.7110 295.7578 8.5015 10.0917 0.000051
0 409.1293 279.6494 10.4697 11.3400 0.000048
0 637.1531 297.5087 5.6938 35.0738 0.000048
0 350.1494 310.3300 10.6462 16.7897 0.000047
0 453.0633 385.2522 12.0383 10.6306 0.000047
0 636.9349 283.8805 6.1302 40.6235 0.000045
0 283.6380 253.7420 8.0878 19.0463 0.000044
0 196.8656 504.6926 22.2480 14.6148 0.000043
0 629.8098 29.5308 20.3803 58.9193 0.000039
0 7.1768 7.1349 14.2270 14.2698 0.000039
0 359.3008 280.3509 23.2551 25.6655 0.000038
0 455.4272 381.9836 13.9985 17.5585 0.000038
0 464.8160 508.8339 24.9589 6.0285 0.000036
0 108.5736 509.8396 24.3791 4.3207 0.000035
0 306.2327 337.3828 20.0559 37.6267 0.000034
0 153.3741 72.6986 14.0883 18.6147 0.000034
0 439.9638 334.0218 20.0508 12.4633 0.000033
0 136.0289 17.5203 31.2161 35.0405 0.000033
0 4.8668 129.1416 9.7336 73.2383 0.000031
0 6.5264 100.1332 12.6486 47.2491 0.000029
0 130.6568 509.4053 22.4950 5.1893 0.000029
0 60.7073 507.6289 38.1056 8.7421 0.000029
0 630.3362 3.3832 18.8552 6.7663 0.000028
0 214.1618 508.0623 24.9519 7.8755 0.000028
0 631.4441 250.2628 16.5280 33.5660 0.000027
0 635.0601 258.7067 9.8798 29.0835 0.000027
0 490.6403 390.3134 12.3461 19.4923 0.000026
