0 309.7257 185.0649 24.4885 21.2362 0.870336
0 412.3115 103.9344 17.8748 19.5595 0.808290
0 271.5821 236.6006 10.4144 17.9048 0.788516
0 634.1262 118.4351 11.7475 35.9925 0.065328
0 412.8017 79.1784 16.3024 23.5258 0.014310
0 441.3686 129.5950 9.3076 10.5252 0.012219
0 634.8518 97.9202 10.2964 46.9616 0.006128
0 416.9609 133.0068 15.8185 23.8207 0.004131
0 561.0896 234.1795 18.2817 28.3505 0.003988
0 173.9536 65.2618 11.4617 16.1878 0.003715
0 415.7582 110.8957 18.7800 17.7563 0.003672
0 33.6492 99.6848 10.3504 15.1551 0.003517
0 436.7684 3.9125 26.4080 7.8222 0.003074
0 348.1548 7.7429 15.6866 12.7073 0.002464
0 393.0901 503.3607 25.4838 17.2444 0.002154
0 284.1187 119.5096 14.2686 11.6174 0.001467
0 266.7349 211.4559 13.4439 15.8213 0.001346
0 5.1071 211.6160 10.2076 24.2560 0.001275
0 407.5576 84.0508 13.1266 24.2291 0.001205
0 6.4535 218.1366 12.9037 34.1605 0.001086
0 636.1885 358.7564 7.6032 29.9313 0.000961
0 4.4692 199.1129 8.9384 45.7620 0.000950
0 636.1296 136.1384 7.7291 41.4434 0.000787
0 636.5145 343.7290 6.9711 37.6617 0.000764
0 339.5465 6.6751 24.3723 13.0571 0.000754
0 636.4279 351.1722 7.1442 18.3745 0.000709
0 198.3553 101.8364 8.6152 12.2419 0.000663
0 464.0295 177.5895 10.3215 10.3320 0.000566
0 636.6330 426.5619 6.7339 49.5755 0.000545
0 462.1786 508.6005 26.5669 6.7990 0.000493
0 407.4938 502.5350 26.4646 18.6116 0.000490
0 384.2708 499.9625 34.9292 24.0751 0.000450
0 636.5800 209.4116 6.8146 43.2881 0.000449
0 636.0634 9.6759 7.8598 19.3518 0.000385
0 637.1880 5.0125 5.6239 9.9648 0.000367
0 623.7631 383.8108 20.2968 34.6508 0.000330
0 637.0614 255.7984 5.8770 36.7006 0.000319
0 415.6880 125.4821 16.1540 27.7076 0.000295
0 419.9128 127.7247 15.8175 33.8557 0.000255
0 592.7671 382.7337 28.2512 32.7293 0.000251
0 631.9169 4.1007 15.9457 8.1816 0.000250
0 282.0345 390.4022 9.5688 22.4902 0.000244
0 355.4341 6.9340 27.7625 13.5999 0.000231
0 635.5349 3.9287 8.9301 7.8573 0.000211
0 636.6180 236.1012 6.7640 60.7655 0.000205
0 269.0698 223.4943 12.6565 29.9163 0.000200
0 608.9227 386.6754 15.9738 33.4876 0.000191
0 636.8254 162.4903 6.3492 44.6282 0.000190
0 638.0264 15.5796 3.9473 31.1591 0.000178
0 204.0615 386.4265 32.9560 39.7175 0.000174
0 636.4497 186.5832 7.0970 57.9906 0.000167
0 637.4777 200.4462 5.0446 43.7954 0.000161
0 419.8510 499.8703 37.3141 24.0847 0.000161
0 332.0495 6.0993 18.6458 11.8046 0.000160
0 637.0001 147.7315 5.9908 40.7119 0.000156
0 636.6798 19.0826 6.6402 37.1567 0.000156
0 272.0391 226.1861 11.8282 27.7552 0.000153
0 590.6063 399.0214 36.5229 61.4330 0.000152
0 200.6168 103.0376 9.6616 13.4881 0.000148
0 637.5195 184.3167 4.9610 40.5069 0.000147
0 375.1691 497.8109 24.9555 23.1110 0.000142
0 189.7853 507.5140 25.0373 8.9720 0.000139
0 429.5176 501.6093 23.8882 20.7512 0.000135
0 97.6195 62.6019 19.7361 24.7964 0.000129
0 11.2695 214.7129 21.2113 28.5109 0.000124
0 636.6497 441.4901 6.7007 52.1932 0.000121
0 402.4089 501.0372 39.7958 21.8895 0.000120
0 635.7001 81.6318 8.5996 46.2032 0.000120
0 2.5249 131.1415 5.0498 36.1879 0.000119
0 443.3092 4.3630 22.6490 8.5864 0.000117
0 588.8844 241.5273 22.9229 57.4894 0.000115
0 249.9820 231.0135 15.7854 30.1217 0.000113
0 33.8212 92.9845 11.8149 25.5266 0.000112
0 420.5466 504.4404 33.9521 15.0720 0.000111
0 636.7656 407.1470 6.4442 49.2733 0.000104
0 443.9957 275.1793 24.0396 49.8833 0.000103
0 200.2071 97.8292 10.7788 19.7892 0.000099
0 497.2764 508.4115 24.1059 7.1768 0.000099
0 635.3117 380.2434 8.6419 36.5933 0.000094
0 636.8884 47.7838 6.2232 35.0121 0.000089
0 369.6595 491.9444 19.3439 16.3566 0.000088
0 3.8173 176.0035 7.6346 28.8103 0.000088
0 555.4346 231.9394 17.4207 25.5281 0.000086
0 440.0502 134.4584 11.1309 20.3993 0.000081
0 633.4211 215.3655 12.9736 40.4793 0.000078
0 94.7998 17.8080 17.4001 27.1437 0.000076
0 2.4777 203.7683 4.9554 41.8864 0.000074
0 169.6210 148.1756 21.2099 25.0266 0.000073
0 636.7159 82.8020 6.5310 28.9719 0.000072
0 27.0838 101.0371 22.4055 20.0202 0.000072
0 637.7461 229.1838 4.5078 51.6646 0.000068
0 254.6373 220.6346 9.7705 11.6082 0.000064
0 323.7592 435.8565 9.7299 8.4020 0.000063
0 637.5579 266.1361 4.8842 37.3477 0.000056
0 489.3867 508.4868 22.4026 7.0263 0.000053
0 514.3724 164.7391 20.7965 22.3247 0.000052
0 563.1788 224.1189 15.9744 36.5429 0.000051
0 333.0715 2.9148 18.6952 5.8296 0.000050
0 362.5085 41.6935 14.6556 20.7970 0.000050
0 11.7144 148.5788 23.2813 23.6141 0.000049
0 367.4042 498.3630 16.1318 22.5946 0.000049
0 382.9407 492.3256 27.4688 16.8279 0.000046
0 629.8611 232.6476 19.6981 52.2016 0.000045
0 628.3784 505.1695 19.8970 13.6610 0.000045
0 158.0098 152.0824 11.6877 17.2661 0.000044
0 636.7457 59.0098 6.5086 44.8826 0.000042
0 270.7511 210.8190 14.5008 16.2531 0.000041
0 350.9772 129.3348 8.3335 8.9940 0.000039
0 198.0564 3.9021 18.8981 7.4453 0.000039
0 424.4294 133.1308 11.4714 24.6907 0.000038
0 447.0464 289.3088 20.0648 25.0209 0.000038
0 56.4521 173.5031 25.5696 30.3531 0.000036
0 634.0220 440.9237 11.9559 47.4292 0.000036
0 262.5770 214.5805 13.2561 20.0338 0.000036
0 632.6068 87.8570 14.0500 35.0561 0.000036
0 157.5065 161.0521 11.2755 22.3476 0.000035
0 4.1072 122.9086 8.2144 18.6555 0.000035
0 636.6572 391.1703 6.6857 47.7130 0.000035
0 633.1300 15.6800 13.7400 31.3601 0.000034
0 477.9330 509.2815 25.5264 5.4370 0.000034
0 230.3377 43.2615 28.0589 30.3926 0.000033
0 202.5574 19.2946 18.7264 31.5016 0.000032
0 632.5672 125.8466 14.4972 39.9521 0.000032
0 503.1140 189.1033 12.4159 13.8795 0.000031
0 5.0371 164.0935 10.0741 22.3663 0.000031
0 619.0662 506.9638 29.3098 10.0723 0.000030
0 236.8762 216.5739 9.7271 18.0433 0.000030
0 284.5750 3.1975 11.9313 6.3949 0.000030
0 62.6314 170.0525 14.6203 22.5840 0.000030
0 457.9020 505.9175 24.2724 12.0375 0.000029
0 33.7648 106.4797 10.6032 25.9318 0.000029
0 2.5544 118.9932 5.1088 32.4449 0.000029
0 198.6695 109.0223 8.3556 19.6451 0.000029
0 637.6805 329.6941 4.6389 50.2908 0.000029
0 635.9893 36.9650 8.0214 25.2334 0.000028
0 322.6400 436.9133 12.3546 12.6405 0.000027
0 327.6378 3.2177 16.8841 6.4354 0.000027
0 3.8576 462.0602 7.7153 42.0695 0.000026
0 6.1314 506.7228 12.2627 10.5544 0.000026
0 205.0301 3.7819 18.3480 7.5588 0.000026
0 222.8129 508.4777 29.6412 7.0446 0.000025
