0 308.3312 183.9523 15.1534 22.6008 0.877778
0 634.8531 119.1010 10.2939 37.7815 0.025678
0 176.2534 62.4279 10.0638 13.9869 0.012394
0 439.8562 3.6902 23.0481 7.3797 0.009355
0 561.7625 234.3400 18.1663 29.9223 0.003540
0 635.4742 107.0509 9.0515 26.7346 0.002175
0 394.8690 503.3241 26.4668 17.3059 0.002091
0 634.8787 93.3094 10.2427 45.1268 0.002025
0 636.8936 359.2589 6.1876 32.6810 0.001886
0 637.1806 353.0723 5.6388 18.8222 0.001536
0 6.7142 214.7661 13.4055 26.8823 0.001501
0 348.6794 7.7338 15.3179 12.5101 0.001484
0 405.0411 96.4803 9.1075 14.2374 0.001431
0 190.5144 507.8846 21.9938 8.2307 0.001257
0 637.1778 345.9302 5.6442 37.8319 0.001219
0 268.0303 211.8664 13.8812 16.0022 0.000932
0 200.9550 102.5070 7.2413 9.9803 0.000817
0 34.1132 99.0370 11.2965 16.5532 0.000686
0 636.9915 426.5146 6.0168 50.9208 0.000644
0 465.7112 508.5532 25.8547 6.8937 0.000597
0 443.1412 129.6802 9.3856 12.2982 0.000565
0 624.7466 383.1146 21.0608 33.0287 0.000518
0 12.4691 215.0237 24.3606 28.4065 0.000504
0 283.5135 389.1418 8.8505 18.6501 0.000421
0 415.1916 77.8757 16.2856 20.2466 0.000401
0 637.0079 256.8096 5.9790 39.0760 0.000388
0 421.6845 133.5081 14.3445 26.8520 0.000384
0 636.2138 80.1853 7.4957 25.2892 0.000363
0 6.2192 199.0982 12.4384 48.3752 0.000360
0 636.6371 139.9963 6.7238 34.9016 0.000346
0 339.4688 6.6057 23.7439 13.0692 0.000316
0 177.7635 54.9904 8.2181 29.0738 0.000308
0 445.6545 4.8084 24.4061 8.8114 0.000302
0 636.5287 207.5371 6.8853 47.9091 0.000273
0 430.6017 501.2558 24.1579 21.4168 0.000266
0 406.7654 503.3441 26.4438 17.0274 0.000264
0 636.5269 234.3320 6.9463 58.2563 0.000260
0 171.6900 148.2527 19.2673 25.0146 0.000255
0 637.0453 189.8107 5.9092 57.7642 0.000254
0 590.9292 399.4492 36.7203 61.3497 0.000253
0 405.9639 90.9619 8.7631 19.6156 0.000245
0 635.3959 440.7352 9.2083 48.5583 0.000162
0 516.8976 162.3270 22.5400 19.3988 0.000158
0 31.5085 101.1656 16.3653 17.5894 0.000150
0 637.4808 151.1764 5.0262 38.1686 0.000143
0 422.4768 503.9907 33.0289 15.7389 0.000142
0 635.5736 377.3189 8.4541 37.5912 0.000137
0 506.5475 188.8934 14.7485 14.9249 0.000133
0 637.4970 216.2913 5.0060 39.5325 0.000117
0 593.9927 383.4556 28.4925 33.3391 0.000116
0 637.0448 404.1811 5.8829 50.1453 0.000113
0 182.1637 507.8893 27.3279 8.2215 0.000110
0 633.9993 217.3684 11.8043 37.4175 0.000100
0 355.8742 6.8203 27.0380 13.5433 0.000095
0 462.0515 503.5360 29.1614 16.9280 0.000095
0 637.1143 164.3067 5.7715 49.4848 0.000095
0 27.7815 104.4153 22.9223 24.8009 0.000091
0 68.4989 508.0576 27.6764 7.8847 0.000091
0 637.7525 179.0010 4.4950 41.7622 0.000091
0 331.7276 5.3503 12.9767 10.3516 0.000087
0 272.3339 215.0010 14.1617 17.1322 0.000087
0 496.4625 508.0481 23.6022 7.9037 0.000086
0 5.0107 121.9740 10.0213 18.5563 0.000086
0 384.0412 498.4318 37.3181 23.6497 0.000084
0 636.6573 12.7350 6.6853 25.4699 0.000083
0 405.2629 500.7707 36.9617 22.4309 0.000082
0 373.3742 490.2024 18.6872 13.0277 0.000080
0 637.2084 130.5746 5.5496 45.2542 0.000080
0 626.3999 505.4800 21.5632 13.0400 0.000078
0 321.5251 509.2810 24.9944 5.4380 0.000078
0 632.8372 126.2627 13.8604 44.5156 0.000077
0 3.5321 207.7975 7.0443 34.3917 0.000077
0 364.2697 41.2967 15.1349 20.9501 0.000076
0 5.1266 457.4111 10.2531 52.9955 0.000076
0 1.8975 189.6933 3.7950 39.6773 0.000074
0 205.1954 386.2426 34.6790 39.7094 0.000073
0 531.3589 175.6449 15.0713 15.1545 0.000070
0 481.2199 509.1067 29.1417 5.7867 0.000068
0 448.7776 288.4545 19.6713 23.7091 0.000068
0 456.0507 508.5192 30.5366 6.9616 0.000064
0 636.1105 4.7094 7.7790 9.4188 0.000063
0 554.8221 231.4375 16.7449 25.6641 0.000061
0 58.6175 174.1931 23.9732 27.6627 0.000061
0 628.5631 118.5782 21.7078 36.5136 0.000060
0 636.4589 59.1245 7.0823 46.5720 0.000060
0 636.7057 45.8926 6.5885 33.9875 0.000058
0 127.1375 116.8501 10.5410 16.5267 0.000055
0 475.4766 508.2331 29.2088 7.5338 0.000054
0 198.4618 4.1039 16.5739 7.8967 0.000054
0 637.4071 7.0595 5.1858 14.1104 0.000054
0 14.6182 148.3179 29.2318 24.5668 0.000054
0 412.7331 185.4527 22.1566 30.0945 0.000053
0 419.0253 498.8134 42.0470 26.0985 0.000052
0 323.5720 434.7339 14.3803 8.3176 0.000052
0 34.2517 92.8083 12.5331 25.6318 0.000051
0 97.0825 17.3482 17.1928 29.8466 0.000051
0 440.0989 131.5721 13.2465 17.8994 0.000051
0 636.8759 334.7174 6.2482 51.3404 0.000051
0 175.8988 66.8778 10.5870 24.6725 0.000049
0 637.9385 16.8282 4.1231 33.6564 0.000048
0 4.7190 177.0210 9.4379 32.2793 0.000048
0 174.6860 53.5152 11.3677 29.0491 0.000048
0 6.4111 224.3322 12.8223 36.1412 0.000047
0 171.5005 63.2615 17.7862 11.3360 0.000044
0 633.1304 82.4259 13.3657 26.3461 0.000044
0 188.3589 505.1721 23.5225 13.5770 0.000043
0 616.4510 506.7054 34.8323 10.5892 0.000042
0 391.1994 115.7128 11.4678 21.7687 0.000041
0 489.8949 508.8415 23.9446 6.3170 0.000041
0 266.5876 100.7052 11.5036 18.4369 0.000041
0 285.1287 119.4702 14.0073 11.3496 0.000041
0 201.5407 507.9443 29.5173 8.1114 0.000041
0 230.9138 508.9940 27.4628 6.0120 0.000041
0 631.8669 232.4600 16.1071 58.1786 0.000039
0 634.6302 136.0243 10.7396 45.2635 0.000038
0 372.7204 498.4078 16.2779 22.7397 0.000037
0 198.2175 97.9503 10.7163 18.7585 0.000037
0 411.6741 80.9025 19.2053 31.7581 0.000037
0 442.7285 501.4085 36.6506 21.1830 0.000036
0 630.5984 502.1725 18.8032 19.6550 0.000035
0 232.2937 42.4416 28.2549 29.2327 0.000033
0 632.7499 101.0199 14.4434 49.2701 0.000032
0 396.2552 387.5318 15.2576 13.5207 0.000032
0 507.8168 197.6996 17.6301 33.7669 0.000032
0 408.9344 96.5491 11.6656 14.1329 0.000031
0 331.3739 6.2835 23.1735 12.5670 0.000030
0 106.1895 64.8820 9.8612 22.1467 0.000030
0 447.3641 275.4236 20.9203 49.8890 0.000029
0 2.0221 176.3905 4.0442 38.3646 0.000029
0 333.0417 2.9025 17.0034 5.7927 0.000029
0 219.1741 393.1674 8.9741 29.0859 0.000029
0 573.8463 234.3523 24.3977 29.5665 0.000029
0 636.8865 25.9310 6.2271 45.3890 0.000029
0 171.6815 66.9091 19.7268 18.6787 0.000029
0 457.8171 505.9319 25.5521 12.0645 0.000028
0 205.1469 3.9442 19.4703 7.7368 0.000027
0 5.8999 165.5129 11.7998 23.9584 0.000027
0 564.7654 196.1550 15.5234 23.1783 0.000027
0 519.9530 257.0658 18.7395 34.3873 0.000026
0 457.9446 497.9889 36.6105 28.0222 0.000026
0 411.7311 91.5321 16.4957 19.4714 0.000026
0 344.8633 5.7696 18.8879 11.4899 0.000026
