0 391.0989 318.7557 16.4268 16.9035 0.632337
0 430.5594 374.4015 22.4836 20.7708 0.563436
0 248.8541 316.8857 29.6813 28.6627 0.203945
0 430.2268 382.0638 23.6095 33.3917 0.203421
0 27.8029 193.9831 16.8657 22.2971 0.148583
0 108.2626 5.6385 20.0971 11.2750 0.113337
0 6.2757 415.6904 12.5084 18.9714 0.081094
0 82.8108 166.8439 30.8594 40.1232 0.063234
0 195.7323 320.6371 19.2174 12.2198 0.020601
0 84.3741 168.7750 18.2040 27.9317 0.018929
0 415.4471 390.1798 19.9634 19.1613 0.015154
0 635.1566 434.8358 9.6523 26.4620 0.012315
0 423.3854 389.4156 10.9729 20.2772 0.009248
0 421.0628 384.2820 22.0881 30.2118 0.008756
0 386.5509 503.9041 24.9798 16.1919 0.008214
0 14.5470 96.9676 17.7924 18.6993 0.008057
0 203.4262 163.9764 14.6074 23.0605 0.007154
0 240.2803 318.9170 12.6796 23.2853 0.007074
0 394.0344 303.7945 17.1378 34.5207 0.006673
0 399.2819 507.6479 21.3013 8.7044 0.005670
0 100.8136 29.9613 15.8275 17.3608 0.004451
0 114.0933 305.4686 20.6802 26.8405 0.003600
0 401.9523 508.6151 20.2026 6.7697 0.003373
0 311.9010 42.8318 10.9782 21.5365 0.003259
0 5.4054 405.2399 10.7888 36.1603 0.003136
0 242.0706 325.3907 14.6476 12.4781 0.003113
0 394.3335 505.2080 27.7906 13.5841 0.002980
0 29.6029 316.9776 15.8065 29.5677 0.002925
0 265.9221 224.7450 29.8716 35.2955 0.002756
0 4.0235 464.0371 8.0469 32.5204 0.002715
0 9.4667 300.1002 17.8851 19.7303 0.001907
0 285.3210 502.6051 19.5773 16.3038 0.001619
0 5.1331 434.8122 10.2662 57.8130 0.001469
0 119.1615 4.9895 37.3673 9.9718 0.001357
0 636.5621 448.1134 6.8652 43.6223 0.001209
0 423.6521 325.8111 29.8434 20.4047 0.000851
0 414.6678 212.2192 20.8100 24.3993 0.000726
0 101.4700 8.2493 25.9000 16.3613 0.000716
0 394.1615 190.5542 30.4165 27.1328 0.000640
0 4.5199 453.0011 9.0397 52.2650 0.000619
0 490.3174 320.7943 13.5103 18.8183 0.000567
0 461.6043 197.8282 29.8590 28.3791 0.000563
0 201.2025 5.9115 31.1361 11.7648 0.000541
0 390.8998 299.4589 17.1235 21.3148 0.000522
0 27.0214 311.1138 13.3642 17.9577 0.000521
0 310.9519 52.8725 14.6622 41.1584 0.000462
0 11.9512 507.8995 19.5356 8.2009 0.000452
0 94.2971 162.8924 14.9119 29.8938 0.000444
0 637.3074 463.7872 5.3853 30.7085 0.000443
0 5.0308 328.9661 10.0615 21.6490 0.000368
0 395.4549 310.8671 20.7825 27.3747 0.000356
0 635.5739 503.2931 8.7850 17.4138 0.000352
0 387.8140 312.0101 18.9138 24.0947 0.000348
0 105.5365 18.5918 19.5691 32.7640 0.000334
0 239.5287 324.7787 11.3671 17.5932 0.000323
0 636.4451 422.6750 7.1098 39.4820 0.000323
0 267.3773 509.6303 17.1445 4.7394 0.000316
0 90.1518 4.4980 31.7943 8.9519 0.000314
0 264.9178 375.0146 11.6841 15.0317 0.000306
0 636.6322 499.0663 6.7356 25.6698 0.000294
0 276.9739 237.3697 9.9458 13.3034 0.000293
0 417.5370 281.6616 17.3133 21.3399 0.000270
0 195.4790 331.2598 19.5152 33.8586 0.000267
0 377.4779 107.7034 13.6197 25.3260 0.000264
0 3.2641 398.1882 6.5281 44.8454 0.000239
0 13.2074 412.9004 23.7266 21.8645 0.000238
0 410.2705 508.2258 29.4518 7.5484 0.000205
0 6.7946 462.5751 13.5007 36.2982 0.000199
0 99.8387 3.7642 29.9427 7.5283 0.000196
0 6.7237 424.4760 13.4473 41.1872 0.000193
0 35.3777 323.0695 26.7156 41.3633 0.000178
0 636.7199 474.4755 6.5602 40.9492 0.000170
0 6.9174 508.1149 13.7481 7.7701 0.000170
0 190.2016 5.8973 34.3762 11.7107 0.000158
0 350.7989 502.9732 18.4547 17.8167 0.000155
0 427.4585 428.6117 11.5415 17.8889 0.000144
0 273.8706 507.1831 23.6482 9.1563 0.000143
0 277.3955 478.4944 20.4629 28.8425 0.000138
0 403.6076 504.6550 22.9488 14.6735 0.000136
0 561.3090 394.1282 22.7051 26.0449 0.000132
0 430.7762 291.2524 11.3643 13.0575 0.000123
0 407.6660 209.3060 16.9664 20.9102 0.000121
0 397.1688 319.5428 22.2555 18.4122 0.000110
0 449.9349 191.9452 52.0005 38.4041 0.000104
0 409.9139 390.6487 16.6991 13.8616 0.000098
0 215.1124 4.0952 27.0859 8.1903 0.000098
0 223.5283 303.7656 12.2678 15.2540 0.000097
0 207.3562 4.6001 31.2076 9.2002 0.000091
0 395.2700 409.2257 18.2171 14.2986 0.000089
0 384.8593 302.1355 16.0046 18.4063 0.000088
0 6.9230 317.5832 13.7862 28.7520 0.000085
0 632.1542 434.1576 14.7942 31.6719 0.000082
0 430.1277 357.9970 23.3752 43.7438 0.000079
0 4.6204 474.9478 9.2408 38.2272 0.000078
0 262.5443 509.4108 20.3823 5.1783 0.000078
0 180.1075 5.1332 30.9489 10.2663 0.000076
0 23.8738 320.9140 20.9990 35.3632 0.000075
0 2.8353 337.5276 5.6706 38.0714 0.000074
0 582.8716 41.8056 17.7324 35.5835 0.000074
0 442.4378 509.8158 17.4572 4.3684 0.000073
0 348.2751 2.6875 13.3283 5.3750 0.000072
0 8.9020 311.5338 17.5819 43.1498 0.000072
0 14.9391 404.7768 26.0560 25.5961 0.000072
0 425.6948 338.6111 26.1313 41.3264 0.000072
0 270.4591 508.7440 18.3818 6.5120 0.000068
0 221.6313 307.7471 11.3104 14.2735 0.000067
0 13.2101 308.2826 17.0375 31.5644 0.000065
0 422.8122 397.0993 12.4240 27.6465 0.000063
0 5.9474 500.9409 11.7315 17.1469 0.000062
0 79.0482 473.3210 21.8089 15.9996 0.000061
0 89.7397 156.0992 19.0557 46.0612 0.000058
0 401.2459 267.9846 19.9756 22.2104 0.000058
0 635.3103 306.1661 9.3794 33.7256 0.000055
0 286.5533 64.1183 16.9957 17.9824 0.000051
0 277.5693 503.5085 27.1128 16.9830 0.000051
0 2.2600 392.1698 4.5200 38.0572 0.000051
0 363.5324 329.1852 17.5875 20.2952 0.000050
0 281.3978 500.8126 16.1677 14.9126 0.000049
0 8.3586 401.1746 16.6123 38.7531 0.000049
0 393.9599 294.8633 13.4062 13.9677 0.000048
0 9.1379 475.0302 18.2758 44.2825 0.000048
0 428.0355 330.6678 19.4967 25.1519 0.000048
0 602.6241 189.7768 24.2202 31.2369 0.000048
0 433.5400 135.8232 13.3817 15.0914 0.000046
0 390.2690 499.4395 17.8391 23.0164 0.000039
0 458.3949 338.9041 21.4294 21.2904 0.000039
0 427.5466 287.4808 17.1770 20.1584 0.000038
0 379.4353 507.5926 30.7732 8.8148 0.000037
0 5.5526 491.4637 11.0241 22.1586 0.000036
0 269.3860 340.3872 23.0627 21.8663 0.000036
0 431.9087 177.5117 14.7595 15.0735 0.000036
0 36.3594 190.5904 27.1100 18.6589 0.000035
0 635.0729 384.1572 9.7605 22.5402 0.000035
0 383.2372 496.7877 29.3776 30.4246 0.000034
0 435.4064 193.4416 30.2103 34.2416 0.000034
0 465.2231 506.7572 20.2296 10.4856 0.000033
0 366.0855 504.2453 29.3428 15.5094 0.000033
0 264.2531 334.0892 20.0989 32.8312 0.000033
0 435.7944 348.4179 23.2283 35.3669 0.000033
0 374.9047 102.0578 13.1600 24.7388 0.000032
0 400.5952 306.7899 24.7365 26.1710 0.000032
0 632.1128 423.4302 15.5542 38.6985 0.000032
0 251.2653 249.3814 10.2967 16.4247 0.000032
0 16.2253 3.8901 21.5506 7.7384 0.000032
0 234.4009 190.9828 14.6268 16.8652 0.000031
0 29.6331 199.9269 19.9288 33.0397 0.000031
0 237.2307 316.4267 15.6915 31.1813 0.000031
0 631.1316 507.6693 16.9343 8.6615 0.000031
0 169.9714 4.1490 26.7760 8.2980 0.000031
0 456.3649 507.0914 24.0823 9.8171 0.000031
0 374.3090 114.6120 12.1292 23.2260 0.000030
0 279.2679 506.1324 17.3325 11.7352 0.000030
0 279.2900 487.9341 18.4457 26.1025 0.000030
0 40.5019 95.6304 14.0706 20.2161 0.000030
0 612.2482 50.0143 10.2656 18.7195 0.000029
0 17.6037 311.2337 20.2519 19.8755 0.000029
0 390.5243 272.4194 12.0897 14.0370 0.000028
0 188.8515 507.8719 10.6445 8.2562 0.000028
0 20.6369 507.8633 24.8050 8.0483 0.000027
0 394.1228 293.3238 15.9734 26.9260 0.000025
0 635.8636 292.7999 8.2728 35.2701 0.000025
0 291.5856 506.0629 16.9117 11.7716 0.000025
0 131.0168 4.0734 35.1364 8.1467 0.000025
