0 331.7829 304.1811 33.3773 33.3355 0.873422
0 406.7100 230.6843 21.7975 28.7956 0.816737
0 4.0740 261.0513 8.1478 50.8128 0.075718
0 77.0633 252.4483 22.2150 16.9582 0.053507
0 237.6414 98.2768 12.2568 10.7161 0.023158
0 7.7039 263.4296 15.4078 47.4604 0.020213
0 633.6106 292.8516 12.7377 35.4996 0.017417
0 4.2848 245.4735 8.5695 38.0666 0.004273
0 7.8855 275.1743 15.7709 25.8523 0.003591
0 633.5829 223.5234 12.7437 26.3283 0.003224
0 237.1660 90.2965 15.0932 26.3654 0.003041
0 6.9502 178.4677 13.8584 35.6278 0.003009
0 435.1175 5.9210 16.1393 11.4013 0.002724
0 7.3357 116.7706 14.6714 20.8556 0.002338
0 7.3595 83.6854 11.3077 15.1729 0.002102
0 191.1249 94.8445 18.2773 11.8270 0.001585
0 296.3702 3.9003 32.1216 7.8006 0.001571
0 238.5774 102.8925 13.5336 20.3072 0.001431
0 86.3477 431.5861 20.9111 34.7659 0.001420
0 532.8290 309.2684 17.6484 17.8248 0.001108
0 445.1923 500.4560 29.6493 22.6616 0.000957
0 286.3219 4.6938 27.3901 9.3876 0.000690
0 634.5365 275.1620 10.9269 39.4311 0.000562
0 308.7078 3.9326 21.8137 7.8605 0.000552
0 634.6084 314.2224 10.7831 43.4002 0.000486
0 5.7554 229.3471 11.4277 35.1784 0.000480
0 180.1455 3.4462 18.1746 6.8908 0.000479
0 380.3230 508.2917 22.4337 7.4167 0.000452
0 6.6771 189.8262 13.3447 30.5945 0.000422
0 387.5530 91.5033 11.9329 16.5121 0.000403
0 377.3265 432.7421 32.7249 25.2522 0.000365
0 133.4397 20.2451 14.5226 14.6120 0.000365
0 260.9024 150.0567 12.8292 13.7792 0.000360
0 399.3835 283.1385 14.4787 13.8216 0.000351
0 474.5913 3.2035 22.3350 6.3890 0.000345
0 25.0475 334.3238 21.3889 19.9075 0.000342
0 634.6939 302.8852 10.6123 38.1395 0.000330
0 635.2821 328.9158 9.4357 25.3382 0.000320
0 494.6151 311.9635 11.0294 13.2431 0.000315
0 443.6966 4.9078 27.6811 9.7286 0.000294
0 305.9773 54.7252 11.5201 13.0524 0.000290
0 427.0669 66.3790 9.5714 11.5113 0.000286
0 108.4686 83.9480 17.9408 24.3508 0.000286
0 2.9096 172.6389 5.8192 39.0467 0.000276
0 259.7193 9.5240 27.5685 18.3861 0.000270
0 634.9228 232.7299 10.1359 36.0610 0.000269
0 433.6749 500.7019 33.6287 22.5962 0.000256
0 3.5056 113.7461 7.0111 22.7065 0.000246
0 245.2321 92.6341 27.7419 25.7519 0.000236
0 8.0166 106.5456 15.2371 39.6861 0.000235
0 428.2616 4.9281 27.0495 9.8466 0.000213
0 386.9987 2.6740 27.2158 5.3481 0.000212
0 241.2284 21.5150 15.8763 21.0458 0.000212
0 265.4738 292.6230 15.1523 19.3729 0.000211
0 184.6127 497.6945 22.1805 27.8452 0.000208
0 329.9869 114.2685 20.8196 20.4662 0.000202
0 8.4713 284.6351 16.3014 29.5750 0.000198
0 637.6259 167.6039 4.7482 22.6139 0.000197
0 6.4657 205.7107 12.8868 44.0319 0.000187
0 383.4875 235.7247 20.2201 20.4462 0.000186
0 273.3305 7.6984 19.9499 14.3391 0.000169
0 88.6534 443.6759 17.8000 22.5411 0.000168
0 173.4310 504.4529 31.5285 14.9291 0.000166
0 160.7901 507.4918 25.9519 9.0164 0.000161
0 263.9791 6.2852 24.8318 12.3659 0.000153
0 143.8395 215.1270 13.9171 17.0812 0.000150
0 399.4272 42.6668 17.3549 20.8994 0.000140
0 379.2329 263.7834 19.2099 22.4437 0.000139
0 508.7028 508.7577 19.9991 6.4846 0.000137
0 405.7368 302.8282 10.7664 14.4816 0.000132
0 637.0657 279.6761 5.8145 37.6453 0.000131
0 635.4463 346.5829 9.0670 35.9002 0.000130
0 414.1345 51.4407 13.7061 14.3008 0.000128
0 3.2730 120.1094 6.3310 26.0996 0.000123
0 377.4618 241.0355 16.6898 18.0134 0.000121
0 4.4551 95.6797 8.9100 31.2034 0.000116
0 618.4623 508.6391 25.0617 6.7218 0.000111
0 602.9259 508.5668 25.7108 6.8664 0.000111
0 1.8967 162.5991 3.7934 32.1728 0.000098
0 636.9977 165.3267 6.0046 34.8255 0.000097
0 417.0909 5.9226 26.9067 11.2939 0.000097
0 235.8896 100.2075 11.6091 21.5679 0.000096
0 125.0326 349.9803 25.9112 41.3921 0.000095
0 116.3215 171.3750 17.8368 37.2617 0.000095
0 392.0057 185.1833 17.0176 17.9224 0.000092
0 351.1092 273.6758 15.9823 18.9181 0.000092
0 387.2275 433.4638 14.1364 23.4585 0.000092
0 342.0265 507.9994 18.5270 8.0012 0.000092
0 591.9988 508.4890 26.0261 7.0221 0.000091
0 7.7728 124.7721 15.5455 30.4212 0.000090
0 451.3748 497.0483 16.3467 17.0822 0.000088
0 259.2511 501.8694 14.9061 18.5596 0.000087
0 445.0795 116.4746 34.0566 24.8357 0.000087
0 349.4595 507.9376 18.0410 8.1248 0.000087
0 171.3765 52.7220 16.6153 22.5798 0.000086
0 5.7949 87.0190 11.5898 22.3326 0.000086
0 481.0746 3.4217 26.6149 6.8433 0.000084
0 9.5668 90.0603 15.7466 27.2228 0.000083
0 636.9265 79.3914 6.1469 29.3240 0.000083
0 408.9029 165.5238 22.8816 16.1725 0.000077
0 637.3325 266.6526 5.3351 40.2780 0.000077
0 637.3161 153.1535 5.3678 43.7728 0.000076
0 390.5300 46.4918 11.4567 12.0130 0.000075
0 368.0737 507.9421 25.7382 8.1156 0.000074
0 455.1663 501.7419 28.8824 20.5163 0.000074
0 635.2106 252.4704 9.5788 29.3238 0.000071
0 383.5170 259.8682 15.0083 24.6251 0.000069
0 3.5579 282.3545 7.1158 53.3615 0.000067
0 419.7140 503.4194 27.9460 17.1612 0.000067
0 470.9212 489.6479 23.4858 35.5989 0.000067
0 5.3590 160.3653 10.7181 40.5016 0.000066
0 185.0022 4.3069 20.7168 8.6137 0.000066
0 2.7925 153.7364 5.5849 39.3599 0.000065
0 391.3063 42.4705 13.7455 18.9872 0.000065
0 212.8702 230.5156 11.9901 16.5074 0.000062
0 251.2701 90.1627 18.3559 25.9698 0.000062
0 390.9103 507.6701 22.8310 8.6262 0.000062
0 355.5250 508.0140 17.1682 7.9720 0.000062
0 281.9133 274.7084 18.1117 17.8094 0.000061
0 637.1367 214.0217 5.7266 30.3625 0.000060
0 631.6954 95.9089 16.1880 31.9950 0.000059
0 197.4155 266.6776 10.8832 13.3323 0.000058
0 636.3811 500.1342 7.2378 22.5731 0.000058
0 582.6558 508.4206 22.1355 7.1588 0.000057
0 201.5712 2.5506 21.5223 5.1012 0.000056
0 7.8012 240.6167 15.4465 36.4191 0.000056
0 250.8254 20.6586 13.7447 23.7905 0.000056
0 500.3239 508.5432 20.9244 6.9135 0.000055
0 625.1829 97.9974 24.9785 35.0838 0.000053
0 3.9854 106.0362 7.8620 25.1340 0.000053
0 610.7908 508.8046 25.4631 6.3907 0.000053
0 626.3870 508.2301 22.0485 7.5398 0.000052
0 14.3921 130.4167 11.4988 13.0819 0.000051
0 334.1597 508.2692 16.8289 7.4616 0.000051
0 636.0829 336.2294 7.7084 29.2889 0.000050
0 343.0675 3.0780 20.3900 6.1560 0.000048
0 2.9310 224.2709 5.8418 38.5875 0.000046
0 5.4586 77.0089 10.2724 32.7693 0.000045
0 142.5763 507.7416 32.3301 8.5167 0.000044
0 464.5558 3.1771 29.7296 6.3136 0.000044
0 491.5892 508.0999 20.4795 7.8001 0.000044
0 247.4720 8.8825 20.9249 17.5188 0.000044
0 397.7913 2.7533 27.2896 5.4981 0.000042
0 473.3414 480.3998 21.4847 22.2449 0.000041
0 280.4095 271.0172 12.3495 15.8783 0.000041
0 635.5227 505.9406 8.9546 12.1188 0.000040
0 295.0276 7.7383 33.1329 15.4766 0.000039
0 190.5018 509.2150 23.5365 5.5701 0.000039
0 251.7835 509.1845 20.7755 5.6310 0.000039
0 105.8627 3.2422 28.3104 6.4844 0.000038
0 254.8846 498.7094 13.6543 23.7710 0.000038
0 179.8592 10.6889 18.1069 21.3778 0.000038
0 245.5766 5.2656 18.4249 10.0338 0.000038
0 637.0414 313.9736 5.9172 43.7576 0.000037
0 275.5196 152.3651 11.4703 15.1462 0.000036
0 5.0965 115.6345 10.1930 31.5449 0.000036
0 546.7953 508.1063 21.9697 7.7875 0.000036
0 282.6624 259.2997 9.1877 13.8264 0.000036
0 177.3986 497.0488 26.9883 25.1633 0.000035
0 326.0292 298.0502 18.7012 22.1426 0.000034
0 515.4689 508.4399 19.5046 7.1202 0.000034
0 4.9640 39.2567 9.9280 25.9281 0.000034
0 438.6927 282.3610 9.1374 16.8104 0.000034
0 5.3144 290.7405 10.6287 36.7509 0.000034
0 633.7921 354.6161 12.1758 24.1887 0.000033
0 453.2971 4.6542 37.2340 9.2813 0.000033
0 636.9943 356.8105 5.9995 22.7426 0.000033
0 637.6141 333.1554 4.7718 26.8235 0.000032
0 157.9273 4.7792 18.2238 9.5271 0.000032
0 171.5957 3.9765 25.8018 7.9260 0.000032
0 548.2665 363.2698 13.4214 21.1453 0.000032
0 189.4968 97.7098 21.1675 20.3248 0.000031
0 638.3707 74.1038 3.2586 36.1722 0.000031
0 402.1498 298.6193 15.2838 15.5680 0.000031
0 474.9877 504.7314 24.3361 13.5599 0.000031
0 389.2580 233.5833 16.7853 28.0082 0.000030
0 217.8870 78.4951 13.2439 14.1611 0.000030
0 637.8929 249.3676 4.2141 38.4789 0.000029
0 131.0220 351.1901 10.6452 22.5184 0.000029
0 522.7457 148.5328 19.8297 26.0298 0.000029
0 636.0894 88.5447 7.7042 18.0431 0.000028
0 15.6103 332.4711 30.5366 27.8580 0.000028
0 637.4233 238.2731 5.1113 42.3446 0.000028
0 460.1575 320.0924 16.5925 28.9244 0.000028
0 446.8826 255.8974 14.9525 23.7966 0.000028
0 325.6349 508.2950 20.1179 7.4100 0.000028
0 390.2823 36.1595 14.8271 26.9500 0.000028
0 635.2449 266.0452 9.5102 29.3091 0.000027
0 245.5058 102.6586 24.4019 24.8649 0.000027
0 6.1085 140.8965 12.2170 37.6903 0.000027
0 631.7488 308.0066 15.3032 34.9498 0.000027
0 339.1942 303.3950 18.2409 30.9614 0.000027
0 626.0379 292.9645 22.6631 40.3458 0.000026
0 138.4670 2.4440 21.4202 4.8880 0.000026
0 413.7469 3.9529 19.8079 7.8348 0.000026
0 201.4032 506.0273 23.9469 11.9454 0.000026
0 277.8658 272.2772 11.0399 11.8590 0.000026
0 22.5672 94.4009 12.5941 17.5786 0.000026
0 116.1664 161.8082 18.5228 18.9733 0.000025
0 456.0151 497.2528 21.0599 20.9828 0.000025
0 321.6659 3.8126 20.9979 7.6253 0.000025
