0 337.5679 310.3025 20.0863 35.3372 0.856893
0 265.0905 254.7121 17.5118 37.7077 0.837595
0 420.1460 402.6830 21.1033 32.5690 0.746944
0 613.0091 255.9514 18.4535 23.5696 0.150056
0 635.8556 51.3827 8.2888 40.5642 0.082634
0 3.9993 13.1530 7.9986 26.3060 0.034264
0 204.1908 18.7140 20.4790 34.8523 0.033611
0 200.1031 3.9909 19.0570 7.9763 0.013513
0 203.3826 7.2775 20.8142 14.4569 0.011375
0 496.7726 159.4604 16.6535 16.2362 0.009485
0 34.8451 239.2874 19.8603 24.4097 0.008592
0 280.3157 224.3663 12.8279 21.2942 0.006616
0 8.1285 9.8780 15.8081 19.7560 0.005218
0 71.8743 16.9777 24.6452 33.6090 0.004852
0 139.7569 3.6313 11.1232 7.2625 0.004132
0 25.2800 507.2674 25.6645 9.4364 0.003356
0 143.3754 5.4218 14.8262 10.8419 0.003223
0 521.5961 345.3149 31.5323 29.6141 0.003175
0 312.3226 290.4734 14.7733 10.3079 0.003169
0 142.1566 8.9028 14.0366 17.8056 0.002658
0 346.9581 104.8115 31.2549 31.5339 0.002488
0 4.1976 22.3628 8.3951 37.7850 0.002465
0 490.7662 508.3594 22.1782 7.2811 0.002122
0 18.2806 498.6141 16.7199 26.5878 0.001917
0 632.9899 58.4079 13.8569 40.1075 0.001603
0 527.1635 327.8516 41.8031 57.6697 0.001552
0 22.6140 504.0625 23.5887 15.8204 0.001278
0 24.4402 497.6920 28.8564 28.2766 0.001106
0 315.6832 499.7984 26.1545 24.3526 0.001091
0 439.7855 507.9137 24.3334 8.1726 0.000938
0 503.0552 507.4476 35.3961 9.0965 0.000858
0 278.6164 231.2622 14.1290 24.5286 0.000849
0 52.8725 380.0837 25.3562 27.9784 0.000832
0 46.8408 237.0227 21.9048 25.1713 0.000819
0 1.7736 101.5473 3.5473 29.2523 0.000803
0 35.7361 507.8961 30.8657 8.1232 0.000772
0 636.1124 68.8081 7.7752 55.6839 0.000751
0 480.4551 508.1359 25.1472 7.7282 0.000747
0 457.7752 386.1670 17.7773 41.2493 0.000662
0 635.6278 35.3436 8.7444 63.2559 0.000628
0 409.8894 506.7000 29.0415 10.6000 0.000616
0 332.6638 96.4113 15.9067 30.2962 0.000596
0 40.6049 238.2574 14.8544 23.2777 0.000555
0 286.8358 225.7111 24.2143 22.8635 0.000549
0 12.3276 498.4479 23.1758 27.0422 0.000539
0 188.5943 3.6500 19.7154 7.2641 0.000537
0 323.4292 507.5784 22.5034 8.8432 0.000528
0 632.9077 41.7161 14.1847 45.6259 0.000478
0 467.0973 388.1591 14.6482 39.8937 0.000461
0 507.4589 497.0322 39.9687 29.7125 0.000420
0 454.8671 380.4919 15.7632 28.0160 0.000403
0 137.5997 6.9797 13.6260 13.9593 0.000403
0 66.6343 5.9768 20.9137 11.9536 0.000373
0 42.3583 386.1116 13.4005 22.8943 0.000352
0 525.9711 503.0076 21.1715 17.8100 0.000341
0 150.0386 8.0179 25.7941 15.8620 0.000337
0 6.3614 102.1019 12.6247 25.9708 0.000336
0 521.3002 495.4483 23.9012 31.3816 0.000336
0 212.2931 5.5151 27.6837 11.0301 0.000312
0 193.6423 508.5258 22.4323 6.9483 0.000295
0 487.4365 389.1940 18.0931 32.7846 0.000292
0 136.9846 5.0932 20.7517 10.1863 0.000278
0 193.7620 9.7020 21.0430 19.0173 0.000265
0 516.2576 502.2895 31.8289 19.1783 0.000260
0 493.4654 504.0089 24.7462 15.9822 0.000260
0 241.0836 149.8587 13.2663 21.1708 0.000253
0 132.0447 323.7191 20.6450 15.5411 0.000239
0 428.1107 399.0661 23.5479 35.4543 0.000236
0 211.3385 292.8780 16.3827 18.4049 0.000235
0 15.6313 5.6637 21.8771 11.3273 0.000229
0 320.6837 504.0534 21.5485 15.8932 0.000228
0 222.6794 508.7861 19.9833 6.4277 0.000217
0 528.2652 335.6912 29.1993 32.3861 0.000216
0 474.1197 387.5748 22.1287 37.6357 0.000216
0 279.0358 218.7712 11.1434 25.5151 0.000208
0 12.9535 505.2794 25.5477 13.4412 0.000201
0 500.3191 166.2515 23.4454 29.7204 0.000200
0 636.8537 132.5171 6.2206 31.6578 0.000195
0 146.9251 9.8558 16.9999 19.7116 0.000189
0 14.5050 10.2109 24.3242 19.8147 0.000188
0 211.2254 20.6985 26.7380 33.0319 0.000179
0 144.8823 3.4621 15.7762 6.9242 0.000176
0 637.2932 43.4623 5.4136 44.7147 0.000172
0 471.9320 507.5359 26.0667 8.9282 0.000166
0 2.5272 241.5687 5.0544 29.3056 0.000161
0 68.5317 3.5771 16.4382 7.1542 0.000160
0 323.3540 505.8886 32.2771 12.2228 0.000157
0 31.8979 500.9435 29.7380 21.9557 0.000146
0 311.0634 299.4583 10.9857 25.8962 0.000146
0 42.8608 508.4785 20.3130 7.0344 0.000136
0 346.8184 102.5678 16.9161 28.1273 0.000135
0 330.7717 505.3772 21.0471 13.2458 0.000135
0 534.0599 504.6709 22.6372 14.6583 0.000134
0 205.1839 28.3297 15.2666 19.8955 0.000131
0 353.2527 309.2172 15.0154 32.4872 0.000131
0 451.8848 380.0097 13.9923 21.9215 0.000129
0 2.8514 394.4284 5.7027 43.1358 0.000128
0 3.6992 366.2502 7.3985 45.4453 0.000126
0 108.6395 506.2449 18.4360 11.5103 0.000124
0 637.0905 117.4737 5.8173 39.4485 0.000123
0 312.3348 492.5874 23.8655 22.5413 0.000122
0 464.4544 384.6020 23.8482 38.6915 0.000121
0 374.1026 507.8490 17.3301 8.3020 0.000121
0 478.1274 387.3422 19.0800 31.5654 0.000120
0 541.4072 313.4958 19.1055 26.5748 0.000119
0 338.3347 101.4420 21.8605 29.2669 0.000117
0 2.4734 411.2532 4.8689 46.1679 0.000116
0 416.4338 105.9882 18.5872 14.9455 0.000116
0 216.1851 3.9208 24.0156 7.8417 0.000115
0 517.7313 340.4369 21.7801 26.9292 0.000113
0 443.4290 393.3606 20.9956 43.1480 0.000113
0 3.5832 29.9161 7.1664 36.7222 0.000111
0 211.0533 508.3397 23.6820 7.1341 0.000107
0 63.9654 3.3065 14.9859 6.6061 0.000104
0 444.5668 195.0100 12.2053 11.5706 0.000102
0 132.8291 3.7988 22.1874 7.4569 0.000098
0 442.0306 92.8284 17.0038 17.6663 0.000098
0 304.4955 287.9312 28.9053 16.2159 0.000096
0 24.9791 240.3289 17.6120 24.4674 0.000096
0 635.8267 275.2747 8.3467 32.2380 0.000095
0 464.9506 398.8202 10.0742 32.9368 0.000094
0 312.4626 294.3324 13.6859 19.5993 0.000093
0 422.0680 507.4287 30.5653 9.1425 0.000092
0 280.8369 211.6461 13.1055 24.6782 0.000092
0 425.8269 392.8696 19.2327 36.2497 0.000091
0 36.8360 504.4821 33.4110 15.0154 0.000091
0 426.1549 399.7064 10.9694 28.8258 0.000090
0 58.4943 6.3632 24.8935 12.7264 0.000087
0 336.2828 507.4406 24.2858 9.1188 0.000087
0 45.9876 383.3046 21.5999 32.0934 0.000086
0 2.9158 290.2116 5.7452 28.1574 0.000086
0 235.9411 150.7847 12.9341 21.0815 0.000086
0 554.6394 288.3510 28.5400 30.9026 0.000083
0 636.9376 101.9052 6.1247 46.3082 0.000083
0 333.1524 83.5664 23.4528 38.5217 0.000079
0 484.8963 502.0765 27.1247 19.8470 0.000076
0 2.1119 113.7577 4.2237 49.4190 0.000076
0 404.7345 503.5616 29.2243 15.9572 0.000075
0 76.0495 8.1190 26.0110 16.1523 0.000074
0 399.4198 433.5276 11.6426 21.3352 0.000072
0 612.9637 244.2803 19.3606 43.2227 0.000071
0 442.4291 504.2058 25.4629 15.5884 0.000070
0 158.7602 5.2029 26.8958 10.2862 0.000070
0 540.0789 333.3351 21.8562 30.4005 0.000066
0 626.9634 51.7603 23.5902 36.5109 0.000066
0 357.1567 307.0699 13.8447 28.5577 0.000064
0 208.8978 25.0459 17.6261 24.2410 0.000063
0 638.0014 112.6743 3.9972 39.6769 0.000061
0 181.0381 3.4137 18.6962 6.8274 0.000059
0 401.4092 506.3861 23.7862 11.2277 0.000058
0 628.3033 444.5091 23.3934 40.5627 0.000058
0 152.1834 14.0798 26.1417 22.5377 0.000057
0 447.3053 509.0457 17.7960 5.9086 0.000057
0 278.4750 210.8503 10.0848 13.9072 0.000057
0 94.8388 506.1858 21.6089 11.4561 0.000056
0 314.6191 487.7950 29.8526 36.1679 0.000056
0 635.2716 286.5970 9.4385 44.8188 0.000056
0 628.8016 346.6891 17.3730 21.8046 0.000055
0 224.5169 3.8914 18.8832 7.7828 0.000055
0 185.3177 508.2393 28.7938 7.5214 0.000055
0 234.3756 508.9256 27.2888 6.1488 0.000055
0 494.9132 310.2286 26.7798 46.9274 0.000053
0 194.8412 18.9221 22.3665 31.5804 0.000053
0 533.2958 343.2448 31.4163 27.7371 0.000051
0 341.3470 77.0641 28.0316 33.8948 0.000051
0 46.1555 388.8796 15.3060 22.8646 0.000049
0 176.3702 2.9339 16.8181 5.7749 0.000048
0 475.4905 509.0000 24.8533 6.0000 0.000048
0 632.9352 345.1544 14.0762 27.6538 0.000048
0 540.1655 324.3918 29.9290 39.0753 0.000047
0 341.6763 94.6721 18.5503 15.8975 0.000046
0 3.2014 299.2129 6.4028 30.6823 0.000045
0 8.3762 22.8777 15.7866 40.8925 0.000044
0 164.3453 509.8210 18.0822 4.3580 0.000044
0 211.8564 302.9749 15.3046 23.6362 0.000042
0 390.4766 507.5061 29.3527 8.9878 0.000042
0 457.8412 509.2812 18.4674 5.4376 0.000042
0 2.8011 252.6119 5.6022 30.2960 0.000042
0 102.8933 506.6384 21.3935 10.7232 0.000041
0 2.3973 424.9399 4.6593 29.2505 0.000041
0 455.7709 506.8575 37.6492 10.2850 0.000041
0 158.9457 16.7225 25.5824 22.1742 0.000040
0 2.6751 267.0294 5.3501 33.7147 0.000040
0 4.2682 41.4482 8.5364 39.1104 0.000040
0 40.7235 230.5388 14.3528 29.5626 0.000039
0 346.2742 94.3401 13.3137 12.6645 0.000039
0 7.3994 116.5238 14.7987 54.3617 0.000039
0 115.7472 120.4577 15.2390 33.0863 0.000037
0 189.1643 509.3664 23.3453 5.2672 0.000037
0 1.5135 408.3687 3.0270 45.6307 0.000037
0 447.7792 389.6043 17.7960 35.0352 0.000036
0 31.3996 230.9108 19.3793 34.1104 0.000036
0 288.4787 477.8789 20.9146 22.2499 0.000036
0 635.9948 263.5289 8.0104 35.9747 0.000035
0 478.4197 503.7477 26.0941 16.5046 0.000035
0 79.0083 3.7953 22.8353 7.5316 0.000034
0 512.3367 352.8239 18.9980 33.4852 0.000034
0 11.9447 4.1626 20.7696 8.3252 0.000034
0 636.9244 145.0154 6.1376 39.0349 0.000034
0 467.2236 509.3425 23.4254 5.3150 0.000034
0 333.5107 72.7888 28.1132 32.3265 0.000033
0 501.3400 156.5169 24.3748 24.1905 0.000033
0 158.3017 9.5538 26.8643 17.9649 0.000033
0 193.8183 328.2707 14.3445 15.1005 0.000032
0 306.2914 497.0318 26.6837 29.9364 0.000032
0 535.7788 493.3072 19.7463 32.5610 0.000032
0 202.1252 508.5505 29.3411 6.8990 0.000032
0 528.7424 354.2488 19.1350 34.9230 0.000032
0 90.2274 4.2592 20.9794 8.3541 0.000032
0 136.2235 12.0673 17.1973 21.1657 0.000031
0 2.0247 258.7037 4.0495 37.0197 0.000031
0 81.8342 7.1178 15.2467 14.1221 0.000031
0 159.9005 31.0458 23.5227 20.5014 0.000030
0 129.6066 319.8408 16.6316 16.8153 0.000030
0 636.8354 164.7079 6.3075 34.4892 0.000030
0 543.9727 506.4730 26.1534 11.0540 0.000030
0 460.8701 508.1095 22.2980 7.7810 0.000030
0 432.6307 102.3455 20.3916 22.8879 0.000030
0 635.5718 87.6183 8.8563 39.7390 0.000029
0 240.2835 439.3258 17.2426 23.5690 0.000029
0 3.5564 381.1737 7.1128 45.4934 0.000028
0 206.5566 3.8636 21.8288 7.7272 0.000028
0 527.4092 488.7039 24.9425 42.0867 0.000028
0 533.1431 318.0367 34.2318 36.6496 0.000028
0 353.8739 102.4186 21.5160 28.4907 0.000028
0 211.6085 10.0840 28.6305 19.9387 0.000027
0 367.6176 507.2263 22.7390 9.5474 0.000027
0 83.9366 3.1881 14.9641 6.3313 0.000027
0 340.3528 109.2988 25.6958 20.2361 0.000027
0 635.0337 85.8673 9.9326 72.4307 0.000026
