0 265.1407 253.7730 18.4196 38.1080 0.842586
0 338.0932 309.3344 14.8818 35.7629 0.830315
0 612.8841 255.9330 19.5252 25.3438 0.222443
0 636.0270 48.1730 7.9459 42.5569 0.052784
0 281.0054 223.3820 14.4533 18.7105 0.052657
0 205.7702 16.9508 21.5527 33.0268 0.045336
0 4.0918 12.1664 8.1835 24.3328 0.037968
0 310.5676 297.2401 11.7974 28.2400 0.019544
0 201.9331 4.4116 21.6896 8.8012 0.013715
0 7.6830 8.7767 15.1660 17.5534 0.012857
0 416.9509 402.5327 19.3457 31.5199 0.012121
0 521.8480 343.7727 30.4971 32.1445 0.009615
0 33.9718 237.5535 20.1043 21.8969 0.007140
0 452.2088 379.1959 14.4639 25.4763 0.003323
0 20.6993 498.9133 21.3468 26.1314 0.003204
0 352.9198 103.5985 20.5479 31.3986 0.003008
0 314.9496 490.8258 26.1131 24.6582 0.002918
0 311.8690 289.5680 14.1875 10.6662 0.002839
0 1.9484 98.6385 3.8968 30.8190 0.002687
0 39.6589 236.6221 15.3606 24.6301 0.002322
0 411.2510 400.3776 12.5970 22.5637 0.001767
0 456.6645 384.5565 17.3531 35.7947 0.001760
0 492.1094 508.1315 21.7111 7.7371 0.001676
0 4.1221 22.9007 8.2441 41.0985 0.001424
0 198.2518 6.4331 19.0693 12.7596 0.001376
0 317.0857 499.2978 24.8408 23.9023 0.001147
0 321.4743 507.2222 24.5316 9.5554 0.001072
0 424.0928 399.4858 21.1839 35.5981 0.001072
0 72.9097 15.2220 21.0582 30.2182 0.001047
0 342.8763 103.6267 30.6314 31.3880 0.000985
0 25.4298 506.8181 27.0856 10.3251 0.000956
0 239.1817 149.2741 13.9109 22.0076 0.000956
0 526.0056 327.8316 40.4101 60.6327 0.000896
0 210.8850 6.2543 27.0844 12.4757 0.000840
0 4.9218 98.6480 9.7058 27.2619 0.000785
0 277.8683 233.3768 15.1140 24.8431 0.000757
0 449.0643 385.8800 17.4874 34.9368 0.000633
0 190.6070 3.7922 19.9846 7.5420 0.000623
0 486.8347 387.4712 15.6856 32.9134 0.000589
0 632.6277 55.9509 14.5096 45.7508 0.000577
0 47.8924 233.7360 20.1693 20.8497 0.000564
0 466.8762 386.5726 15.3869 35.6082 0.000537
0 331.7894 97.5059 15.7897 28.0099 0.000526
0 14.6205 6.9556 23.1794 13.9111 0.000516
0 476.6534 386.6426 20.2150 34.0102 0.000512
0 35.6478 507.7437 28.1968 8.4347 0.000506
0 24.8317 495.9700 32.1137 31.9028 0.000502
0 44.0193 385.1893 14.9888 23.1677 0.000492
0 51.4242 379.5315 22.5147 25.9615 0.000487
0 317.2039 505.4088 27.0279 13.1825 0.000478
0 413.7411 410.1743 18.0568 41.7505 0.000476
0 633.0856 41.5646 13.8288 43.1391 0.000434
0 286.4919 222.1924 24.9192 24.4770 0.000399
0 115.6336 118.8275 15.7510 32.4231 0.000383
0 439.9391 507.8508 22.4916 8.2984 0.000373
0 76.9921 7.7427 22.8552 15.4301 0.000372
0 143.3324 4.7421 18.0867 9.4829 0.000365
0 335.3794 83.9178 31.5519 51.2664 0.000359
0 211.8125 21.6768 24.3539 27.2110 0.000342
0 506.8059 507.2485 38.6772 9.4119 0.000338
0 193.1973 8.4722 21.9189 16.6613 0.000323
0 139.8156 3.4968 12.1744 6.9934 0.000313
0 479.5672 507.6507 27.7548 8.6986 0.000305
0 12.5819 500.0907 24.4688 23.8185 0.000297
0 30.3575 502.1443 29.2213 19.4513 0.000293
0 409.2166 504.1871 26.5223 15.6258 0.000286
0 347.5257 308.8282 24.3550 34.8050 0.000278
0 526.5233 336.3533 24.1897 31.9639 0.000267
0 635.3518 33.7349 9.2964 65.0817 0.000266
0 637.0376 64.0440 5.9248 41.3792 0.000262
0 18.2174 505.2956 24.3974 13.4088 0.000258
0 372.0167 507.9700 16.6048 8.0598 0.000235
0 408.1799 402.9803 15.8112 27.2941 0.000223
0 635.9849 69.5476 8.0303 56.3929 0.000221
0 202.3564 11.3531 19.5228 20.5347 0.000210
0 502.9927 503.6007 38.2764 16.7986 0.000207
0 506.2710 494.2810 40.4520 34.9807 0.000196
0 6.9669 110.0587 13.8962 45.7919 0.000188
0 26.3696 238.0825 18.9860 22.7272 0.000185
0 444.2327 194.7916 12.6107 14.7644 0.000185
0 460.4572 390.8443 13.7408 43.3265 0.000183
0 636.9033 131.3020 6.1446 34.5730 0.000177
0 428.7673 389.1116 14.1157 20.2546 0.000176
0 41.0123 229.8132 13.8328 25.3625 0.000175
0 41.9490 508.3344 21.5047 7.3311 0.000171
0 637.2970 112.2419 5.4059 40.6365 0.000171
0 214.8695 4.0523 25.3823 8.1045 0.000162
0 2.8138 113.7857 5.6275 56.0018 0.000162
0 486.7189 503.0786 28.1103 17.8428 0.000158
0 279.0472 215.0805 13.7360 29.7899 0.000157
0 66.9908 8.3806 21.7787 16.7612 0.000156
0 637.4561 42.1670 5.0879 41.2071 0.000144
0 329.7679 503.5050 20.1025 16.9899 0.000138
0 330.6671 506.3844 38.2692 11.2311 0.000135
0 320.8958 300.3317 22.3266 30.7745 0.000126
0 515.3777 500.1429 31.4272 23.1584 0.000124
0 410.0295 410.4898 15.6051 32.8993 0.000123
0 2.9940 292.8611 5.9168 28.3929 0.000120
0 132.1454 323.3916 21.0347 15.7839 0.000116
0 434.0249 398.8250 17.9150 35.5732 0.000114
0 55.3344 232.0482 17.9660 18.9319 0.000112
0 193.9817 507.9041 22.8004 8.1918 0.000108
0 104.2989 506.4254 21.9636 11.1492 0.000108
0 2.6382 402.4230 5.2017 43.9260 0.000106
0 406.3084 411.6202 15.7595 39.0733 0.000106
0 365.9696 507.5408 18.7541 8.9183 0.000100
0 356.8015 305.9395 15.5554 28.5740 0.000093
0 513.9783 349.2700 18.0373 32.4359 0.000090
0 516.8663 339.9376 19.9579 30.8054 0.000088
0 222.7790 508.6479 22.1368 6.7041 0.000086
0 2.4008 421.6153 4.7177 34.6996 0.000086
0 629.4010 449.5016 21.1981 30.6553 0.000084
0 140.3640 8.9400 11.2235 17.8800 0.000082
0 511.6548 336.4666 18.1379 26.6241 0.000081
0 412.7625 240.8054 21.2769 22.4034 0.000081
0 223.4909 3.9305 21.0240 7.8611 0.000078
0 2.8351 239.3984 5.6702 29.7211 0.000078
0 301.2301 467.0048 26.0906 25.0781 0.000077
0 181.0932 3.4593 19.3130 6.9186 0.000076
0 471.4098 507.3427 25.2528 9.3145 0.000076
0 285.2139 230.0361 21.7391 24.8234 0.000074
0 398.8403 431.9070 11.4932 21.2556 0.000074
0 2.4149 253.8683 4.8296 35.3007 0.000073
0 330.7221 308.9468 25.4000 36.9653 0.000070
0 263.8805 5.3249 22.1779 10.6497 0.000070
0 234.8190 508.6330 31.5963 6.7341 0.000066
0 313.2473 293.2444 14.8073 15.4655 0.000065
0 425.3699 413.9929 18.1127 34.5677 0.000063
0 636.4396 87.9650 7.1207 48.3209 0.000062
0 326.9962 498.7232 21.8784 23.7728 0.000059
0 288.4140 476.7932 19.6744 21.1659 0.000059
0 630.0462 68.0840 17.8773 45.6172 0.000059
0 3.1088 29.8140 6.2176 33.1469 0.000058
0 496.0682 158.1012 15.7561 15.6403 0.000058
0 55.3651 375.6762 16.1092 20.9095 0.000058
0 432.2766 383.5507 17.6647 16.8722 0.000056
0 447.4132 506.6284 28.8237 10.7432 0.000055
0 102.6347 106.5127 39.7731 54.8872 0.000054
0 495.0745 309.2032 28.4007 48.4951 0.000054
0 500.7556 334.9849 16.5549 24.4152 0.000053
0 483.8189 508.8234 22.1082 6.3531 0.000053
0 536.7986 333.4637 25.6328 32.0610 0.000053
0 332.0678 101.8783 12.1558 16.7012 0.000051
0 464.7166 399.3659 10.9422 32.7982 0.000051
0 211.5342 293.4422 14.8887 16.6745 0.000051
0 636.8329 146.0638 6.3291 41.9575 0.000051
0 38.4367 233.8667 14.3160 14.9548 0.000050
0 309.2501 475.9213 30.9799 34.7776 0.000050
0 336.7288 507.3130 24.4698 9.3740 0.000049
0 314.6850 301.9640 17.4849 28.6655 0.000048
0 423.5071 506.6809 26.5502 10.6382 0.000047
0 44.8373 232.6399 14.2894 15.2061 0.000046
0 326.5278 502.1166 40.0453 19.7668 0.000045
0 635.6796 274.8392 8.6408 33.6310 0.000045
0 3.9917 362.9459 7.9833 56.0192 0.000044
0 278.7638 210.2504 12.1029 16.9877 0.000044
0 553.6820 288.4332 28.6909 28.9911 0.000044
0 1.4624 406.8067 2.9248 43.0126 0.000042
0 183.8623 2.6901 17.8651 5.2416 0.000041
0 626.5764 49.6957 23.9709 38.9062 0.000041
0 281.0604 219.8090 18.7736 27.8204 0.000041
0 343.6516 72.2878 24.7037 29.6329 0.000041
0 325.9375 69.5547 17.0464 31.1470 0.000040
0 634.9335 285.3731 9.9810 42.7808 0.000039
0 404.2456 411.8828 12.5209 27.4664 0.000039
0 264.9825 440.6168 19.8123 24.9290 0.000039
0 267.4146 449.1954 20.8453 37.1569 0.000038
0 353.1038 95.0992 19.1635 15.3479 0.000038
0 304.3606 287.9586 26.3509 15.5610 0.000037
0 88.0532 4.1132 23.4699 8.2264 0.000037
0 286.5029 268.0165 18.6782 16.6830 0.000037
0 527.0356 502.3257 19.9321 19.3485 0.000036
0 95.1767 506.1937 21.8083 11.4868 0.000036
0 6.6076 78.5558 13.2152 63.4518 0.000036
0 211.5638 305.1059 14.6272 21.3605 0.000036
0 3.2877 381.4363 6.5754 53.2448 0.000036
0 2.6844 267.1602 5.3688 33.1712 0.000036
0 410.1186 507.7424 29.7328 8.5152 0.000036
0 308.5867 496.4662 26.8264 31.0676 0.000036
0 637.5201 455.4740 4.9597 36.4316 0.000035
0 520.3013 493.2818 21.7937 34.6706 0.000035
0 536.2904 503.8279 21.7517 16.3442 0.000035
0 336.4780 100.6297 20.9208 27.5853 0.000034
0 492.4397 336.6029 21.6373 29.5112 0.000034
0 46.8119 507.4977 26.4530 8.9554 0.000034
0 636.7812 162.3115 6.4376 39.9876 0.000033
0 83.2417 3.7353 14.0510 7.3886 0.000032
0 1.8327 243.8392 3.6654 30.1192 0.000032
0 441.7213 92.6694 17.0269 18.4277 0.000032
0 628.0903 341.5925 17.4210 30.1221 0.000031
0 211.7748 2.6255 21.8652 5.2510 0.000031
0 191.9068 17.5041 20.6959 28.3025 0.000031
0 397.4567 414.0192 12.4491 19.5860 0.000030
0 206.9031 508.0554 30.7158 7.6635 0.000030
0 159.9873 19.4577 26.1352 26.0972 0.000030
0 635.4999 169.5999 9.0001 31.3279 0.000030
0 10.2948 118.5616 20.5895 53.7050 0.000029
0 268.9764 3.6063 20.1105 7.1072 0.000029
0 8.7749 22.6842 16.4322 41.5445 0.000029
0 635.8322 345.6646 8.2710 40.4976 0.000029
0 500.3023 159.8950 23.4015 18.9131 0.000028
0 282.0249 457.4684 29.6910 43.4771 0.000028
0 321.8937 483.0051 37.9625 35.1133 0.000027
0 43.7204 382.1552 22.4451 29.7722 0.000027
0 162.5392 509.6215 19.4523 4.7570 0.000027
0 376.2298 428.4454 26.1505 49.7542 0.000027
0 248.8855 508.7448 24.7900 6.5104 0.000027
0 40.7796 503.1475 23.1604 17.2092 0.000027
0 401.0468 427.3321 10.5824 28.0053 0.000027
0 4.7242 38.1073 9.4484 23.8605 0.000026
0 500.9007 167.5801 25.8124 35.4920 0.000026
0 291.9577 271.0601 15.1696 13.4504 0.000025
0 206.6652 25.7049 15.3165 22.0374 0.000025
0 633.2044 343.7194 13.5165 32.4757 0.000025
