0 339.7777 308.4611 15.2397 35.5442 0.859547
0 270.7418 257.8318 17.3560 33.7033 0.824856
0 613.2963 254.2506 18.7044 23.5545 0.194761
0 311.4320 297.3014 9.7160 29.7219 0.063658
0 280.9944 220.2596 12.0287 26.4799 0.054818
0 206.1918 18.0994 19.2090 34.1679 0.030344
0 417.8687 400.7862 19.5720 30.1969 0.029863
0 39.6432 235.4330 15.2832 20.2221 0.019351
0 205.2255 6.6854 20.0558 13.2245 0.012897
0 201.4060 4.2898 19.8392 8.5420 0.011714
0 4.2454 12.5445 8.4907 25.0890 0.009684
0 636.3385 54.1662 7.3230 40.8306 0.007853
0 411.4285 399.6605 12.6124 18.4401 0.006658
0 321.0754 506.3025 20.2310 11.3951 0.005621
0 2.8697 101.8484 5.7393 29.1710 0.005510
0 521.9642 342.0718 29.8241 26.9044 0.004793
0 635.9744 40.6715 8.0511 51.2426 0.004752
0 322.2926 507.9008 22.8391 8.1984 0.004415
0 7.0453 8.7534 14.0722 17.5068 0.003653
0 316.0911 497.9573 24.5241 28.0750 0.003099
0 73.8369 16.6596 23.2454 32.4178 0.001406
0 285.9088 220.5670 19.3198 27.2904 0.001347
0 46.6197 234.2683 18.1729 18.8799 0.001346
0 2.3256 408.5939 4.6462 41.8758 0.001338
0 238.9737 149.1215 12.6099 21.8309 0.001289
0 2.7291 114.0974 5.4581 56.2978 0.001229
0 328.8641 506.1877 24.6186 11.6245 0.001050
0 144.0542 4.3997 14.5343 8.7993 0.001018
0 23.1034 496.8471 21.8621 29.8726 0.000996
0 33.9543 236.6025 19.7121 22.0510 0.000984
0 482.0704 507.9292 28.7936 8.1417 0.000892
0 52.1543 379.4394 20.8276 26.0776 0.000866
0 425.9118 393.6352 16.7582 27.9663 0.000838
0 140.4872 3.5519 13.6592 7.1038 0.000793
0 46.3166 508.5518 20.3826 6.8910 0.000784
0 443.3919 507.9236 22.1364 8.1527 0.000655
0 456.1744 381.2474 17.3988 35.1773 0.000633
0 485.7728 386.4392 14.5575 31.6306 0.000633
0 213.1245 5.0054 26.2802 9.9448 0.000631
0 451.8926 379.5722 14.7724 27.0902 0.000628
0 467.3483 385.5146 12.3874 33.4317 0.000593
0 490.9254 507.2346 25.1328 9.5308 0.000572
0 143.8606 8.3914 14.4137 16.7829 0.000571
0 4.7783 26.9190 9.5551 34.1216 0.000551
0 477.5473 385.7769 21.7667 31.8799 0.000550
0 197.0847 6.1053 20.3398 12.2105 0.000543
0 411.9345 399.9982 15.1797 28.8286 0.000542
0 501.9640 506.8517 34.3921 10.2968 0.000540
0 320.9026 502.9293 25.9910 17.9239 0.000531
0 76.8279 8.5923 23.1406 17.0372 0.000515
0 190.9511 3.5569 19.6066 7.0798 0.000506
0 282.6311 208.1429 12.0932 16.0530 0.000493
0 244.5881 149.2255 18.3493 23.9232 0.000483
0 211.0881 22.5863 21.2769 27.8610 0.000433
0 279.5116 209.8976 10.7189 11.9757 0.000429
0 280.6599 214.3364 11.9274 16.7572 0.000337
0 527.0093 320.2913 39.0592 65.6002 0.000323
0 8.6761 4.4233 17.3522 8.8466 0.000316
0 227.4772 508.0147 20.8961 7.9705 0.000302
0 444.9279 194.0364 13.3488 13.5537 0.000296
0 2.8266 391.9213 5.6532 41.3376 0.000293
0 432.0431 508.2677 25.0779 7.4647 0.000285
0 67.7530 5.5308 22.0370 11.0616 0.000262
0 528.1955 332.1377 32.9961 34.8394 0.000251
0 334.1526 507.4285 25.7758 9.1431 0.000250
0 404.4797 405.4161 11.1831 16.6562 0.000247
0 35.9063 507.8389 27.7894 8.2807 0.000246
0 214.6568 3.0109 24.1524 6.0217 0.000240
0 6.8431 115.4324 13.6863 58.8821 0.000238
0 54.6375 232.7173 19.3238 18.8344 0.000236
0 274.6196 242.7884 17.7982 49.2068 0.000231
0 401.9586 430.1384 10.9592 21.4586 0.000230
0 116.4093 119.2972 16.8281 33.6800 0.000222
0 43.5103 233.8380 11.2113 15.3995 0.000220
0 506.8810 501.4378 39.7882 21.1244 0.000215
0 373.0204 507.7388 16.1121 8.5226 0.000211
0 312.8939 288.8478 13.4599 12.1104 0.000205
0 632.7476 57.6255 14.3434 41.5876 0.000205
0 636.9585 130.6002 6.0325 33.6873 0.000202
0 539.7894 329.7558 19.4584 32.8430 0.000201
0 401.6928 411.8876 11.2916 26.0133 0.000197
0 446.2034 388.3510 17.1193 35.8545 0.000192
0 407.3113 402.5580 13.5710 21.0335 0.000184
0 8.1597 100.8457 15.6384 25.1923 0.000184
0 192.7151 9.0331 21.6968 17.4752 0.000180
0 2.8401 293.7161 5.6214 31.2507 0.000171
0 637.3689 113.8707 5.2616 38.6818 0.000171
0 318.8401 486.0244 29.4323 24.1622 0.000164
0 2.3574 421.6604 4.7147 26.2530 0.000164
0 14.8349 5.7702 24.3553 11.5403 0.000164
0 499.7839 159.2915 21.4143 19.2009 0.000164
0 197.1066 507.9371 20.5037 8.1259 0.000162
0 527.7550 353.3420 24.3573 42.0868 0.000160
0 249.2924 508.1939 21.6264 7.6122 0.000158
0 1.7217 391.6913 3.4433 39.3036 0.000153
0 350.5525 306.9630 21.9939 34.6521 0.000150
0 350.2847 103.5016 16.5204 31.2206 0.000148
0 433.0161 398.6140 21.7183 36.6429 0.000143
0 319.1641 300.8328 21.2369 34.5862 0.000141
0 326.4715 491.2782 22.1662 20.7428 0.000140
0 2.8672 240.3207 5.7344 30.6429 0.000140
0 515.5441 340.4284 17.1748 29.8972 0.000138
0 225.5331 3.5567 18.9824 7.1133 0.000137
0 635.7962 66.4069 8.4076 44.8700 0.000136
0 311.4591 489.4083 31.0349 37.0357 0.000135
0 407.7632 397.8082 17.4182 27.2771 0.000133
0 612.8822 243.8988 20.0281 41.8943 0.000132
0 370.5764 459.2150 17.5747 23.8521 0.000129
0 342.9878 103.2925 27.6075 31.1232 0.000127
0 181.6135 3.1456 18.2622 6.2365 0.000127
0 329.8083 500.8986 20.2603 20.0596 0.000124
0 151.3508 4.8159 23.3258 9.6003 0.000118
0 299.4749 469.2232 24.5526 30.1509 0.000117
0 42.9193 507.0287 22.8629 9.9425 0.000116
0 419.7840 388.9606 19.5182 22.6783 0.000115
0 430.6953 383.9849 15.1650 15.7131 0.000115
0 133.1752 321.9730 20.9885 16.8004 0.000111
0 473.5402 507.5531 25.9529 8.8937 0.000110
0 404.4903 416.8732 12.2111 36.8296 0.000108
0 2.7013 274.4491 5.3740 30.7125 0.000108
0 29.6328 240.3363 15.2309 22.7449 0.000108
0 295.5598 476.8103 18.0958 19.9426 0.000105
0 2.8130 424.0228 5.4713 43.0217 0.000105
0 410.9354 420.7282 16.4586 35.8420 0.000103
0 138.7339 9.1512 13.4066 18.3024 0.000101
0 460.6915 507.7343 30.5260 8.5313 0.000100
0 3.4020 31.3996 6.8041 32.1915 0.000098
0 256.4445 508.3625 24.7968 7.2750 0.000095
0 462.8717 381.7230 17.7599 34.2337 0.000091
0 312.2284 505.8203 33.3532 12.3592 0.000089
0 26.8398 506.2614 25.4384 11.2307 0.000088
0 555.3531 286.8205 26.7949 29.7663 0.000088
0 11.4453 497.2518 22.5716 29.4963 0.000088
0 482.3282 503.6589 31.3520 16.6821 0.000083
0 549.9799 321.8832 22.3058 23.0166 0.000082
0 150.9080 247.1822 20.5226 31.9177 0.000081
0 44.7002 239.8940 12.8812 25.6067 0.000077
0 338.6935 76.3772 32.9500 35.6097 0.000076
0 633.4448 338.0483 13.1105 38.0667 0.000074
0 239.1928 508.1468 30.2272 7.7064 0.000073
0 308.0615 470.3349 30.7664 35.8051 0.000071
0 408.8491 411.6364 16.0117 31.8695 0.000070
0 32.4501 501.8591 32.6752 20.2175 0.000069
0 636.6417 145.7751 6.7082 39.3281 0.000069
0 262.5452 4.8137 22.4916 9.6273 0.000068
0 2.3934 88.6739 4.7867 40.2442 0.000066
0 490.4228 385.7457 17.5509 29.7267 0.000066
0 633.2053 30.9941 13.5894 60.1010 0.000066
0 442.6387 92.9813 16.5269 17.5504 0.000065
0 462.9003 390.1016 13.3862 43.9446 0.000065
0 54.6992 507.9887 28.0690 8.0225 0.000062
0 2.5662 432.4477 5.1324 30.1986 0.000062
0 421.9447 508.2288 28.7155 7.5424 0.000061
0 365.6909 507.6410 21.5287 8.7180 0.000059
0 636.2511 271.9558 7.4979 34.8430 0.000059
0 419.3339 105.4297 22.4914 16.0994 0.000057
0 14.0612 11.0863 22.1024 20.1228 0.000057
0 27.0396 236.5339 21.6700 25.3795 0.000056
0 21.3734 503.6383 17.8104 16.3228 0.000055
0 349.1353 93.9082 12.3761 12.6010 0.000055
0 109.5034 506.0225 18.4586 11.9551 0.000053
0 46.2716 503.3129 19.3551 17.0975 0.000052
0 447.2079 508.9016 21.0546 6.1968 0.000052
0 50.4813 385.1030 17.2607 23.4560 0.000051
0 2.9194 250.7665 5.8387 33.4286 0.000050
0 1.6364 493.1829 3.2728 31.6416 0.000049
0 606.9706 251.5730 30.1318 28.7745 0.000049
0 8.5415 15.8287 16.9776 29.9678 0.000048
0 2.2704 184.3062 4.5407 29.8444 0.000047
0 211.9946 10.4661 26.8054 20.7029 0.000046
0 268.9839 104.0901 17.8013 19.0102 0.000045
0 637.4318 72.3475 5.1364 43.9739 0.000045
0 268.9332 3.9468 18.6824 7.8936 0.000044
0 414.2130 506.3859 26.8442 11.2283 0.000044
0 499.2740 335.5502 18.8750 26.5358 0.000044
0 89.8228 4.2467 20.7225 8.4934 0.000043
0 425.8796 415.6429 18.7455 27.7700 0.000043
0 399.3609 417.4654 11.3627 23.8767 0.000042
0 206.3075 27.5204 14.4447 20.9812 0.000041
0 398.4840 263.2522 13.2257 9.0913 0.000041
0 423.0839 399.1514 22.8679 42.8925 0.000041
0 333.8006 97.9973 15.9655 26.6585 0.000040
0 42.1679 230.9312 15.3406 30.3748 0.000039
0 625.8086 52.4474 25.2351 34.7328 0.000039
0 164.4549 35.7775 25.7911 28.1818 0.000038
0 295.0704 459.0132 29.9923 41.7388 0.000038
0 523.9637 490.3137 18.8307 34.4250 0.000038
0 14.2437 503.0121 21.5504 17.9757 0.000037
0 531.4375 343.1841 24.6318 25.3234 0.000036
0 276.7691 226.2950 14.5121 19.2167 0.000036
0 513.1117 351.7712 20.1091 38.3309 0.000036
0 509.9796 493.6938 40.5521 36.5782 0.000035
0 403.5117 393.0096 17.1071 24.6323 0.000035
0 445.0978 504.4701 23.9758 15.0598 0.000035
0 160.6119 25.6712 26.4843 31.6221 0.000035
0 40.3031 230.9235 14.6792 14.1495 0.000034
0 305.3669 296.6966 17.1996 30.9164 0.000034
0 277.0954 211.4934 15.3058 25.2935 0.000034
0 635.2731 170.0644 9.4538 31.6769 0.000034
0 33.9409 228.6760 21.6530 29.0930 0.000034
0 57.3716 7.0971 30.0446 14.1942 0.000034
0 339.9804 88.0628 28.2663 31.3030 0.000034
0 636.7285 87.1578 6.5430 60.4745 0.000033
0 57.8772 372.0883 16.6885 24.1841 0.000033
0 183.9868 508.7975 27.9948 6.4050 0.000033
0 22.1291 236.5407 17.2792 20.7020 0.000033
0 629.6841 445.1706 20.6317 38.9647 0.000032
0 636.8555 164.6372 6.2890 35.9972 0.000031
0 303.2407 507.3307 26.6758 9.3386 0.000031
0 636.5685 339.9289 6.8629 38.4200 0.000031
0 321.1115 292.4795 20.3380 19.1435 0.000031
0 436.3236 93.6454 22.9716 18.7146 0.000031
0 265.4582 508.6036 21.7579 6.7928 0.000030
0 127.8887 314.9521 19.4178 25.6031 0.000030
0 84.8736 3.6309 14.4146 7.1762 0.000030
0 449.5825 383.1710 24.2551 43.5989 0.000030
0 15.3187 14.4071 28.8286 28.8142 0.000029
0 176.8381 3.0031 17.3599 5.8744 0.000029
0 72.0218 373.2382 18.2392 21.4547 0.000029
0 166.2493 509.1216 19.8003 5.7568 0.000029
0 2.0874 245.5783 4.1748 30.7346 0.000029
0 637.0872 174.8789 5.8256 36.5793 0.000029
0 3.0195 378.6019 5.9048 45.7474 0.000028
0 630.5820 67.3807 17.6729 43.1913 0.000028
0 399.4408 427.4605 11.2745 23.5272 0.000028
0 436.5388 504.2809 22.2476 15.4382 0.000027
0 276.7329 206.5382 12.4858 15.1724 0.000027
0 65.5889 2.5828 14.2822 5.0836 0.000027
0 406.6766 431.7531 15.9464 20.7726 0.000027
0 327.7540 305.7746 25.5972 35.1801 0.000026
0 278.9157 201.7980 14.5850 28.4946 0.000026
0 413.0389 389.2234 18.9569 26.0005 0.000025
