0 415.1999 250.5295 26.9418 68.9347 0.882701
0 586.3486 231.4860 29.9098 94.2956 0.875119
0 74.1794 287.1161 31.8853 51.7682 0.011709
0 171.2176 310.5925 20.1284 22.2762 0.008108
0 173.7654 290.9547 24.2229 61.9915 0.001229
0 170.3071 299.7023 19.2751 43.3291 0.000740
0 633.3899 465.6899 13.2202 88.2257 0.000433
0 636.9735 396.6018 6.0530 165.6161 0.000407
0 634.3892 487.6857 11.2052 48.2069 0.000316
0 636.1728 430.8001 7.6545 146.4559 0.000096
0 5.0631 31.4598 10.1262 62.8136 0.000088
0 567.0424 228.2721 67.2499 91.3810 0.000062
0 630.7962 438.3649 18.3400 139.4522 0.000051
0 591.4578 245.4195 20.0640 65.7063 0.000048
0 4.3476 90.9474 8.6952 49.8608 0.000046
0 176.5665 308.8210 32.2606 26.7358 0.000044
0 7.3869 505.8910 14.6210 12.0559 0.000044
0 12.0104 507.5484 23.9877 8.9031 0.000043
0 636.2490 355.6656 7.5020 105.5028 0.000038
0 632.3002 501.4966 15.3996 20.5389 0.000032
0 7.0427 15.9969 14.0569 31.9659 0.000031
0 11.1842 99.4810 22.3042 65.1696 0.000030
0 636.7759 504.4050 6.4482 14.8577 0.000029
0 637.9796 227.4120 4.0408 58.6913 0.000029
0 3.1705 77.8122 6.3411 41.4120 0.000026
0 7.7737 108.2369 15.5475 94.4538 0.000025
