0 107.3162 265.7844 23.7948 86.6691 0.816489
0 52.1686 262.2848 13.6361 74.7077 0.813653
0 158.8675 244.5580 11.1675 31.9966 0.142687
0 113.4446 260.4953 14.8674 72.2886 0.044083
0 111.4235 231.8269 10.0907 17.4973 0.033095
0 101.8305 254.1720 12.2189 63.3382 0.026208
0 103.4249 229.6985 9.1592 14.2183 0.005058
0 107.6231 252.4048 16.7621 58.8649 0.003037
0 106.3270 237.1034 12.7753 31.1660 0.001377
0 113.2157 236.9053 13.0808 27.0004 0.001020
0 111.5604 248.9319 11.4692 50.7471 0.001002
0 154.4400 241.2009 6.5068 22.5321 0.000595
0 105.5136 227.8171 11.6146 19.7546 0.000398
0 2.4607 262.2259 4.9214 60.4077 0.000176
0 636.7788 273.0297 6.3321 77.7106 0.000167
0 103.9901 276.8954 16.1866 66.0447 0.000149
0 156.2700 255.5465 9.4957 53.4890 0.000127
0 101.8267 229.6533 11.6926 22.1154 0.000094
0 109.7594 279.7614 15.6929 58.4821 0.000051
0 635.9710 258.1530 7.6066 45.6888 0.000051
0 638.0909 282.5580 3.8182 72.8110 0.000033
0 153.9602 246.6174 9.0034 34.1516 0.000030
0 161.2020 237.1185 12.1361 42.4235 0.000025
