0 84.3834 259.2428 15.1970 52.6282 0.859335
0 61.5508 260.6207 12.6220 61.2919 0.843474
0 171.0387 256.6616 7.5331 15.1355 0.050473
0 171.0202 264.3156 7.5647 32.9123 0.005996
0 171.5448 250.1667 6.7848 26.2899 0.001846
0 173.7107 254.1128 12.5063 20.7511 0.000305
0 2.0196 246.6496 4.0139 47.5697 0.000185
0 168.6778 259.0123 10.8774 20.7195 0.000120
0 172.7334 274.5318 11.1717 52.8790 0.000108
0 189.5636 242.2250 6.0984 17.0379 0.000105
0 2.6056 263.2954 5.2112 59.2754 0.000095
0 410.4209 509.1713 18.2496 5.6574 0.000056
0 2.8893 275.9304 5.7786 103.1148 0.000054
0 176.2303 248.9267 16.8108 31.0235 0.000047
0 28.5663 242.9462 7.2490 37.2013 0.000033
0 2.5595 213.4099 5.1189 63.8154 0.000027
0 178.9181 259.6604 22.3229 61.3988 0.000026
