0 275.3854 261.8165 18.9030 48.0558 0.866330
0 548.1752 258.3900 20.2032 55.1697 0.862241
0 176.5432 260.3160 12.7338 54.3597 0.819505
0 313.1269 255.5150 14.1241 46.3467 0.745437
0 259.6651 254.4316 10.6280 49.5741 0.001981
0 578.4593 240.3910 12.6832 37.9245 0.000640
0 2.5747 243.5527 5.1427 35.0238 0.000613
0 637.5461 269.2063 4.9078 79.4864 0.000315
0 3.0719 235.7435 6.1406 52.8264 0.000280
0 630.2976 206.4447 17.7553 47.7164 0.000183
0 2.9943 264.6318 5.9886 73.2935 0.000159
0 1.7913 258.9302 3.5826 38.4280 0.000115
0 636.6677 246.6720 6.3574 37.4650 0.000110
0 258.5557 234.9785 10.6232 23.6704 0.000109
0 541.4872 258.6822 10.4763 52.8621 0.000047
0 3.4935 249.3422 6.8629 35.5991 0.000046
0 256.0220 251.3994 14.1285 50.7034 0.000044
0 280.6379 254.0306 9.0474 31.9236 0.000039
0 329.6890 251.0305 7.2655 33.7310 0.000032
0 539.4530 250.2109 8.0703 37.6444 0.000031
0 635.0782 229.1453 9.8436 44.2968 0.000025
