0 515.3710 269.8398 22.7099 74.3545 0.878093
0 229.4142 267.3064 14.4687 57.4220 0.846587
0 376.3720 265.3813 17.0854 42.8541 0.824079
0 295.4397 261.1872 10.5505 54.8506 0.805602
0 366.8034 253.1761 9.4010 21.6660 0.083774
0 371.0391 244.3891 10.0101 11.4194 0.006978
0 370.5804 250.4432 10.5746 20.7923 0.004089
0 370.9324 243.6744 12.4730 21.4678 0.001623
0 368.7715 261.1816 12.7319 37.9952 0.001091
0 373.0627 253.8791 10.9216 22.5145 0.001091
0 377.6697 255.3851 10.9142 23.0796 0.000375
0 380.3629 259.7108 9.8928 31.3593 0.000217
0 244.6468 261.2132 5.5558 38.2797 0.000196
0 421.0618 245.6129 8.8149 34.0322 0.000135
0 2.8345 283.3174 5.6690 81.0761 0.000133
0 635.6168 246.5057 8.6514 22.6975 0.000133
0 375.6567 245.5636 11.2356 13.1561 0.000097
0 296.9644 269.9803 7.8248 37.4299 0.000083
0 512.0173 257.5007 16.1454 50.5979 0.000066
0 634.7285 215.4782 10.5430 88.7136 0.000058
0 376.5041 251.6731 14.9302 38.3705 0.000051
0 241.0035 264.8651 13.9947 52.6633 0.000051
0 1.8754 308.3938 3.7447 63.6548 0.000046
0 506.5005 235.1263 5.8253 16.7256 0.000041
0 1.4281 282.6577 2.8025 42.3556 0.000035
0 394.9854 256.1182 10.7340 27.7814 0.000032
0 637.0100 269.9733 5.9800 77.0585 0.000027
