0 397.9489 272.1789 25.7726 72.7653 0.889850
0 218.2095 271.1067 13.2518 57.1061 0.796313
0 294.0752 264.9086 12.5023 54.8396 0.760604
0 3.3309 220.6460 6.6598 60.1385 0.002293
0 289.4872 265.3853 17.4177 52.4235 0.000414
0 2.3514 209.8348 4.7028 45.8250 0.000342
0 286.4634 263.6928 9.3275 51.9087 0.000286
0 2.6626 277.8753 5.3252 70.1406 0.000265
0 2.4879 241.4093 4.9759 57.7794 0.000231
0 3.6183 185.7943 7.2275 75.5297 0.000221
0 401.6160 258.0747 16.3401 48.3051 0.000198
0 621.2641 250.2484 11.5736 21.3657 0.000189
0 636.8740 257.0971 5.6519 39.7114 0.000143
0 2.3969 302.6600 4.7938 66.1402 0.000142
0 229.7499 271.1416 5.4951 52.5931 0.000118
0 4.8441 297.2967 9.6881 80.0636 0.000097
0 227.3341 264.6189 8.1282 45.6711 0.000095
0 2.0059 267.0059 4.0118 63.6584 0.000079
0 637.0678 280.2146 5.8644 81.8129 0.000071
0 6.1492 195.1937 12.2817 106.9750 0.000065
0 629.8035 252.1903 12.5750 26.9200 0.000055
0 220.7159 504.8484 60.1304 14.3031 0.000049
0 409.1814 238.9394 7.8660 24.8211 0.000048
0 242.8191 255.6881 5.4273 18.0635 0.000046
0 6.9239 218.2638 13.5442 58.4529 0.000046
0 54.9251 248.7621 7.3000 32.7331 0.000044
0 2.0930 255.9701 4.1860 31.8544 0.000043
0 9.2410 170.9600 17.3686 64.6641 0.000034
0 6.4432 152.8373 10.9546 29.8909 0.000034
0 293.3640 254.6832 7.9849 35.6024 0.000033
0 515.3883 254.1738 8.0873 27.4057 0.000033
0 4.9274 232.1789 9.8548 76.2545 0.000028
0 217.9952 258.9401 9.0215 33.2097 0.000025
