0 351.3725 268.6907 16.6563 49.8616 0.838394
0 453.2489 272.5337 13.9636 72.2874 0.816324
0 265.0059 269.9458 8.7804 54.6162 0.584897
0 269.4876 270.5462 15.9575 54.6387 0.006386
0 636.9688 255.2675 5.9845 31.2808 0.002237
0 276.0140 268.1276 6.0578 47.7686 0.000979
0 5.8115 30.3096 11.6222 59.0493 0.000495
0 619.7383 256.7930 8.6325 32.9742 0.000226
0 347.0248 265.1593 8.7512 37.6197 0.000221
0 637.0939 273.1049 5.8120 70.1413 0.000165
0 5.7716 55.2727 11.5433 95.1434 0.000163
0 5.1925 223.4394 10.3849 59.9233 0.000152
0 356.6985 266.1642 6.0817 47.5389 0.000128
0 2.0443 278.6929 4.0887 57.3653 0.000126
0 289.0630 257.3847 7.1703 22.1988 0.000065
0 562.6427 236.7703 7.9243 60.2667 0.000056
0 637.2808 231.3816 5.4383 81.6403 0.000051
0 263.6160 260.3325 6.5435 35.0017 0.000042
0 354.5040 253.2846 6.5300 31.0225 0.000035
0 1.7635 259.7866 3.5270 47.7631 0.000035
0 637.8245 246.5670 4.3510 27.2945 0.000034
0 359.1186 267.0431 8.9438 51.2753 0.000025
