0 272.8953 281.6968 42.2650 76.4501 0.900298
0 285.4542 267.4154 14.7666 51.6934 0.816098
0 636.0622 280.6765 7.8757 79.3043 0.003540
0 636.2635 261.8744 7.3914 52.3519 0.001476
0 279.3232 269.0162 22.6166 51.4339 0.000654
0 635.1417 250.3740 9.3561 32.0917 0.000493
0 394.1521 251.5813 8.8559 32.4726 0.000376
0 3.0663 246.4965 6.1074 48.9262 0.000354
0 389.1212 253.4676 7.5225 28.3196 0.000323
0 3.3271 271.3487 6.6542 69.9143 0.000159
0 633.0974 270.2050 13.8051 67.7056 0.000131
0 3.7168 209.8060 7.4335 108.1428 0.000123
0 632.5004 246.3247 13.0674 26.9718 0.000110
0 2.9504 188.5360 5.9008 73.5390 0.000103
0 2.3765 297.6050 4.7529 66.2269 0.000076
0 270.5093 264.9768 22.5780 44.9720 0.000070
0 637.3826 273.7193 5.2347 55.7252 0.000040
0 2.2553 275.4759 4.5106 55.7496 0.000030
0 278.2981 301.2022 32.5031 38.1437 0.000027
