0 238.5462 266.2793 10.0734 40.4302 0.633248
0 242.6745 272.6034 8.7580 47.7518 0.265454
0 191.6891 285.8433 7.3199 12.7048 0.059435
0 260.2492 291.3279 11.5913 15.4665 0.008555
0 248.3033 275.1741 16.8327 50.4534 0.006715
0 257.9066 281.6131 12.4585 39.4639 0.002751
0 191.3129 282.1875 8.3057 18.7581 0.001897
0 242.2554 249.5176 7.0608 10.4081 0.001069
0 191.0988 270.3014 8.5301 42.5014 0.000965
0 238.0756 256.2745 7.4637 23.5503 0.000645
0 241.2707 256.9585 10.1320 28.1266 0.000635
0 243.4373 261.4458 7.0186 30.7464 0.000598
0 429.6432 251.7546 8.8588 30.9946 0.000316
0 254.3180 275.0206 16.5911 48.5558 0.000221
0 3.0403 266.8027 6.0806 52.9366 0.000165
0 253.8941 272.3862 6.3119 44.9046 0.000118
0 266.8295 257.6469 5.5013 18.3203 0.000106
0 2.9679 247.4688 5.7456 29.7249 0.000092
0 234.6148 265.6779 11.7384 41.8323 0.000059
0 250.9562 284.0371 18.3675 38.4160 0.000055
0 242.4148 282.6079 11.2203 54.7627 0.000044
0 372.2785 256.4195 5.4549 19.7967 0.000040
0 194.6418 282.3465 12.1362 20.2779 0.000038
0 4.6091 192.1675 8.7644 71.8951 0.000035
0 187.2513 284.6301 15.4478 16.6437 0.000034
0 386.1913 255.0628 7.4089 16.9147 0.000033
0 598.4594 255.0158 8.0078 30.1419 0.000032
0 596.5300 258.9040 10.9492 37.3059 0.000031
0 638.6130 238.5166 2.7739 43.0888 0.000031
0 261.3414 298.3881 14.0755 27.8705 0.000026
0 637.5018 236.3356 4.9963 61.5731 0.000025
