0 380.3980 245.8854 25.8521 47.8308 0.856850
0 589.7247 263.7502 27.6966 47.2256 0.841679
0 231.5855 198.3103 23.8099 56.9206 0.825711
0 637.1133 260.8072 5.7734 52.5155 0.004311
0 516.0706 209.3953 14.2678 25.4219 0.002369
0 443.1593 507.4775 20.8041 9.0450 0.001244
0 88.6106 6.5587 23.3207 13.1173 0.001071
0 637.6736 238.6306 4.6528 48.7107 0.001015
0 231.0191 318.2763 13.2650 41.2225 0.001008
0 164.4603 122.6988 15.9802 31.8564 0.000685
0 237.4219 203.9655 14.0911 44.2398 0.000643
0 483.8091 100.7466 12.1058 33.3108 0.000615
0 636.4171 234.9184 7.1657 53.9373 0.000510
0 636.4294 175.3482 7.1412 46.6176 0.000421
0 77.9381 6.6131 36.9143 13.1980 0.000420
0 9.1135 415.3380 18.0400 52.1486 0.000386
0 519.7963 219.5676 11.9299 10.6295 0.000347
0 100.3645 6.4630 37.8863 12.9260 0.000290
0 636.9513 295.4958 6.0975 42.5069 0.000287
0 160.6560 508.1624 27.5406 7.6696 0.000262
0 40.2170 324.4173 17.1578 19.4415 0.000260
0 637.0071 312.3194 5.9858 31.5411 0.000259
0 619.5396 509.1937 20.0975 5.6126 0.000257
0 438.8607 505.1071 22.7451 13.7859 0.000247
0 385.4220 508.6304 28.4992 6.7392 0.000246
0 2.8972 185.5271 5.7945 26.9356 0.000229
0 634.9009 142.4801 10.1981 31.9656 0.000226
0 636.8040 196.3164 6.3921 53.2542 0.000223
0 637.3424 217.7623 5.3151 46.9677 0.000222
0 87.2864 509.0401 23.0299 5.9199 0.000220
0 3.3498 178.5672 6.6997 37.8919 0.000197
0 4.4835 25.2072 8.9669 46.3572 0.000161
0 4.0243 407.1131 8.0486 55.8867 0.000160
0 637.0952 279.9683 5.8096 51.3001 0.000152
0 3.0612 362.0773 6.1160 48.4764 0.000140
0 462.8054 215.9412 12.2866 20.1425 0.000133
0 22.2207 255.1384 15.3347 22.5658 0.000108
0 36.6175 320.3897 17.5812 22.3857 0.000108
0 635.8979 155.2172 8.2044 55.2190 0.000098
0 172.1892 508.5989 28.0159 6.8022 0.000095
0 433.1671 507.5513 28.4277 8.8973 0.000093
0 241.8405 83.9702 13.0490 21.0603 0.000091
0 232.5248 310.0488 14.0176 24.3396 0.000085
0 446.8427 504.7235 21.0240 14.5530 0.000083
0 607.0883 132.6508 19.8319 35.1872 0.000076
0 5.5509 501.2361 11.1017 21.5277 0.000075
0 146.9190 333.7656 24.6182 45.1196 0.000071
0 4.6208 169.1955 9.2416 56.1200 0.000066
0 131.2616 352.7791 16.7521 35.1779 0.000066
0 15.3712 251.5504 17.9428 23.7942 0.000063
0 402.6579 222.9387 26.4771 84.1470 0.000061
0 635.9100 269.7803 8.1801 59.3251 0.000056
0 3.6077 494.6247 7.2154 34.7505 0.000055
0 68.6311 471.1548 13.1085 26.9283 0.000052
0 631.6659 256.5467 16.4344 52.0741 0.000052
0 520.9393 230.6397 12.7294 29.3331 0.000052
0 189.8256 4.8609 29.9056 9.7218 0.000052
0 13.8838 508.0439 18.5787 7.9122 0.000051
0 26.3288 258.4118 20.8504 27.0149 0.000051
0 2.5282 394.5391 5.0563 51.6026 0.000048
0 507.8000 208.8255 24.0540 27.7967 0.000048
0 3.7824 58.9983 7.5648 75.7875 0.000047
0 154.2254 330.1471 17.1508 37.2990 0.000047
0 3.6571 233.9896 7.3141 58.6745 0.000047
0 49.4825 328.9094 21.8371 24.6906 0.000045
0 142.5324 508.9632 29.3017 6.0735 0.000044
0 3.2716 506.8894 6.5431 10.2212 0.000042
0 323.0212 92.7268 15.3715 33.9281 0.000042
0 2.7259 205.4194 5.4518 58.5955 0.000041
0 590.5991 507.5968 15.7102 8.8063 0.000041
0 1.9385 240.2155 3.8770 44.4963 0.000039
0 2.1621 488.4112 4.3242 45.2106 0.000039
0 224.0616 319.1422 22.3466 43.4847 0.000037
0 501.8955 507.9061 16.3303 8.1879 0.000037
0 490.4452 507.7712 27.3573 8.4575 0.000036
0 399.7918 508.2289 43.1164 7.5422 0.000036
0 371.4958 508.5212 44.8729 6.9576 0.000035
0 7.4662 397.7690 14.1489 46.2217 0.000034
0 420.7317 211.1483 24.3577 48.3414 0.000033
0 629.7771 507.3564 20.4458 9.2872 0.000031
0 518.3604 225.5011 11.7812 22.3201 0.000030
0 131.8608 508.8500 23.5793 6.3000 0.000030
0 500.0142 435.5302 16.2468 22.8804 0.000029
0 2.4465 352.0780 4.8930 39.0901 0.000029
0 6.5436 508.1582 13.0871 7.6835 0.000028
0 21.9631 507.9755 23.4061 8.0490 0.000028
0 453.2823 507.0371 23.5002 9.9258 0.000028
0 462.9615 216.8993 16.8434 28.8591 0.000028
0 637.5376 180.9120 4.9247 42.2361 0.000027
0 2.7376 233.3091 5.4753 39.8567 0.000027
0 449.3586 508.5625 24.5739 6.8750 0.000026
0 3.7446 248.2202 7.0653 26.8332 0.000026
0 206.3453 5.6387 20.0302 10.8580 0.000026
