0 244.1717 287.2708 17.7354 80.7599 0.868688
0 318.4447 281.7280 12.7853 60.8130 0.831043
0 334.5169 283.2534 7.7394 53.2117 0.452285
0 636.8534 250.0081 6.2846 21.8508 0.000859
0 637.4203 263.3639 5.1593 50.4860 0.000252
0 421.0453 257.7490 6.2733 32.5760 0.000207
0 439.4411 252.1956 8.3870 42.1932 0.000107
0 617.0833 250.2456 10.9038 20.8013 0.000066
0 636.8900 231.5879 6.2200 68.7593 0.000045
0 3.8520 265.0159 6.3766 33.8298 0.000028
0 247.7558 254.7042 9.1511 14.1807 0.000028
0 321.3417 257.0988 6.3999 12.2162 0.000027
0 67.6144 246.1454 12.5006 27.3130 0.000025
