0 292.7718 287.6537 15.6720 60.7299 0.851096
0 206.6383 292.6616 15.0016 82.5408 0.844541
0 232.3338 291.2835 16.5850 88.6770 0.843301
0 271.6298 285.4931 12.9289 60.6722 0.799098
0 291.0674 262.1120 13.1025 16.1043 0.028097
0 289.1284 257.7670 11.2391 16.0799 0.011431
0 288.5504 284.8421 9.3469 58.8840 0.001382
0 587.1328 271.2881 7.9990 19.3402 0.000490
0 2.0990 266.8304 4.1980 57.5669 0.000152
0 291.6329 259.3281 9.8768 11.9186 0.000134
0 18.3512 265.0308 9.1795 34.2090 0.000090
0 220.4772 291.8657 34.0130 87.5222 0.000089
0 295.8899 258.5783 13.8777 22.1057 0.000088
0 3.3416 285.3356 6.6832 69.0728 0.000073
0 629.7886 275.3267 13.7114 31.3524 0.000072
0 3.4982 276.6354 6.6270 38.5796 0.000068
0 175.0758 235.6209 7.5481 28.8738 0.000064
0 3.7795 243.0589 7.5589 35.1874 0.000060
0 286.9389 253.3668 9.3092 9.2256 0.000059
0 274.0560 264.8886 8.0791 19.9245 0.000052
0 269.9384 261.8311 8.3632 14.3165 0.000043
0 296.8182 259.3363 8.6694 11.4281 0.000042
0 273.5974 273.9738 9.3987 38.4344 0.000039
0 285.5211 255.7235 11.3019 9.1315 0.000038
0 4.2358 267.4926 8.0797 61.1143 0.000035
0 515.5533 262.3541 5.1548 32.2352 0.000031
0 276.1485 261.9704 5.8046 14.4865 0.000026
