0 213.9725 291.7422 14.5768 82.7897 0.846744
0 239.5312 290.4556 16.8491 88.6084 0.845821
0 299.4438 287.6928 15.3814 58.3245 0.825063
0 278.5242 284.8583 12.5217 59.6343 0.812684
0 297.4653 256.0775 11.2383 15.1147 0.583064
0 636.5652 272.6540 6.8696 24.6815 0.381621
0 636.8681 284.5235 6.2639 57.3742 0.060590
0 295.3859 286.2216 8.3423 56.6628 0.015237
0 301.9336 256.4559 14.0906 16.1509 0.002122
0 302.4627 264.4717 14.0896 24.8890 0.000585
0 291.7167 284.7616 11.3776 58.6500 0.000427
0 632.9015 272.6893 12.9162 28.4474 0.000301
0 634.8079 261.6120 10.3841 49.9308 0.000202
0 300.3514 259.1940 10.4200 16.2348 0.000173
0 2.6241 314.0211 5.2481 97.7720 0.000158
0 229.0947 290.4121 33.2526 88.7176 0.000117
0 281.6513 259.9342 6.8887 10.1589 0.000093
0 280.9145 276.4019 8.6167 43.2777 0.000069
0 292.9684 257.4382 8.9633 11.1743 0.000068
0 4.0139 270.7034 7.3092 35.9570 0.000057
0 632.3144 288.2893 14.9566 71.1096 0.000055
0 631.3828 244.0701 16.9613 81.6539 0.000055
0 304.5582 262.3627 8.5582 11.3865 0.000053
0 277.8057 260.0488 8.5995 10.7950 0.000053
0 3.1438 286.7468 6.0243 63.2844 0.000048
0 303.4991 280.7929 9.6792 45.6327 0.000042
0 1.4295 266.4124 2.8443 48.1923 0.000042
0 278.3600 268.2484 9.9646 27.1003 0.000042
0 637.7452 262.5578 4.5096 44.2062 0.000037
0 9.4622 269.2835 10.0350 33.5778 0.000035
0 275.7539 273.1077 9.0007 37.5101 0.000035
0 284.5411 259.5057 5.4550 9.4774 0.000034
0 635.9006 298.3916 8.1987 119.7514 0.000033
0 285.3790 256.3924 7.0789 9.1310 0.000029
0 539.0752 257.3362 10.9740 34.8770 0.000027
0 289.7839 284.4320 32.4467 63.2859 0.000026
0 286.8263 260.0239 18.2173 20.0531 0.000026
