0 237.4034 290.9042 15.7882 82.7055 0.859029
0 263.3912 289.6391 17.3186 88.7453 0.851017
0 322.8581 286.5887 14.9447 59.4025 0.846076
0 302.0624 283.7589 13.2821 60.7850 0.831018
0 318.8907 268.7596 11.5629 40.6409 0.000410
0 613.8245 271.3365 8.6267 17.9657 0.000251
0 326.0998 293.8080 12.6799 45.7949 0.000218
0 4.1414 313.3355 8.2828 124.1521 0.000122
0 316.5458 252.1549 8.4586 8.6860 0.000111
0 253.2853 290.2324 33.3002 87.3147 0.000106
0 49.4644 265.2143 8.5150 38.4023 0.000100
0 637.0810 288.3638 5.8380 69.7552 0.000067
0 305.6363 256.8835 6.2599 8.6044 0.000050
0 322.6370 266.8618 13.2170 35.9448 0.000045
0 298.5012 257.4495 7.9149 11.3361 0.000039
0 298.3281 262.2497 7.8997 18.7335 0.000037
0 258.3589 292.2817 14.0433 82.7648 0.000032
0 3.8345 37.9851 7.6690 75.9702 0.000030
0 546.6591 261.6128 5.4213 30.8990 0.000028
0 637.6835 121.6342 4.6331 91.3727 0.000027
0 305.4960 269.9102 6.7190 34.3520 0.000027
0 631.5120 122.3376 16.9760 94.8676 0.000025
