0 454.7591 314.3793 23.9215 98.4927 0.876085
0 352.2430 298.7331 9.2867 32.7817 0.688534
0 611.6289 313.0206 8.0993 27.6578 0.425817
0 623.7779 319.7253 32.1883 90.8877 0.090341
0 443.7253 263.9500 8.8670 34.3604 0.020071
0 631.5405 320.9292 16.8109 94.2819 0.006671
0 615.7455 306.5008 16.0328 42.4333 0.005658
0 635.9788 320.1798 8.0067 93.0968 0.002752
0 617.6248 327.6460 19.1005 60.7410 0.002093
0 638.2736 293.8854 3.4528 57.6622 0.001597
0 611.7013 301.1647 9.9267 51.9368 0.001124
0 636.2048 301.0863 7.5895 56.1845 0.001088
0 623.4100 291.2801 32.8473 71.1308 0.000903
0 637.8061 308.0422 4.3876 73.6171 0.000867
0 569.2150 272.4637 9.1921 27.4221 0.000791
0 3.8120 309.2678 7.6240 104.4386 0.000780
0 627.8425 302.7924 23.9193 61.9918 0.000693
0 619.8967 302.0505 24.1299 55.0891 0.000626
0 357.7966 301.4053 19.0563 38.8484 0.000609
0 612.5465 325.8198 10.0148 57.4478 0.000493
0 458.5862 291.4258 15.5374 52.4596 0.000326
0 9.1582 310.5677 17.6394 108.9386 0.000295
0 637.6557 258.3215 4.6886 89.3380 0.000295
0 637.8411 282.7834 4.3179 23.7096 0.000231
0 638.5337 276.3623 2.9326 48.7736 0.000156
0 636.8093 353.6727 6.3813 122.8238 0.000129
0 614.2853 315.2963 13.1852 34.1277 0.000120
0 491.3457 264.4102 12.1877 30.4902 0.000116
0 20.6865 290.0268 12.9819 65.2421 0.000106
0 353.0092 309.4610 11.7423 55.5949 0.000100
0 498.8512 254.9085 12.5502 15.9859 0.000099
0 498.4130 263.1090 14.8663 29.6557 0.000081
0 506.5610 255.0563 14.3927 18.8982 0.000068
0 608.2826 306.8674 14.1082 41.0061 0.000058
0 439.8743 261.0916 13.9763 40.6134 0.000034
0 491.4861 255.3799 11.4598 14.9773 0.000033
0 464.8675 316.1046 33.6473 95.4299 0.000032
0 4.2473 359.4435 8.4946 177.7721 0.000031
0 637.6064 220.1979 4.7798 112.7487 0.000031
0 13.3912 300.5508 16.7680 86.9203 0.000030
0 431.9008 314.8635 18.5278 70.0536 0.000026
