0 456.1539 314.9984 38.8692 96.3846 0.863096
0 344.7782 293.5841 11.1001 65.7007 0.814336
0 599.5468 317.8794 15.8124 90.1625 0.811167
0 560.2168 272.5043 7.7913 27.8212 0.027606
0 635.5390 274.3080 8.4577 31.9540 0.007303
0 611.2755 315.5057 36.9096 96.4469 0.005584
0 437.0179 259.0961 9.5096 43.0471 0.003939
0 2.6267 299.9105 5.1979 79.2727 0.001441
0 3.6487 318.8715 7.2891 122.3956 0.001025
0 164.2061 324.6807 11.7846 82.3972 0.000844
0 10.0406 297.8116 19.3956 83.9037 0.000833
0 600.2366 293.7656 13.1107 44.3070 0.000671
0 479.7852 265.8740 10.9072 32.1286 0.000666
0 595.4493 292.9154 7.0868 20.6131 0.000442
0 602.1519 286.9103 9.2571 30.9962 0.000413
0 4.7792 295.3021 9.4829 90.2997 0.000387
0 499.9374 253.4319 12.5947 18.1720 0.000334
0 635.2490 261.2098 9.2543 60.0349 0.000294
0 472.3912 292.7291 5.7931 37.6443 0.000256
0 7.8188 323.9248 15.5291 132.8716 0.000236
0 635.5920 309.5688 8.8160 98.7621 0.000235
0 598.4413 286.1553 12.4250 27.8948 0.000217
0 492.8176 254.4961 11.8830 16.4546 0.000202
0 603.4013 281.8389 6.8220 20.8133 0.000182
0 201.0299 270.0615 8.6732 27.7966 0.000117
0 8.0816 196.5305 16.1632 108.9669 0.000069
0 2.1144 332.9320 4.2288 104.9439 0.000069
0 484.0887 254.8201 13.3562 15.1567 0.000066
0 471.7124 267.7352 12.7710 36.4682 0.000065
0 634.9933 240.3386 10.0134 84.0730 0.000053
0 10.8270 239.9224 21.6539 198.8338 0.000050
0 621.7264 317.6253 31.7649 95.4344 0.000044
0 471.0279 300.8854 8.1769 66.1945 0.000044
0 491.4302 261.9813 12.1747 28.5092 0.000044
0 472.9407 285.6243 8.1215 36.6559 0.000043
0 350.9142 293.7922 20.7685 69.0522 0.000041
0 463.7440 294.5075 23.6912 55.8123 0.000039
0 19.5935 442.2773 39.0463 139.4454 0.000036
0 637.8718 338.1642 4.2563 61.0058 0.000034
0 345.6190 266.1138 6.2714 11.3618 0.000031
0 453.0636 296.5674 17.6472 59.4583 0.000027
0 16.3067 292.8327 17.4290 72.9585 0.000027
