0 569.7297 303.8122 31.5036 71.1306 0.886522
0 371.6214 308.2451 13.3698 63.7855 0.825591
0 363.6419 288.7369 13.0645 62.3482 0.805015
0 522.6672 295.5623 6.9891 27.0418 0.036241
0 586.1810 274.4370 9.4491 12.4818 0.003332
0 368.8657 284.4975 15.0934 54.5634 0.001712
0 522.3938 308.8957 8.9731 56.5676 0.001118
0 410.2294 265.0200 11.2084 30.1399 0.000541
0 576.1078 274.8260 14.8777 14.1864 0.000386
0 520.1075 298.8656 9.1575 33.3823 0.000296
0 427.6312 255.2351 12.6730 19.6931 0.000257
0 572.1197 274.2671 9.4303 13.8050 0.000226
0 561.1270 290.7661 13.4733 42.4565 0.000226
0 379.1986 305.9600 28.1910 69.0840 0.000186
0 129.2646 271.2927 8.0079 28.4008 0.000161
0 524.0576 299.3241 7.4906 32.7224 0.000144
0 482.4008 270.7933 6.4021 29.9211 0.000129
0 519.5667 292.9146 12.3373 37.2067 0.000100
0 568.0892 280.5088 12.4070 26.6740 0.000087
0 484.4710 272.3685 6.2189 26.5239 0.000079
0 353.3143 279.5741 12.4489 67.1709 0.000079
0 420.9293 255.6175 11.1830 17.3759 0.000078
0 578.9110 295.3586 15.4855 54.1779 0.000077
0 571.9318 281.4561 11.6075 28.3339 0.000074
0 352.5669 256.8177 7.0516 19.9774 0.000071
0 419.6105 260.9476 11.0360 25.1673 0.000068
0 563.6018 284.1706 7.3552 32.7749 0.000057
0 636.7441 309.4596 6.5117 84.5777 0.000051
0 359.3312 283.9913 18.1195 73.3403 0.000048
0 630.5349 153.3802 18.8730 114.5326 0.000047
0 372.6622 294.2390 9.4755 41.4152 0.000041
0 580.6805 273.2738 11.4651 13.6814 0.000040
0 348.7679 254.0608 8.8929 18.4210 0.000036
0 365.0520 273.4662 9.5393 35.6631 0.000034
0 566.2471 288.8375 16.5394 41.3551 0.000034
0 571.9021 275.5670 16.5652 19.0132 0.000033
0 362.7768 264.7545 10.2716 51.4959 0.000033
0 3.2913 323.8325 6.5074 143.9601 0.000031
0 526.6964 295.7914 14.2476 32.1304 0.000030
0 358.2623 272.3872 14.1601 54.2462 0.000029
0 410.3635 257.4496 10.6241 17.6310 0.000028
0 355.8291 257.2743 12.8109 21.1791 0.000027
