0 600.3956 299.5415 18.4880 69.2859 0.843940
0 379.1077 306.3284 13.0654 63.6709 0.821014
0 371.2296 287.2100 12.6978 61.8079 0.788105
0 529.8605 298.4452 7.2010 37.4078 0.108939
0 377.7508 279.4471 13.1167 47.9653 0.001768
0 387.5671 303.0863 29.5723 69.7231 0.001155
0 490.8772 269.9365 5.3356 29.5991 0.000984
0 612.6878 298.8561 21.1954 68.8477 0.000681
0 529.5919 310.4083 9.7055 60.9022 0.000420
0 435.8464 252.2182 12.3431 17.8990 0.000405
0 526.7637 301.6577 11.8238 48.0465 0.000369
0 607.7776 296.0432 14.1260 63.7259 0.000347
0 636.6127 303.1411 6.7746 56.7830 0.000336
0 418.3783 263.4036 14.0802 30.0538 0.000239
0 375.6253 290.3685 14.1625 68.0481 0.000234
0 365.9149 281.2476 16.9070 73.8452 0.000223
0 428.4272 254.7427 11.1012 17.5555 0.000181
0 637.5231 320.0289 4.9538 88.0327 0.000154
0 636.3927 291.9585 7.2145 27.0654 0.000148
0 370.3681 258.0637 6.7361 24.7639 0.000135
0 535.0434 300.1821 14.5787 40.4924 0.000115
0 361.9010 255.7332 9.7930 21.9556 0.000106
0 604.4897 274.6697 8.7837 17.0781 0.000103
0 604.7090 287.1277 9.1971 41.9477 0.000098
0 364.8539 258.2068 11.1613 26.1341 0.000097
0 598.1849 271.2516 8.7034 10.8073 0.000092
0 123.7182 261.3672 8.1674 41.5914 0.000089
0 601.1328 271.6813 9.0464 11.8658 0.000089
0 372.4008 260.2533 7.7029 28.4570 0.000076
0 137.1451 269.2702 8.0779 26.8491 0.000052
0 607.3875 283.5864 8.7195 34.8235 0.000049
0 608.6601 277.7898 12.2142 26.5520 0.000047
0 419.0609 255.2709 11.4261 16.2532 0.000046
0 356.4053 251.7317 8.3807 25.9254 0.000046
0 523.0229 306.4622 20.2815 61.8240 0.000044
0 635.9869 231.6679 8.0261 78.3987 0.000038
0 358.9333 254.6329 5.8255 20.8989 0.000036
0 635.4154 254.7527 9.1692 66.5905 0.000035
0 371.1714 253.9567 9.2212 34.9378 0.000029
