0 386.1430 302.4617 13.4132 74.2421 0.811096
0 377.1157 288.9978 15.0896 63.9840 0.808846
0 303.8137 287.9298 8.7521 46.8566 0.636529
0 536.9470 297.6742 6.7376 31.1992 0.011981
0 395.8399 302.3406 32.6583 75.0485 0.001376
0 498.6207 271.1979 5.8116 27.9310 0.001352
0 382.7086 294.8404 13.2922 68.0613 0.001286
0 637.7757 309.6984 4.4488 63.9016 0.001024
0 637.8826 274.6471 4.2348 49.2464 0.000918
0 638.4092 295.6851 3.1815 28.5125 0.000649
0 637.3920 239.9545 5.2160 99.6047 0.000307
0 423.4230 265.7098 10.5553 30.5223 0.000282
0 537.1454 311.8428 10.2646 63.3732 0.000175
0 637.7366 288.3780 4.4999 26.9401 0.000170
0 298.3672 289.1802 18.5098 47.1518 0.000157
0 500.2854 272.7953 7.5945 27.6850 0.000137
0 636.5662 323.0827 6.8676 95.8832 0.000119
0 3.8668 331.6980 7.7336 156.2602 0.000109
0 435.5564 258.7574 12.9955 21.5754 0.000098
0 440.9923 257.1382 13.8424 20.5324 0.000072
0 534.2713 297.2709 10.0935 37.0796 0.000058
0 636.6263 134.8032 6.7473 53.0793 0.000041
0 363.4929 251.6651 8.2393 26.7362 0.000029
