0 73.0065 393.6874 51.6851 113.5716 0.898273
0 211.7639 354.9572 44.5037 92.2497 0.898120
0 460.9761 294.6366 24.2344 105.4086 0.823172
0 6.4560 199.6507 12.9120 72.5919 0.004115
0 6.9194 182.5241 13.8005 21.5176 0.003856
0 156.6058 375.8688 14.6208 55.9013 0.003569
0 637.4356 241.4125 5.1283 105.7875 0.002423
0 7.7017 330.5335 15.1318 57.3226 0.002142
0 226.7921 357.7663 16.2301 79.4421 0.001430
0 6.3731 357.3497 12.7273 72.9322 0.000913
0 2.9501 433.9617 5.9003 80.7501 0.000848
0 6.6379 168.2568 13.2759 53.2951 0.000773
0 200.4329 354.9700 22.7291 91.2365 0.000359
0 636.8874 309.7746 6.2251 96.4239 0.000297
0 637.0095 207.0966 5.9811 104.5145 0.000254
0 637.0038 274.2328 5.9923 121.0658 0.000183
0 636.4692 372.0261 7.0616 116.0723 0.000152
0 1.9137 448.2994 3.8274 57.8867 0.000137
0 636.1184 335.1560 7.7631 113.5961 0.000127
0 638.2299 300.6411 3.5402 94.0590 0.000115
0 3.5907 398.7092 7.1589 103.6058 0.000053
0 472.3218 295.9611 7.7112 86.7572 0.000046
0 226.5311 331.2930 13.9508 24.0765 0.000040
0 152.3427 352.7117 22.7553 97.2911 0.000037
0 5.6746 467.6751 11.3492 88.6498 0.000036
0 163.4613 384.1257 27.5659 68.0354 0.000030
0 6.7982 139.9243 13.5965 105.0654 0.000027
0 2.0445 417.0428 4.0890 79.0128 0.000026
0 468.5717 294.6141 13.5249 101.6006 0.000025
