0 297.0288 287.6629 52.3600 49.5420 0.885001
0 242.9827 255.8745 21.6006 78.8351 0.860191
0 269.2013 261.3337 36.5149 76.3347 0.852162
0 514.8988 242.9399 13.4832 34.5163 0.015653
0 9.5851 251.6718 19.1701 90.9236 0.001938
0 426.8758 242.4820 25.1487 56.7083 0.000592
0 503.4498 225.5724 37.1442 66.3780 0.000489
0 4.0522 257.6501 8.1044 96.5669 0.000279
0 489.0813 225.0111 16.4514 59.5737 0.000255
0 3.7677 443.6969 7.5353 67.8315 0.000211
0 283.8436 270.7489 20.5406 60.3679 0.000205
0 3.9574 405.7841 7.9148 134.2921 0.000171
0 2.7910 363.2595 5.5820 142.8964 0.000164
0 513.1332 226.4465 18.0581 64.4224 0.000160
0 327.3353 239.9329 23.9098 47.4789 0.000158
0 76.8240 257.8348 16.3271 66.2133 0.000158
0 315.0264 301.1567 16.0032 21.1768 0.000134
0 2.6403 378.8428 5.2806 79.7101 0.000121
0 9.9336 191.9667 19.8673 88.2343 0.000093
0 505.2477 240.0641 29.4513 45.5393 0.000066
0 426.7628 242.5707 13.7439 57.8697 0.000058
0 69.1509 255.2470 30.9951 69.5929 0.000053
0 3.5767 324.5519 7.1534 109.1211 0.000052
0 256.5968 263.1072 14.9327 70.3611 0.000045
0 297.1785 334.7130 52.4279 140.8431 0.000042
0 282.1201 288.4570 20.9695 47.3516 0.000040
0 479.4309 10.2452 25.6862 20.4903 0.000030
0 10.1685 457.9561 20.2029 107.7323 0.000027
