0 443.7217 267.3344 49.4546 130.0936 0.909124
0 563.2930 251.2719 25.1313 75.2999 0.873085
0 319.6237 332.7038 27.1041 41.5991 0.870959
0 488.0661 273.8092 26.7659 69.1962 0.869565
0 625.2061 109.8566 29.5593 78.1205 0.001332
0 2.8093 391.2415 5.6185 86.4274 0.000425
0 625.6561 87.9782 28.5003 34.4619 0.000188
0 312.7420 334.1559 13.5641 37.2998 0.000148
0 5.2015 8.7225 10.4030 17.4451 0.000099
0 557.5607 247.0485 13.8490 66.3361 0.000076
0 3.5162 18.2842 7.0323 36.5287 0.000071
0 4.2422 434.6232 8.4843 141.2946 0.000064
0 632.6215 272.5844 14.7570 101.1461 0.000063
0 340.3987 10.4664 27.6300 20.9327 0.000051
0 3.0603 364.9854 6.1206 86.4558 0.000048
0 9.8639 7.5774 19.7277 15.0857 0.000044
0 4.6772 482.5026 9.3544 58.9948 0.000044
