0 432.2693 281.5471 38.7565 92.8406 0.907242
0 486.8348 271.8538 28.6955 64.9488 0.876366
0 562.6212 254.9705 19.8899 61.3642 0.827409
0 310.1725 339.5464 21.8165 28.8563 0.821249
0 264.5541 303.3803 26.8018 97.2051 0.015396
0 626.0520 114.7858 27.8958 88.3702 0.002762
0 3.2504 380.2813 6.5007 62.0984 0.001133
0 627.8163 90.3688 24.2941 40.3179 0.000401
0 4.3639 8.2789 8.7278 16.5578 0.000185
0 5.0678 442.7326 10.1356 138.5349 0.000170
0 3.2713 17.3692 6.5426 34.7006 0.000117
0 340.7263 10.6337 28.1514 21.2674 0.000110
0 3.1024 401.2484 6.2049 114.3692 0.000102
0 4.5642 485.6177 9.1283 52.7646 0.000093
0 9.1027 7.2980 18.2054 14.4540 0.000091
0 635.2117 21.8391 9.5766 43.6455 0.000071
0 7.2127 382.3424 14.4254 59.8118 0.000057
0 638.2215 28.5395 3.5570 43.8214 0.000055
0 636.6863 43.4343 6.6274 59.4143 0.000052
0 424.5540 249.8752 24.3241 29.9651 0.000039
0 635.6691 78.7760 8.6619 42.4367 0.000039
0 309.8089 352.5824 22.1583 53.6219 0.000035
0 158.6334 508.2112 31.6749 7.5776 0.000030
0 266.5141 341.5262 16.7633 45.1746 0.000029
0 337.4921 4.9813 27.5097 9.9626 0.000029
0 2.2187 403.3489 4.4373 80.2123 0.000027
0 633.2253 276.5990 13.5493 96.2859 0.000026
