0 615.6238 246.3621 48.7523 165.1939 0.899460
0 322.7289 243.2601 39.4021 119.8468 0.897624
0 31.9840 275.6498 44.1490 98.5516 0.876723
0 3.9200 399.0570 7.8401 152.8265 0.003983
0 637.0620 452.1843 5.8760 71.0555 0.000851
0 637.2133 422.1860 5.5733 57.3516 0.000661
0 635.2356 254.1706 9.5205 135.4320 0.000452
0 296.3219 13.2832 36.5737 26.5347 0.000367
0 636.1358 477.4760 7.7285 62.6428 0.000312
0 636.7570 241.2993 6.4860 99.7973 0.000253
0 3.7802 436.8670 7.5605 89.5032 0.000187
0 637.4857 400.8494 5.0285 59.7814 0.000172
0 595.6991 27.5092 31.4917 54.8247 0.000147
0 635.0347 495.8966 9.9306 32.2067 0.000144
0 90.0145 184.0460 42.4292 75.2329 0.000139
0 628.1464 264.7060 23.7072 123.3552 0.000127
0 3.1948 399.5922 6.3896 91.7263 0.000121
0 8.6603 397.3581 17.3206 158.0607 0.000098
0 98.8118 178.8769 26.2790 64.1635 0.000097
0 597.9423 7.5513 33.4481 15.0136 0.000089
0 92.7983 169.2649 38.4926 47.5185 0.000083
0 3.0927 366.9056 6.1854 98.4131 0.000069
0 637.4425 138.5066 5.1150 59.1781 0.000068
0 357.4341 4.3509 18.6477 8.7018 0.000061
0 594.6075 14.4853 28.9796 28.3491 0.000058
0 175.9181 266.3250 25.5398 50.7326 0.000056
0 520.7462 6.2764 26.3788 12.5060 0.000051
0 286.3584 13.1876 18.9467 25.4467 0.000048
0 585.6037 17.3807 23.2618 34.5828 0.000048
0 633.2439 277.5337 13.5122 100.9503 0.000045
0 55.4434 95.0603 40.8155 63.4229 0.000043
0 631.7203 478.8380 16.2675 65.2745 0.000039
0 330.9957 263.3944 21.3290 76.1355 0.000039
0 98.6102 162.8023 27.4226 33.2099 0.000035
0 34.7894 79.7818 26.9123 32.2850 0.000034
0 3.3552 293.7434 6.7103 66.3413 0.000034
0 168.8275 270.6669 47.0492 67.5479 0.000033
0 585.7191 7.8135 21.8262 15.3660 0.000032
0 256.6609 310.5136 38.3884 51.5055 0.000032
0 612.4364 4.7285 18.8281 9.4570 0.000029
0 1.8062 286.3983 3.6123 73.6239 0.000029
0 296.5735 4.1042 36.4286 8.2084 0.000028
