0 545.1462 242.5938 67.7260 160.4754 0.895815
0 400.5325 239.2160 36.9984 120.9962 0.879217
0 110.9826 280.7061 32.8244 95.4015 0.866321
0 323.1538 243.6941 22.4833 74.3054 0.848784
0 521.4268 214.8551 21.6711 103.3375 0.000914
0 251.8715 265.4013 32.1105 50.9637 0.000681
0 507.9021 222.5308 45.6768 116.9636 0.000523
0 51.9878 8.9190 25.8287 17.8246 0.000366
0 17.1996 23.4538 33.3668 46.8713 0.000337
0 531.5801 223.5646 42.0850 122.7049 0.000255
0 53.4861 15.3758 26.6759 30.7516 0.000248
0 172.0372 169.3361 26.1136 38.3635 0.000228
0 637.0333 338.3047 5.9333 92.2954 0.000193
0 12.2196 12.5692 24.4365 25.1384 0.000186
0 637.0009 379.3929 5.9983 84.0476 0.000180
0 9.0236 23.3438 17.9942 46.6875 0.000161
0 566.8909 262.8471 25.8850 120.3345 0.000160
0 50.5986 4.5527 25.2851 9.1043 0.000116
0 39.3228 5.9306 42.3267 11.8612 0.000100
0 17.6030 5.8861 33.5353 11.7722 0.000097
0 21.2625 11.3804 39.7994 22.6979 0.000092
0 393.8227 6.3267 23.4445 12.6533 0.000064
0 360.7141 12.0057 27.9928 24.0114 0.000052
0 637.3640 412.0034 5.2720 72.6512 0.000042
0 591.4246 3.5748 32.3423 7.1497 0.000040
0 4.1529 464.7029 8.2689 40.3589 0.000036
0 405.4677 507.9365 28.4929 8.1270 0.000034
0 635.4424 468.9783 9.1152 82.3562 0.000034
0 382.0187 5.3952 38.6403 10.7903 0.000030
0 18.5074 268.4040 18.5814 40.5828 0.000028
0 208.0949 12.9845 22.3141 24.9690 0.000026
0 2.9550 218.1375 5.9100 105.7109 0.000026
0 456.3321 508.0935 26.4974 7.8129 0.000026
0 636.6950 245.4013 6.6100 92.6277 0.000025
0 636.6973 293.7826 6.6053 95.4434 0.000025
0 3.4114 261.5513 6.8228 58.1071 0.000025
