0 506.2268 285.0955 45.0648 87.3995 0.901155
0 398.4992 237.5870 38.0845 119.6622 0.900953
0 124.0851 280.2111 52.2508 87.9339 0.892119
0 322.6004 230.8415 20.0798 48.5367 0.821567
0 250.2020 262.2128 34.4121 58.1867 0.026747
0 637.2717 338.9465 5.4566 91.9259 0.000442
0 637.1644 372.9597 5.6710 74.4243 0.000317
0 636.9135 283.5432 6.1731 84.8067 0.000313
0 324.9113 302.5124 32.5427 50.2833 0.000269
0 46.0383 4.3844 27.4962 8.7604 0.000257
0 48.4094 12.2640 26.4103 24.5279 0.000217
0 637.2478 397.9473 5.5043 82.1350 0.000213
0 362.2577 9.7484 36.0378 19.4968 0.000203
0 392.3218 9.7336 20.8397 19.3970 0.000179
0 385.7247 7.3311 28.9975 14.6622 0.000150
0 636.1436 497.8143 7.7127 28.3715 0.000116
0 636.1637 473.4773 7.6726 74.4964 0.000112
0 126.2235 101.0299 34.9012 59.0439 0.000078
0 13.6288 5.1210 27.1377 10.2419 0.000074
0 428.4605 4.0104 23.7678 8.0021 0.000068
0 404.8625 259.0108 25.8829 76.0555 0.000061
0 4.1166 426.6364 8.2331 71.0481 0.000060
0 637.4053 251.5174 5.1894 75.7571 0.000055
0 376.3340 6.6541 31.2135 13.3082 0.000048
0 32.1649 4.2829 40.3173 8.5658 0.000040
0 331.8234 132.3621 23.2394 18.7531 0.000039
0 433.8517 6.2102 31.0649 12.0168 0.000036
0 192.5690 258.4764 16.4412 33.4275 0.000035
0 5.2965 22.9988 10.5930 45.3720 0.000034
0 305.4757 123.3346 22.1899 38.1447 0.000033
0 413.5075 4.8313 22.8787 9.6626 0.000032
0 95.9228 13.1303 22.5230 26.2606 0.000031
0 325.1437 133.7883 31.0479 25.3257 0.000030
0 637.0762 487.6386 5.8477 48.7228 0.000030
0 329.7896 155.9512 28.3111 65.6298 0.000029
0 213.1996 507.6198 38.3346 8.7604 0.000027
0 376.0664 508.6447 37.8763 6.7105 0.000027
0 3.4703 316.4830 6.9246 91.5436 0.000026
0 399.0034 507.5970 29.4094 8.8060 0.000025
