0 506.3929 283.8030 46.0524 90.1815 0.903404
0 395.8128 238.9644 40.6554 120.9007 0.891471
0 121.0029 278.2313 56.5194 92.1801 0.889054
0 159.9836 282.6912 26.9542 62.0437 0.851532
0 249.0320 260.1822 31.3043 50.1377 0.012648
0 637.2441 355.3159 5.5119 87.7062 0.000495
0 636.8040 280.1018 6.3919 86.5918 0.000285
0 637.2370 406.4517 5.5260 84.5217 0.000266
0 363.5098 9.9230 38.6848 19.8460 0.000266
0 103.8272 276.7745 23.2982 87.6022 0.000265
0 387.6392 7.2256 28.4024 14.4511 0.000219
0 9.1016 20.7683 18.2032 41.5366 0.000204
0 48.2675 4.5720 30.1253 9.1248 0.000149
0 637.2849 252.9709 5.4303 75.1251 0.000139
0 3.2746 319.6589 6.5492 93.1939 0.000111
0 372.7968 6.3274 33.4681 12.6340 0.000106
0 397.3797 7.5713 31.3878 15.1427 0.000088
0 3.9071 426.7695 7.8142 73.7837 0.000078
0 426.9272 3.6863 21.6918 7.3546 0.000070
0 637.3357 380.1042 5.3286 89.7817 0.000061
0 26.7580 4.7987 48.8926 9.5974 0.000058
0 636.1063 467.6952 7.7873 88.6096 0.000053
0 262.3150 174.2258 19.0303 25.9611 0.000051
0 100.0754 266.3481 18.9942 72.3755 0.000046
0 20.5523 20.4136 40.1934 40.8272 0.000036
0 413.6731 4.1764 22.8364 8.3528 0.000034
0 383.8097 508.1821 40.2465 7.6358 0.000033
0 434.5013 4.5185 30.2027 8.7105 0.000033
0 242.7092 271.2741 48.1081 74.4764 0.000033
0 4.1707 462.5452 8.3255 45.2015 0.000031
0 26.3502 10.3708 51.0622 20.7416 0.000030
0 213.8889 507.3534 36.6887 9.2933 0.000029
0 97.1405 284.8649 10.6610 53.9197 0.000028
0 242.9868 3.1431 20.5859 6.2292 0.000027
0 319.5396 507.3824 36.3834 9.2352 0.000027
0 637.0767 431.6013 5.8467 82.6074 0.000026
