0 166.9661 321.6482 18.8799 66.1537 0.768412
0 149.7600 326.4836 25.4384 64.5614 0.645097
0 370.0306 321.6703 33.8252 39.9618 0.476740
0 243.0396 311.7735 20.4283 71.3197 0.214462
0 244.3767 290.6465 17.9296 29.1619 0.005982
0 422.0334 321.4662 19.9308 33.8694 0.005583
0 70.3807 343.4989 21.6491 46.6549 0.004147
0 247.2377 287.9896 11.9645 21.8496 0.002534
0 514.3572 7.9748 23.4590 15.9455 0.001016
0 629.2042 5.1871 19.3057 10.3377 0.000560
0 2.7278 325.5595 5.4556 88.7397 0.000514
0 76.1733 334.4194 22.4831 66.0139 0.000398
0 4.5190 310.5377 9.0379 72.2209 0.000300
0 369.8693 302.6740 36.4722 80.7153 0.000210
0 615.7778 399.3618 48.4445 211.7208 0.000189
0 504.9016 8.2743 44.5751 16.3286 0.000180
0 635.4489 259.4476 9.1022 54.5179 0.000163
0 625.1020 7.6139 26.8978 15.2279 0.000141
0 2.6916 364.7571 5.3833 83.3482 0.000141
0 620.5902 5.2518 30.6815 10.4778 0.000113
0 632.2877 11.4573 15.4246 22.9146 0.000105
0 1.9111 213.6967 3.8221 70.2614 0.000077
0 3.1778 295.1736 6.3556 49.9935 0.000076
0 160.5735 318.1108 20.4361 64.1520 0.000073
0 636.0356 286.0943 7.9288 77.4645 0.000066
0 627.7939 415.7301 24.4122 191.6034 0.000064
0 516.3173 17.1386 26.1866 34.2764 0.000053
0 3.6991 176.5829 7.3982 73.9802 0.000053
0 1.7661 338.6116 3.5323 71.7355 0.000049
0 6.2242 17.2162 12.3563 34.4324 0.000046
0 511.3045 4.9512 24.7563 9.8159 0.000045
0 21.1452 295.9489 42.2502 35.1475 0.000044
0 1.6729 195.1143 3.3459 60.7297 0.000037
0 473.0998 295.8209 23.6326 92.3491 0.000036
0 635.6051 186.8528 8.7899 78.3074 0.000034
0 636.8461 323.7390 6.3077 83.4220 0.000032
0 378.3136 318.6792 16.6064 34.1270 0.000032
0 185.8987 307.4866 48.8724 90.0414 0.000031
0 525.8472 10.0489 48.4758 20.0251 0.000026
