0 140.0915 236.7023 39.7005 139.1856 0.889944
0 468.4292 311.1031 19.7272 49.7813 0.822482
0 476.9085 269.8227 41.1696 131.8160 0.725172
0 488.8580 302.6721 18.2089 52.4171 0.678025
0 620.3233 421.7623 39.3534 179.8516 0.059081
0 622.8794 300.4481 30.2606 23.5962 0.002472
0 615.6931 363.1966 48.5977 181.7078 0.001667
0 628.7378 444.5075 22.5245 134.9851 0.001070
0 630.8601 17.1061 18.2797 34.2122 0.000200
0 137.0022 266.6273 33.7679 78.3450 0.000142
0 636.6026 282.1009 6.7458 58.3336 0.000141
0 85.8262 223.8841 29.7402 68.4484 0.000135
0 622.9204 319.2726 34.0337 61.5244 0.000094
0 636.0861 260.6872 7.8278 64.0417 0.000092
0 629.1280 104.1361 21.6818 69.3017 0.000078
0 483.0543 250.9492 28.2424 88.8872 0.000074
0 71.5960 227.3731 27.3440 74.8063 0.000070
0 635.2245 455.5811 9.5510 112.8379 0.000063
0 636.2111 300.0920 7.5778 44.0094 0.000057
0 627.2219 10.8673 25.5562 21.7346 0.000053
0 626.9904 30.1250 25.8237 60.2489 0.000046
0 408.3608 18.6612 48.3273 37.3223 0.000044
0 635.8330 323.8209 8.2747 82.5520 0.000040
0 625.4413 299.2565 28.4095 37.8502 0.000038
0 513.6666 434.1652 72.3007 136.2866 0.000036
0 467.9062 295.4584 22.0223 76.2203 0.000027
