0 220.3875 178.0264 30.8760 65.8081 0.887325
0 428.7534 235.0452 30.7723 83.4005 0.873038
0 136.4393 154.6002 34.6917 82.2753 0.866557
0 89.1255 11.4456 38.8196 22.8796 0.000858
0 4.9102 145.9483 9.8204 86.4915 0.000725
0 9.1825 149.0577 18.3547 85.8615 0.000719
0 389.2730 13.5692 20.0269 27.1384 0.000312
0 636.4058 268.0458 7.1884 79.9099 0.000242
0 636.7561 407.1550 6.4878 85.3576 0.000234
0 3.5112 175.9033 7.0224 127.7366 0.000138
0 636.8865 378.0884 6.2270 65.1511 0.000128
0 378.4822 13.2669 40.0155 26.4111 0.000117
0 627.7256 4.3545 24.4287 8.7090 0.000114
0 636.5168 149.3900 6.9664 64.7124 0.000103
0 637.6195 280.2853 4.7610 63.0309 0.000087
0 634.1009 193.8698 11.7982 70.8015 0.000056
0 3.8592 122.9113 7.7184 127.3683 0.000046
0 127.7959 153.7302 18.7271 80.6048 0.000044
0 636.8503 135.3065 6.2994 46.3177 0.000043
0 636.0681 214.8952 7.8638 62.9612 0.000037
0 287.7611 3.8876 37.3580 7.7752 0.000036
0 475.1093 507.1794 27.0474 9.6124 0.000035
0 452.6873 507.3433 21.7469 8.5444 0.000032
0 227.9098 157.8803 18.3957 25.1158 0.000026
