0 77.5173 323.6832 36.2568 36.8553 0.862118
0 167.5298 331.0804 17.7561 45.1241 0.827171
0 629.6615 447.6206 20.6690 124.6693 0.017035
0 172.9438 340.8063 20.3357 66.1412 0.002472
0 511.9459 468.6661 31.1399 85.6839 0.001856
0 189.8661 342.1930 46.2974 67.3846 0.000942
0 634.6266 442.6404 10.7468 125.0963 0.000870
0 631.7793 418.8666 16.3573 75.7423 0.000827
0 633.4157 402.9370 13.1300 122.7909 0.000777
0 173.7275 7.2568 22.6177 13.9765 0.000599
0 8.1317 18.8240 16.2617 37.6480 0.000448
0 165.9957 7.2607 22.0046 13.3120 0.000434
0 638.0569 395.4120 3.8862 95.2370 0.000399
0 636.8561 444.8719 6.2878 113.8861 0.000306
0 635.8848 398.6898 8.2302 87.0187 0.000302
0 529.1036 469.5866 56.4270 84.6008 0.000202
0 399.6298 209.6746 21.0569 65.4464 0.000168
0 620.3493 481.3411 38.4655 61.1628 0.000135
0 536.8179 472.0352 30.2610 78.2076 0.000134
0 622.7250 426.5297 34.1527 159.8866 0.000120
0 522.5166 467.9681 26.1797 84.9613 0.000106
0 514.4832 506.9701 37.5557 10.0597 0.000098
0 523.3035 503.7625 48.0758 16.4751 0.000091
0 174.9497 355.6972 16.9041 36.3710 0.000083
0 182.8516 8.2895 39.7859 16.4462 0.000079
0 547.4302 472.6605 29.5083 78.4738 0.000078
0 10.4906 4.0302 20.9812 8.0604 0.000076
0 623.8680 319.2591 32.0924 78.6304 0.000070
0 532.7709 286.8852 24.1499 54.0618 0.000067
0 7.1009 30.8930 14.2018 26.3576 0.000067
0 531.5527 497.2187 50.7766 29.5626 0.000067
0 2.8407 226.0352 5.6814 74.2789 0.000058
0 496.4333 469.4114 47.8234 84.6509 0.000058
0 7.4697 40.6076 14.9394 35.2737 0.000044
0 617.0428 395.5571 40.8032 117.0457 0.000044
0 3.3157 369.5402 6.6313 123.7361 0.000043
0 522.1575 508.3150 27.8978 7.3699 0.000040
0 635.6040 320.9303 8.7919 80.9133 0.000037
0 10.4667 10.4742 20.3237 20.8777 0.000033
0 627.0640 279.1823 25.1670 167.6867 0.000032
0 566.0367 506.2840 51.9573 11.4320 0.000031
0 512.9301 495.0717 31.0029 33.7929 0.000028
0 562.1030 475.5261 46.4691 72.5437 0.000027
0 8.1412 506.9003 15.8132 10.1993 0.000027
0 408.7867 218.5786 36.7853 83.5981 0.000026
0 17.9992 3.3396 33.5070 6.6489 0.000026
0 14.6192 6.0734 29.2383 12.1468 0.000025
