0 216.3721 349.0001 25.3369 79.1674 0.840838
0 101.9034 491.8554 31.2061 40.2693 0.133752
0 418.8648 456.2957 45.0441 109.2567 0.112559
0 90.7363 490.4168 42.0596 43.1564 0.087036
0 634.4994 69.3228 11.0011 95.8517 0.041008
0 635.0206 89.6223 9.9475 55.5883 0.024451
0 77.2493 235.9484 42.6031 98.7414 0.010399
0 94.3527 478.3615 18.6227 17.7325 0.008076
0 96.4429 484.7004 23.7083 30.1245 0.004920
0 67.2272 208.2020 22.1423 46.3903 0.003868
0 629.2491 66.4379 21.5019 101.4352 0.003445
0 89.7691 481.4689 22.8341 24.8876 0.003109
0 306.7970 477.9936 78.4583 67.9694 0.003041
0 88.8907 245.7364 21.3359 78.6407 0.002012
0 420.1606 491.2784 43.0522 41.4214 0.001825
0 635.2993 43.0403 9.3940 64.3741 0.001567
0 635.3841 105.5742 9.2186 109.7540 0.001500
0 426.1156 225.7898 17.3340 22.7680 0.001191
0 633.2876 435.6246 13.4246 149.1480 0.001140
0 424.5052 239.5381 20.9318 50.8288 0.000920
0 113.8442 488.6414 52.6472 46.0561 0.000863
0 82.4676 480.6105 29.2204 30.4437 0.000814
0 2.9382 462.3949 5.8764 45.5522 0.000811
0 363.7045 356.6151 32.9961 99.9348 0.000811
0 629.4913 39.5129 20.9795 59.5825 0.000722
0 629.3910 489.8382 21.2181 44.3147 0.000651
0 101.7869 479.0327 36.6503 19.4458 0.000557
0 521.2261 268.9016 51.8724 97.4524 0.000501
0 636.0224 147.5289 7.9551 127.4680 0.000467
0 111.8845 499.7733 40.4703 24.4534 0.000402
0 95.0993 483.9559 70.7148 55.6804 0.000394
0 51.1256 74.2921 30.4527 45.1225 0.000370
0 291.0020 384.9325 18.0802 45.1509 0.000352
0 89.0341 265.0601 21.3721 44.3000 0.000345
0 72.2115 495.3039 54.6919 33.3769 0.000341
0 72.0111 486.7525 73.0990 50.4727 0.000338
0 310.3499 492.4298 68.2467 39.0284 0.000315
0 623.7045 428.9990 32.5909 165.1518 0.000314
0 442.3902 461.3628 79.1272 100.9652 0.000287
0 3.9286 441.5479 7.8572 83.4586 0.000258
0 4.2430 479.3839 8.4859 65.2321 0.000243
0 365.1827 388.4221 32.6239 73.5446 0.000212
0 632.2423 114.8446 15.4685 124.1727 0.000207
0 635.9516 203.5759 8.0968 85.0823 0.000194
0 316.4872 6.0853 25.2777 12.1574 0.000190
0 80.4883 500.6684 36.6082 22.5615 0.000189
0 434.7849 478.3521 58.4946 67.0669 0.000187
0 636.2267 378.9653 7.5466 107.0859 0.000171
0 623.0231 394.1545 33.6040 82.6096 0.000170
0 326.5287 485.9717 41.8777 52.0566 0.000161
0 619.9366 492.9257 40.1267 38.1486 0.000104
0 626.3501 472.1416 27.2997 79.5624 0.000100
0 213.8554 497.8290 52.2313 28.2013 0.000092
0 81.7703 471.9201 25.2457 28.9327 0.000084
0 413.3228 445.5482 32.1132 61.5149 0.000079
0 64.4359 501.3044 50.1807 21.3912 0.000075
0 437.0647 498.3174 51.8938 27.2176 0.000069
0 376.0425 393.9178 12.4861 59.7712 0.000069
0 302.9586 503.3250 80.3098 17.3500 0.000068
0 635.1634 490.6090 9.6732 42.7819 0.000064
0 630.6130 357.1461 18.7740 150.2252 0.000063
0 85.3988 476.1202 22.7926 51.4714 0.000063
0 66.1623 464.5979 40.8454 44.7948 0.000062
0 631.8381 26.7835 16.3237 53.5670 0.000059
0 7.7602 8.8475 15.5204 17.6951 0.000056
0 2.1386 444.2293 4.2772 37.2797 0.000051
0 302.4843 6.1303 52.6486 12.2607 0.000050
0 184.0302 479.5931 41.7130 64.5020 0.000046
0 53.5312 263.8491 15.0150 32.8126 0.000046
0 119.7382 504.2769 51.7772 15.2637 0.000044
0 4.4603 89.7287 8.9206 77.6146 0.000043
0 44.7421 500.5088 53.0329 22.9824 0.000041
0 3.4377 207.5242 6.8754 78.1385 0.000041
0 625.4803 499.6544 29.0393 24.6912 0.000040
0 405.3858 490.1397 53.9940 43.4473 0.000039
0 89.4951 474.7179 14.7960 17.2037 0.000037
0 5.7722 75.4252 11.5443 48.8722 0.000037
0 10.9146 480.1236 21.8293 63.7528 0.000037
0 132.2240 490.6351 40.2932 42.4755 0.000036
0 572.0294 475.2902 69.3669 73.1128 0.000036
0 6.5966 71.9207 13.0628 28.2923 0.000036
0 2.8759 257.2838 5.7518 103.4514 0.000035
0 78.8533 210.0967 63.7328 163.2335 0.000035
0 5.7204 59.2492 11.4407 49.8182 0.000034
0 33.1540 466.1128 33.0681 38.2330 0.000029
0 612.7751 485.3388 54.4498 52.9777 0.000028
0 4.2794 448.7176 8.5587 39.1276 0.000028
0 36.4431 493.1744 48.0543 37.6512 0.000026
0 636.8040 383.1765 6.3920 67.4679 0.000025
