0 375.8419 148.0278 47.0828 115.0559 0.882670
0 374.3109 30.1054 27.4863 60.2108 0.000689
0 310.8550 7.0263 34.7004 14.0482 0.000575
0 636.6146 160.2341 6.7709 115.7516 0.000402
0 636.5349 214.2272 6.9302 130.6549 0.000311
0 636.4757 325.0481 7.0485 123.5126 0.000205
0 636.8806 115.0249 6.2388 96.3040 0.000166
0 636.5424 252.0908 6.9152 62.2470 0.000125
0 370.6046 8.7121 27.8600 17.4243 0.000111
0 3.7845 197.0424 7.5689 86.2683 0.000078
0 376.9529 44.9569 22.8198 28.9110 0.000061
0 636.7632 276.5365 6.4735 53.6160 0.000051
0 368.0912 127.5308 29.8837 74.4162 0.000049
0 76.6338 165.3290 41.2214 103.0600 0.000046
0 295.8353 7.3974 51.1636 14.7947 0.000044
0 28.7453 150.5671 27.0119 40.6495 0.000038
0 6.8966 308.1176 13.7932 145.8265 0.000035
0 632.7919 359.4803 14.4162 113.3673 0.000034
0 551.3605 108.5353 21.5496 46.4200 0.000032
0 233.5480 11.4629 34.1906 22.6484 0.000028
0 361.4061 159.3244 19.5756 95.2547 0.000027
0 636.1536 89.4131 7.6928 104.1154 0.000026
