0 313.8951 367.1702 20.4570 76.0039 0.833063
0 337.8739 369.1211 22.7614 43.2044 0.030243
0 633.8960 238.0882 12.2079 49.0285 0.026835
0 632.4733 365.0304 15.0532 90.5861 0.003923
0 634.1807 262.2835 11.6386 79.1333 0.003364
0 633.2293 409.4763 13.5347 70.8828 0.000985
0 597.6876 364.2889 37.8215 113.1239 0.000401
0 636.4148 359.9661 7.1704 75.9724 0.000360
0 628.0000 365.6027 23.9999 112.5330 0.000356
0 634.4286 384.4990 11.1429 77.3024 0.000329
0 600.6498 329.1463 30.8708 43.2893 0.000236
0 635.8665 217.1694 8.2671 83.9916 0.000208
0 633.6867 332.5815 12.6265 91.4641 0.000166
0 556.3477 330.3233 56.5210 49.9288 0.000104
0 109.2592 10.6534 20.9341 21.2794 0.000097
0 634.9424 341.7973 10.1152 59.0776 0.000091
0 632.8137 407.3345 14.3538 35.8557 0.000089
0 218.7413 386.9601 49.8925 89.2006 0.000077
0 390.6431 344.6335 22.7793 40.7977 0.000061
0 637.8674 372.9692 4.2651 84.8087 0.000058
0 415.2899 3.3829 22.7794 6.6671 0.000057
0 627.2558 235.3434 25.4884 57.0103 0.000054
0 118.5365 10.4336 28.0486 20.8672 0.000048
0 346.0428 508.1566 31.6819 7.6868 0.000041
0 371.6146 492.8967 15.5454 37.9200 0.000039
0 633.6014 501.4082 12.7971 21.1835 0.000034
0 631.6887 304.0378 16.6226 139.1158 0.000033
0 588.4513 331.8092 39.6143 47.1194 0.000030
0 3.4894 468.8471 6.9756 86.3058 0.000030
0 423.1417 3.6361 20.4138 7.2722 0.000029
0 635.4160 493.5467 9.1680 36.9067 0.000026
