0 288.8757 349.9078 21.7519 61.7437 0.854894
0 267.1304 353.6098 20.0891 54.2976 0.826828
0 608.5619 307.0188 40.3657 58.0233 0.010424
0 153.2567 92.9682 39.1340 126.1857 0.001430
0 636.5869 465.9918 6.8263 76.3012 0.000655
0 183.0841 399.7836 34.2690 80.4941 0.000344
0 636.6747 212.6386 6.6505 63.5439 0.000300
0 634.6785 306.9332 10.6430 65.1213 0.000256
0 299.7423 343.5596 9.1681 52.5078 0.000237
0 619.9189 326.4423 40.0723 98.8585 0.000169
0 636.7386 443.5337 6.5228 63.6046 0.000147
0 167.2704 96.7584 10.6862 62.9203 0.000134
0 627.9604 311.7859 24.0790 71.4170 0.000114
0 637.1753 224.1227 5.6495 41.9087 0.000113
0 637.0706 330.7711 5.8327 100.1120 0.000096
0 620.9697 304.5336 29.7511 53.1362 0.000090
0 303.7094 349.5852 11.2293 52.9971 0.000072
0 150.6512 499.1065 44.0693 25.7869 0.000070
0 637.1381 292.7509 5.6837 74.2675 0.000063
0 156.9529 88.0186 30.7861 80.9798 0.000060
0 111.1374 4.2166 28.1115 8.3451 0.000059
0 283.3438 354.3238 11.3064 58.7415 0.000054
0 5.7310 253.8884 11.4621 108.5590 0.000053
0 175.5401 369.0907 50.4415 142.9241 0.000047
0 635.6298 338.9128 8.7404 131.4255 0.000046
0 636.8179 237.5166 6.3642 83.8657 0.000045
0 637.5895 241.2456 4.8209 42.9805 0.000044
0 137.1620 498.6746 23.5544 26.6508 0.000044
0 635.2877 240.3477 9.4245 53.5112 0.000041
0 598.2217 7.9844 26.9575 15.9687 0.000041
0 637.7709 263.9124 4.4583 51.8206 0.000036
0 604.5295 6.6184 29.4624 13.2180 0.000034
0 234.1349 356.5351 33.7229 81.5577 0.000032
0 638.2169 330.4217 3.5662 75.2624 0.000029
0 590.8608 309.9064 74.5449 59.6296 0.000027
0 352.9943 130.6688 52.8510 124.9865 0.000027
