0 486.4890 288.3198 65.7135 80.5304 0.885446
0 333.8970 248.8349 24.4181 69.7662 0.847660
0 312.0846 242.4331 23.1758 70.3266 0.830284
0 537.9230 13.3386 46.9324 26.6772 0.000891
0 326.2390 247.4658 11.0743 62.4698 0.000758
0 627.3166 226.3988 25.3020 53.2625 0.000637
0 542.8700 26.9494 53.7498 53.7012 0.000625
0 609.1816 224.4696 56.2817 55.2959 0.000511
0 388.5236 12.7577 35.7246 25.5077 0.000489
0 4.1640 23.4006 8.3193 46.6172 0.000423
0 503.3266 273.5531 35.2365 50.9852 0.000377
0 31.5142 507.3506 41.0367 9.2987 0.000331
0 139.5721 296.5114 35.8976 130.0608 0.000218
0 477.3955 5.3985 35.2944 10.7971 0.000211
0 485.2425 5.2922 28.6417 10.5814 0.000204
0 477.6162 267.1827 25.0786 39.6079 0.000196
0 635.8167 343.6774 8.3665 70.5464 0.000186
0 451.8000 13.5268 45.0865 27.0414 0.000145
0 637.2915 86.0504 5.4170 81.0044 0.000133
0 519.4785 13.4115 21.8416 26.6591 0.000128
0 636.9557 224.8980 6.0794 59.0948 0.000103
0 4.2147 53.1348 8.4294 101.6427 0.000098
0 636.6282 380.4913 6.7435 74.6711 0.000096
0 10.2541 39.8442 20.4003 79.4083 0.000091
0 374.9906 5.0952 31.4066 10.1508 0.000087
0 493.0900 6.4191 36.7832 12.8383 0.000084
0 238.9306 228.4147 12.5874 22.7876 0.000081
0 634.6194 318.8181 10.7611 99.1597 0.000078
0 388.5135 6.2395 37.8558 12.4589 0.000073
0 5.7833 189.3343 11.5666 96.6702 0.000073
0 633.9124 19.4224 12.1752 38.8448 0.000064
0 508.1209 13.6030 40.1077 27.0825 0.000062
0 11.8286 24.1424 20.0904 48.2847 0.000062
0 317.8469 248.5032 8.6440 57.8261 0.000055
0 46.0615 506.8014 50.2651 10.3972 0.000051
0 343.2715 241.7141 13.8766 53.5419 0.000051
0 489.7927 12.1787 50.3969 24.3574 0.000047
0 376.4013 36.4841 31.7392 71.5623 0.000043
0 376.4850 8.3587 27.8998 16.7174 0.000043
0 540.1303 5.5638 42.3600 11.0489 0.000041
0 14.9244 503.3793 29.8488 17.0760 0.000041
0 416.8871 503.1031 51.7103 17.7938 0.000039
0 555.7904 507.7739 19.7236 8.4522 0.000037
0 12.5506 9.9532 18.0740 19.9064 0.000037
0 97.4624 321.0811 64.5562 120.6667 0.000036
0 10.6234 297.1412 21.2467 84.6540 0.000035
0 635.4977 253.1241 9.0045 96.3484 0.000033
0 637.9003 322.0148 4.1993 79.5070 0.000033
0 637.3130 401.4933 5.3741 62.1544 0.000033
0 627.2953 11.1968 25.4093 22.3891 0.000031
0 109.1164 413.9822 65.9131 193.9878 0.000030
0 637.2695 118.6805 5.4609 102.8796 0.000029
0 23.3744 500.4218 46.6953 23.1564 0.000029
0 630.5751 333.4813 18.7097 78.4469 0.000028
0 3.1778 35.7025 6.3556 71.4051 0.000027
0 471.6276 13.0765 43.2849 26.1530 0.000027
