0 179.8703 215.7129 35.7947 68.0981 0.860057
0 234.3198 206.1346 31.0882 37.6402 0.853240
0 626.6570 104.2537 26.5004 76.3593 0.005571
0 5.5404 119.3470 11.0807 62.0233 0.002174
0 633.3892 250.0756 13.2213 109.1924 0.002125
0 632.9686 100.9702 14.0627 80.0373 0.001362
0 2.3987 357.6349 4.7974 59.5066 0.001128
0 10.2444 320.4021 18.3866 63.9139 0.001059
0 2.8831 338.4855 5.7661 65.3476 0.000897
0 1.3958 353.5926 2.7916 56.4587 0.000815
0 235.0013 183.6350 32.4529 81.0378 0.000664
0 241.2116 203.8422 18.5818 32.6636 0.000603
0 630.1879 233.4038 19.4594 100.0069 0.000500
0 70.8979 8.3448 31.2403 16.6780 0.000480
0 636.5387 103.0780 6.9226 88.0960 0.000358
0 4.7264 102.0808 9.4412 52.2894 0.000271
0 633.9017 214.6835 12.1628 131.2595 0.000232
0 3.6055 364.3809 7.2110 88.6666 0.000207
0 634.6224 173.9765 10.7554 159.8914 0.000177
0 629.6522 178.7672 20.6957 178.2908 0.000170
0 636.2586 217.1107 7.4828 135.0400 0.000146
0 86.3163 5.7324 42.5815 11.4648 0.000146
0 8.7856 126.5930 17.5420 76.3337 0.000122
0 8.0399 278.6333 16.0737 108.6602 0.000122
0 3.8109 323.6095 7.6219 68.8553 0.000113
0 4.8448 5.2543 9.6896 10.5086 0.000113
0 308.0111 246.6810 53.8374 37.9084 0.000107
0 5.2545 12.9853 10.5089 25.9706 0.000106
0 30.3547 5.4797 27.2884 10.8366 0.000105
0 189.5781 6.4797 32.7008 12.9594 0.000084
0 36.7203 2.9270 25.7384 5.8045 0.000082
0 73.2932 4.5346 26.3833 9.0688 0.000078
0 250.7398 3.1081 24.4612 6.1668 0.000075
0 579.4702 12.0155 44.8495 24.0310 0.000073
0 7.7201 350.7926 15.3464 69.3765 0.000071
0 635.0328 272.4788 9.9344 105.9721 0.000069
0 1.6283 335.0385 3.2566 66.9681 0.000069
0 172.0063 216.6258 18.1882 65.8644 0.000065
0 365.2897 506.6079 33.8516 10.7842 0.000061
0 633.8712 496.1557 12.2575 31.6764 0.000060
0 628.6475 66.9748 22.7048 122.1528 0.000059
0 6.8998 285.5862 13.7996 52.3645 0.000055
0 598.6084 17.4659 39.2234 34.7864 0.000052
0 364.1342 502.0033 39.7123 19.9933 0.000050
0 84.8674 3.4561 27.6588 6.8692 0.000049
0 7.4109 298.9987 12.9189 18.7772 0.000049
0 107.2359 217.8657 35.6496 89.6060 0.000047
0 57.4596 7.7398 37.6424 14.6659 0.000044
0 9.1335 299.7682 18.2669 75.7055 0.000043
0 30.5246 10.1159 31.1608 20.1141 0.000041
0 582.7101 6.3667 49.7078 12.7237 0.000041
0 630.4843 284.3431 18.6953 95.0378 0.000038
0 355.2503 497.1797 44.7551 29.4944 0.000037
0 618.0627 244.6616 43.5289 98.9954 0.000033
0 76.1093 11.7370 28.5981 22.6343 0.000032
0 6.7379 304.8551 13.4671 43.7413 0.000032
0 11.2206 4.3783 21.1971 8.7565 0.000032
0 635.5743 84.9247 8.8514 60.6413 0.000031
0 318.4526 496.5776 53.0052 30.6953 0.000030
0 20.4423 11.7399 38.7426 23.4183 0.000029
0 309.9943 505.6027 41.4268 12.7946 0.000027
0 636.1520 264.5522 7.6959 75.2277 0.000026
0 8.6413 338.3792 16.4235 35.5031 0.000025
