0 354.2580 457.5464 50.9632 108.5627 0.835558
0 390.2752 461.6962 21.5390 100.0359 0.816197
0 537.2364 441.6695 31.8666 100.8244 0.029514
0 16.5492 397.9783 32.8533 61.6739 0.008876
0 367.7001 460.3514 23.9778 102.8511 0.007068
0 635.6747 114.5250 8.6431 43.4847 0.001941
0 234.2902 496.3892 28.4722 31.2058 0.001363
0 232.9797 2.9522 22.6365 5.8801 0.001358
0 580.9496 475.7777 17.0707 38.2253 0.001238
0 392.7467 488.1551 17.5788 47.6777 0.001209
0 242.1691 500.2376 15.2905 23.4695 0.000670
0 44.6442 279.6116 29.3175 37.9795 0.000666
0 625.9330 15.0093 27.6274 29.7577 0.000639
0 636.5287 138.4856 6.9428 66.6286 0.000562
0 543.9492 484.8295 16.2252 43.0891 0.000417
0 7.8632 413.6464 15.7263 52.4217 0.000401
0 354.8897 484.8164 42.7478 53.9456 0.000390
0 382.8113 474.3604 17.2076 74.8315 0.000371
0 4.8926 399.3634 9.7852 65.4252 0.000365
0 395.7343 497.3619 16.9818 29.0352 0.000356
0 398.2992 505.0848 17.3326 13.8083 0.000342
0 458.6762 505.3590 15.6001 13.2820 0.000333
0 16.1808 420.4133 32.3286 72.8505 0.000307
0 340.2844 455.0972 32.8527 105.1787 0.000272
0 483.6599 500.3682 19.1071 23.2636 0.000256
0 222.1467 504.7471 20.5207 14.4326 0.000250
0 382.2300 491.8770 18.3645 39.7238 0.000237
0 394.9858 503.6761 18.3327 16.5922 0.000230
0 213.7431 505.8031 16.1075 12.2827 0.000215
0 276.5153 3.2380 25.9567 6.4638 0.000213
0 370.3025 489.6128 23.2285 44.2578 0.000208
0 276.9272 507.4919 24.3044 8.8926 0.000206
0 252.3146 501.2613 36.2623 21.4523 0.000196
0 8.7160 408.2991 17.4318 103.0913 0.000194
0 275.0975 506.8466 14.6865 10.2792 0.000177
0 4.3319 427.6369 8.6638 101.1389 0.000167
0 631.0649 492.9246 17.8702 38.1507 0.000161
0 635.4382 127.4289 9.1155 43.6160 0.000160
0 127.6410 433.0558 40.3232 112.3910 0.000153
0 338.6872 490.5698 17.5196 42.2172 0.000143
0 75.4964 506.1965 13.6593 11.6070 0.000137
0 207.9467 502.0479 20.0798 19.6805 0.000133
0 241.5214 3.9471 35.6820 7.8863 0.000130
0 318.6335 505.7080 27.8593 12.5841 0.000129
0 302.1820 506.6897 33.8576 10.6080 0.000127
0 288.3000 506.4598 35.0815 11.0805 0.000126
0 180.3513 502.2536 19.7145 19.4927 0.000122
0 328.8645 502.8474 18.7679 17.9401 0.000114
0 169.7619 499.4135 20.9420 24.8608 0.000113
0 86.4110 504.8859 31.5780 14.2282 0.000109
0 450.0764 506.3342 24.6568 11.3316 0.000101
0 398.1280 461.7619 16.2089 99.5375 0.000096
0 68.5457 507.1853 22.9156 9.6295 0.000096
0 268.1330 506.2073 28.4863 11.5854 0.000096
0 468.8573 502.4517 30.9259 19.0966 0.000096
0 561.2440 500.3703 33.7151 23.2594 0.000092
0 137.8730 499.8567 37.5457 23.8683 0.000089
0 634.0945 498.5089 11.8109 26.9822 0.000085
0 636.0754 94.9926 7.8491 81.3423 0.000082
0 438.5858 506.7004 17.9229 10.5992 0.000078
0 193.5761 502.5433 21.7319 18.9134 0.000077
0 75.4612 490.1175 9.5652 43.7650 0.000074
0 330.4928 493.2004 17.4329 37.5779 0.000073
0 244.7957 499.7534 31.0267 24.4933 0.000072
0 247.9089 503.2328 16.0307 17.5344 0.000072
0 466.0346 426.5743 25.7943 80.7382 0.000072
0 400.3952 501.7492 19.9532 20.2700 0.000070
0 257.9671 504.6792 33.7896 14.6020 0.000070
0 95.9130 505.4408 22.2929 13.1184 0.000068
0 634.1460 207.0573 11.7079 26.8649 0.000067
0 225.6696 498.9816 14.6620 26.0183 0.000066
0 635.4207 488.2416 9.1587 47.5168 0.000065
0 132.0190 504.3875 34.7492 15.2249 0.000063
0 372.0350 430.0675 12.9076 44.7129 0.000058
0 14.0693 374.8859 28.1386 96.4316 0.000058
0 313.8212 509.4251 27.6960 5.1498 0.000055
0 405.8996 507.4173 23.0042 9.1655 0.000055
0 480.4670 507.9092 23.1766 7.8152 0.000055
0 229.6644 8.5053 22.9490 16.9567 0.000052
0 77.8453 497.9402 19.6413 28.1195 0.000051
0 634.6756 220.7046 10.6488 49.1886 0.000048
0 225.9078 500.5205 28.3754 22.6047 0.000048
0 300.0493 502.8189 44.4856 18.1489 0.000042
0 552.6991 487.1889 33.2788 49.1980 0.000041
0 429.1575 507.1671 17.3396 9.6494 0.000041
0 345.2789 414.6115 14.3854 23.0436 0.000040
0 455.1967 507.9631 19.3408 7.7750 0.000040
0 248.1313 495.5853 18.2087 32.7015 0.000039
0 47.3853 493.0876 18.4330 37.7751 0.000037
0 374.1576 461.0833 14.7345 101.8334 0.000037
0 575.0724 501.2448 32.0961 21.5103 0.000036
0 492.6528 498.3543 33.1105 27.0430 0.000036
0 550.0410 501.6813 19.7078 20.6373 0.000035
0 637.5432 99.4179 4.9136 70.0163 0.000033
0 5.7956 494.0989 11.4333 35.8022 0.000032
0 530.1282 424.4572 19.1416 65.2936 0.000031
0 19.0079 370.9413 38.0159 142.4878 0.000031
0 627.5016 502.7954 24.9968 18.4091 0.000031
0 240.9492 417.0746 7.4240 30.8292 0.000029
0 632.6559 478.8889 14.6881 65.5629 0.000029
0 627.2140 486.6030 25.5720 50.4457 0.000029
0 635.6337 503.8519 8.7326 16.2962 0.000027
0 211.2460 505.6191 29.8940 12.6210 0.000027
0 263.8826 3.1736 42.3270 6.3472 0.000027
0 627.8468 447.7824 24.3064 126.5543 0.000026
0 280.2966 497.0815 29.4244 29.7389 0.000026
0 132.1243 491.5078 37.5683 40.5468 0.000026
0 267.1435 496.6333 33.0006 30.5585 0.000026
0 272.0693 499.3328 14.8577 24.8144 0.000026
0 635.8003 193.2791 8.3994 71.0662 0.000025
0 64.8075 503.2881 27.7523 17.4238 0.000025
0 338.9897 463.9364 13.7007 93.7459 0.000025
0 70.9285 494.8193 16.7912 34.3614 0.000025
