0 263.0678 336.8536 32.5219 84.0025 0.871269
0 627.3188 322.1785 25.1451 48.6546 0.479474
0 632.0160 154.9134 15.9679 83.6854 0.016131
0 631.6738 137.3765 16.6493 42.0087 0.008303
0 631.8641 116.3405 16.2717 58.4793 0.003455
0 197.9648 344.0412 55.1976 97.6343 0.002350
0 628.0648 296.3591 23.7730 102.6974 0.001447
0 631.9761 87.8730 16.0392 109.2961 0.001221
0 635.6619 141.7990 8.6761 53.6688 0.001105
0 183.8143 340.0981 30.2556 86.0910 0.000989
0 633.9442 331.3848 12.0455 68.1727 0.000879
0 617.1941 228.4596 45.5872 222.5253 0.000749
0 635.6391 176.1254 8.7217 131.8906 0.000553
0 625.4533 164.6659 29.0934 94.7860 0.000301
0 630.6267 185.0816 18.5636 152.7871 0.000284
0 618.5532 316.1370 40.3716 60.5469 0.000216
0 630.5647 125.9082 18.8705 108.9513 0.000181
0 636.2343 312.6506 7.4137 66.7910 0.000163
0 637.0757 330.8367 5.8389 68.4156 0.000132
0 186.8281 115.2088 40.7811 224.4223 0.000088
0 628.3785 347.1544 23.0513 104.4322 0.000083
0 197.5538 286.0852 54.9755 204.8713 0.000069
0 628.4233 128.2696 22.9695 25.6151 0.000061
0 635.7422 350.5838 8.5155 108.2645 0.000056
0 108.3018 13.2740 21.7485 26.5480 0.000053
0 625.9990 112.7576 27.4700 56.9192 0.000051
0 180.4674 326.2634 22.0555 58.8221 0.000034
0 137.4681 174.6065 18.7107 90.4927 0.000032
0 620.6702 270.1356 38.4189 147.9348 0.000032
0 345.5567 330.7964 19.9046 83.7747 0.000029
0 633.2672 229.3706 13.4655 216.9311 0.000029
