0 206.9455 445.4004 31.1485 70.7823 0.868218
0 170.2360 435.2701 22.6079 58.0323 0.867450
0 240.7212 456.9848 31.1644 108.5021 0.817141
0 379.9470 491.5031 27.3923 40.5010 0.166592
0 329.3652 501.3391 17.0073 21.2469 0.090949
0 634.0596 271.5026 11.8807 137.5288 0.045731
0 634.0042 212.1172 11.9878 133.3180 0.044708
0 123.7047 502.7489 25.9327 18.5000 0.014007
0 633.5952 244.0525 12.8042 66.3032 0.011960
0 250.8889 498.4660 15.4425 27.0646 0.008881
0 339.7408 500.9846 16.4756 21.6126 0.003757
0 318.6540 499.8602 39.0226 24.1742 0.003519
0 215.9920 505.9981 28.2954 11.9628 0.003178
0 345.1221 502.3029 20.0094 19.2487 0.002370
0 116.3836 505.1904 40.5889 13.6077 0.002181
0 349.5446 505.9748 24.5395 12.0362 0.002141
0 61.9551 501.1308 27.3672 21.7359 0.002130
0 30.5075 500.0897 29.9653 23.6077 0.001775
0 258.7462 498.5602 32.6247 26.8477 0.001711
0 636.6062 199.1906 6.7876 107.8557 0.001613
0 518.0676 501.3251 12.3445 21.2254 0.001612
0 71.2378 484.6095 31.4921 54.7809 0.001337
0 422.1251 504.9263 21.2038 14.0846 0.001278
0 422.7108 507.2529 18.6770 9.4902 0.001212
0 343.3016 505.3622 13.9355 13.0960 0.001078
0 229.4746 505.7155 35.2769 12.4949 0.001068
0 238.0997 497.2674 40.0637 29.4649 0.000940
0 133.2314 502.5780 47.0305 18.7377 0.000884
0 123.8063 506.4665 22.3650 11.0670 0.000831
0 357.8571 506.7541 22.1529 10.3648 0.000552
0 524.8431 498.3414 25.0605 27.2888 0.000539
0 509.8980 501.3993 25.3784 21.2014 0.000457
0 50.6378 500.7893 31.2442 22.3177 0.000448
0 102.4197 501.7419 18.3079 19.6993 0.000425
0 370.5405 494.5193 33.3300 34.6775 0.000411
0 364.2354 503.0953 29.2787 17.7210 0.000396
0 343.5164 491.7442 12.5540 39.7724 0.000380
0 113.7435 500.7034 41.5257 22.0072 0.000358
0 68.3715 501.8345 19.9728 20.0304 0.000329
0 239.2953 503.8136 32.4906 16.2632 0.000326
0 254.4745 479.6372 35.6652 64.7256 0.000312
0 38.6448 501.7269 24.0788 20.4068 0.000311
0 83.4050 500.6893 36.8879 22.4278 0.000279
0 285.6784 6.4332 27.3370 12.8539 0.000256
0 84.7196 489.3832 35.4912 45.1304 0.000251
0 493.6262 501.5239 23.8995 20.6352 0.000219
0 391.4701 487.5272 46.7381 48.7123 0.000217
0 335.5459 488.2711 26.2954 47.4578 0.000206
0 457.0607 507.3430 20.4804 9.2978 0.000195
0 391.9668 492.1883 26.0474 39.6234 0.000177
0 335.6684 313.9368 18.2882 48.5680 0.000172
0 429.7353 508.0222 22.4792 7.8506 0.000164
0 7.7514 500.9217 15.5028 22.1567 0.000162
0 4.0991 504.3532 8.1982 15.2935 0.000161
0 14.7538 503.7197 27.5789 16.5605 0.000156
0 226.7078 445.2515 11.5102 70.2150 0.000148
0 451.7612 504.1159 18.2941 15.6470 0.000139
0 75.3724 492.5690 18.0409 38.6520 0.000137
0 358.1051 478.3756 35.9917 66.0736 0.000129
0 216.4863 12.8727 21.8660 25.6541 0.000125
0 66.4176 495.2546 22.2489 33.3206 0.000116
0 352.7549 495.9144 25.6362 31.3428 0.000109
0 241.8800 394.9722 15.7519 40.1339 0.000107
0 485.5490 505.7998 19.9629 12.3898 0.000101
0 409.2269 505.0812 28.5001 13.8376 0.000095
0 383.7380 501.0984 22.8137 21.8032 0.000095
0 268.5145 495.2066 61.6271 33.5869 0.000087
0 386.5727 497.4173 33.3689 29.1653 0.000083
0 243.0638 406.4671 14.8260 19.4547 0.000078
0 19.4714 507.5570 19.9310 8.8860 0.000077
0 445.4640 507.3563 22.5940 9.1044 0.000077
0 223.7093 500.1879 23.9627 23.0067 0.000075
0 74.2772 505.4195 19.2486 13.1609 0.000073
0 305.2473 496.5458 30.9620 30.5372 0.000072
0 222.7529 461.6404 47.3582 99.8165 0.000071
0 445.8326 504.2372 23.8902 15.2158 0.000067
0 4.1050 492.1568 8.1082 39.2574 0.000066
0 466.1624 507.7384 17.3467 8.4669 0.000066
0 205.9378 460.8096 44.4391 102.3506 0.000063
0 19.2381 497.6266 36.4626 28.4983 0.000063
0 246.2570 404.6167 17.2633 22.7555 0.000062
0 339.0689 493.5975 18.8582 35.6748 0.000061
0 469.6124 509.0411 11.5859 5.9178 0.000060
0 20.6146 500.1418 24.2142 23.6747 0.000056
0 36.2658 507.6436 23.1744 8.7129 0.000053
0 499.2110 506.0209 30.3979 11.8286 0.000053
0 26.0154 505.6498 24.6276 12.7004 0.000052
0 315.2397 504.8278 37.3216 14.3444 0.000050
0 515.5118 7.7589 20.7258 15.3296 0.000049
0 96.8707 496.6413 21.0111 29.3601 0.000049
0 632.5479 186.2647 14.7385 98.3939 0.000049
0 249.3060 406.6688 12.3679 17.7723 0.000048
0 329.6382 493.2717 21.9291 37.3197 0.000046
0 200.2918 491.3502 60.0414 41.2996 0.000046
0 638.3822 171.1258 3.2356 45.0822 0.000045
0 403.7268 499.2227 44.9453 25.4563 0.000044
0 45.9719 477.2151 40.5273 69.5698 0.000044
0 501.1300 499.8954 37.7148 24.1440 0.000043
0 237.8734 439.1437 24.8738 67.7043 0.000043
0 200.9594 437.2493 21.2391 54.0375 0.000040
0 222.4866 445.3761 11.7004 67.8750 0.000038
0 477.3957 506.7910 19.5602 10.3739 0.000037
0 216.8556 444.9845 18.5664 76.7866 0.000036
0 634.0271 492.3236 11.9458 39.3527 0.000034
0 267.5052 500.7760 36.6627 22.4480 0.000034
0 521.7198 494.0103 16.1846 35.9795 0.000032
0 237.7740 484.9592 39.2293 54.0816 0.000031
0 78.0134 306.0135 17.8964 20.1378 0.000031
0 2.9602 225.1652 5.9204 44.8235 0.000030
0 95.0522 505.4575 19.7551 12.8314 0.000030
0 83.5517 118.4911 21.6507 39.4540 0.000030
0 304.1835 502.3576 26.1393 19.2848 0.000030
0 78.7718 507.4536 23.3169 9.0928 0.000029
0 13.4848 489.9311 26.5146 44.1378 0.000028
0 222.6181 506.5667 19.9203 10.8389 0.000027
0 258.1632 505.1088 27.1964 13.7824 0.000026
0 285.5425 499.4946 39.4105 24.8094 0.000026
