0 140.5246 441.8569 38.7109 80.7711 0.888569
0 73.9600 421.0598 33.4068 91.6985 0.854629
0 586.6131 480.2081 37.4911 63.5807 0.803922
0 599.0672 488.7955 13.9058 38.1805 0.019373
0 337.3470 498.5107 17.8703 26.9781 0.014916
0 191.7702 472.8495 27.8290 71.2325 0.011494
0 389.5053 504.9790 18.4328 13.9867 0.005248
0 315.7689 500.8950 13.0366 22.2101 0.004562
0 578.9377 472.5565 20.8324 48.7607 0.003783
0 330.1672 498.3241 23.7163 27.3517 0.002768
0 206.6571 128.4229 23.7453 32.5984 0.002087
0 321.9186 501.1009 17.6386 21.7982 0.001495
0 568.6711 479.8271 42.2358 63.9457 0.001130
0 3.0163 418.5670 6.0326 52.1398 0.001015
0 596.4777 478.8944 20.6766 56.9983 0.000997
0 345.2834 500.7364 29.4025 22.5092 0.000911
0 454.1021 146.7789 14.0608 26.1005 0.000845
0 537.9522 507.7443 21.6324 8.4936 0.000522
0 402.8307 504.9727 35.5780 13.9937 0.000405
0 396.4126 506.0144 25.0925 11.9712 0.000373
0 305.1169 500.6355 18.1176 22.3835 0.000349
0 10.6104 503.3434 21.1067 17.2129 0.000273
0 3.0461 442.4203 6.0921 101.8261 0.000272
0 23.7452 503.8148 47.4903 16.3703 0.000240
0 606.3438 489.3644 21.7987 41.8330 0.000237
0 565.9331 4.6021 35.1590 9.1960 0.000215
0 531.0542 507.3791 28.3678 9.2416 0.000159
0 3.5859 263.3836 7.1717 64.4722 0.000154
0 3.6333 235.5181 7.2665 53.9464 0.000152
0 591.6056 492.6595 32.3843 38.6810 0.000150
0 10.7999 6.7107 21.5855 13.4057 0.000148
0 404.6075 506.7058 27.2329 10.5885 0.000147
0 315.9042 432.6956 9.4294 24.8775 0.000132
0 4.9821 20.1218 9.9435 19.3786 0.000128
0 387.0527 496.7039 14.7741 30.1733 0.000122
0 321.4496 479.7540 20.2522 64.4920 0.000118
0 381.2743 505.6876 28.5505 12.6140 0.000115
0 545.8819 508.4316 21.6677 7.1368 0.000109
0 3.0621 68.4459 6.1241 27.3714 0.000105
0 14.7490 301.4756 29.4980 44.6057 0.000095
0 341.6984 503.8926 20.3059 16.2078 0.000092
0 365.6774 504.0139 37.1820 15.9722 0.000088
0 347.0957 506.8296 24.2124 10.3221 0.000086
0 344.2141 490.9583 19.0852 42.0363 0.000082
0 336.9308 490.1534 21.7304 43.5094 0.000077
0 613.0789 483.4254 11.8525 27.5988 0.000076
0 4.4675 26.9435 8.9350 38.3515 0.000076
0 320.3833 498.3097 25.8715 27.2440 0.000072
0 531.4786 502.7850 29.7522 18.4298 0.000071
0 601.8280 479.3180 12.9668 49.9430 0.000067
0 447.9067 507.9204 19.2836 8.1593 0.000066
0 150.0812 490.5866 30.2908 42.8268 0.000066
0 5.9744 8.1838 11.8727 16.3676 0.000063
0 5.2848 81.5683 10.5696 45.5072 0.000060
0 314.5376 503.6386 23.6806 16.7227 0.000059
0 376.6848 508.0656 28.9249 7.8688 0.000055
0 589.0706 503.4893 33.7148 17.0214 0.000054
0 567.7631 7.4872 40.2362 14.9744 0.000052
0 556.4490 477.9079 24.1313 66.7679 0.000051
0 6.1227 504.2309 12.0189 15.3982 0.000050
0 12.5328 3.0945 22.4037 6.1787 0.000050
0 421.1302 507.2956 19.8211 9.4088 0.000049
0 554.8894 506.4979 24.5090 11.0042 0.000047
0 422.1274 504.6844 13.6971 14.5623 0.000046
0 130.5307 3.5579 14.7575 7.1159 0.000046
0 6.1166 307.9354 12.2332 52.9475 0.000045
0 407.0590 108.6383 24.3730 42.8052 0.000045
0 11.8765 69.9791 20.7257 30.8252 0.000044
0 540.9302 503.9856 20.7156 15.7875 0.000042
0 326.0124 463.1308 29.5786 96.2800 0.000041
0 428.0287 507.6684 20.5526 8.6631 0.000041
0 414.4762 503.0114 28.6897 17.9772 0.000039
0 292.2809 498.8758 15.8994 25.8397 0.000037
0 436.5039 507.7759 23.1594 8.4481 0.000036
0 4.9045 481.5942 9.8090 60.0675 0.000034
0 615.6200 478.8969 10.6833 26.3559 0.000033
0 282.6858 135.2470 14.2753 21.4952 0.000033
0 637.5228 208.1535 4.9544 56.8000 0.000032
0 2.3465 399.1112 4.6930 62.5143 0.000031
0 266.7507 3.9030 17.6301 7.8060 0.000031
0 36.5937 4.1546 26.4644 8.3091 0.000030
0 5.0000 95.3338 10.0000 39.5056 0.000029
0 8.2476 15.0701 16.4952 28.6226 0.000028
0 636.6938 501.9020 6.6124 20.1959 0.000028
0 23.0196 3.3882 23.0547 6.7138 0.000027
0 507.9460 506.1446 29.8231 11.7108 0.000026
0 273.1908 138.6014 18.8484 28.1937 0.000026
