0 460.6075 317.6186 70.0021 63.8812 0.887676
0 134.6241 308.9256 30.7734 78.0443 0.863334
0 229.3080 310.5378 31.4054 91.3931 0.862493
0 3.5608 343.5465 7.1215 126.1337 0.000502
0 429.7040 4.7651 39.9091 9.5115 0.000486
0 3.7276 282.3478 7.4551 111.1020 0.000373
0 125.5822 6.9742 38.6102 13.9484 0.000137
0 593.3983 15.3618 22.6252 30.4107 0.000112
0 3.6373 318.8739 7.2746 70.9694 0.000101
0 583.3177 14.5989 40.2131 29.1978 0.000098
0 424.8467 3.1303 30.3632 6.2488 0.000074
0 440.0994 5.9752 23.3639 11.9505 0.000064
0 116.2785 8.4726 32.0585 16.9451 0.000063
0 133.8974 4.8610 38.9422 9.6953 0.000060
0 637.0061 268.4411 5.9878 106.9905 0.000057
0 113.6593 4.8642 35.3306 9.7165 0.000051
0 636.8267 364.6369 6.3467 104.6766 0.000037
0 442.8890 318.6235 33.1965 62.9493 0.000035
