0 169.7796 181.0585 20.2586 43.6673 0.864707
0 128.6931 183.1013 12.3183 14.8206 0.000676
0 359.3525 509.4096 28.4264 5.1632 0.000177
0 577.8867 139.6821 21.0879 19.6122 0.000134
0 530.8763 3.0740 20.5146 6.1133 0.000127
0 500.0935 9.1860 18.3379 18.3719 0.000071
0 141.5220 508.2653 18.9727 7.4694 0.000070
0 260.8559 44.6204 13.4775 14.4159 0.000066
0 132.1757 174.0912 21.3721 28.3281 0.000053
0 135.2146 180.5841 23.2863 19.6179 0.000040
0 260.8127 25.5756 22.2374 51.1512 0.000039
0 144.0379 505.3512 21.4292 13.2975 0.000035
0 118.8038 215.0650 36.7155 79.3637 0.000033
0 636.7538 477.4901 6.4924 68.3059 0.000029
0 6.9567 503.7327 13.9134 16.5345 0.000028
0 3.7795 77.0365 7.5589 90.4764 0.000027
0 129.5107 188.6809 14.6019 23.6650 0.000026
