0 403.7183 219.9249 17.2338 42.0111 0.874871
0 348.1400 309.2364 10.0856 15.9494 0.061327
0 635.6627 425.3422 8.6747 37.9265 0.022699
0 635.1469 445.4314 9.7063 81.8050 0.008167
0 5.1460 266.3472 10.2861 67.2535 0.000900
0 6.7164 14.5429 13.4327 29.0858 0.000693
0 12.5899 12.8991 25.1798 25.7982 0.000615
0 636.7252 433.6024 6.5496 60.5052 0.000521
0 637.5183 416.3881 4.9634 30.6377 0.000390
0 636.3440 403.8895 7.3119 57.1050 0.000343
0 408.7887 425.1430 10.1425 39.4726 0.000304
0 5.6010 24.6726 11.2020 49.3452 0.000296
0 339.0711 330.1702 29.2814 57.6772 0.000269
0 633.0310 462.1847 13.8570 96.7854 0.000195
0 637.2854 363.9365 5.4292 42.3283 0.000192
0 637.5790 182.1896 4.8202 36.0126 0.000190
0 4.0505 38.4182 8.1009 76.7845 0.000173
0 12.6477 26.7677 25.2226 53.5353 0.000152
0 552.4551 420.4964 13.9716 13.3058 0.000150
0 344.1384 323.2906 18.1035 43.8024 0.000133
0 2.3669 291.2602 4.7337 43.5396 0.000126
0 10.9825 6.7741 21.9649 13.5482 0.000107
0 13.6734 375.5711 17.9390 27.9831 0.000095
0 633.5267 430.2369 12.9466 51.8956 0.000083
0 3.8059 285.5958 7.5809 47.6852 0.000077
0 2.5801 271.9120 5.1602 65.3242 0.000073
0 3.4022 167.0638 6.8044 88.7032 0.000072
0 638.2139 358.9380 3.5723 33.9491 0.000066
0 348.3979 298.9804 11.4040 37.5345 0.000060
0 340.5762 312.8009 24.1393 22.2495 0.000056
0 346.9171 316.1671 13.6383 29.7408 0.000056
0 3.1827 290.7896 6.3655 80.3680 0.000053
0 4.1804 500.7227 8.3608 22.5545 0.000033
0 255.1959 231.4263 12.4856 30.9760 0.000032
0 428.5003 190.5281 8.7769 14.4877 0.000030
0 2.8974 119.7076 5.7947 84.0922 0.000027
