0 585.8543 345.3064 54.2583 118.0499 0.883979
0 165.9669 291.5111 38.6387 122.5673 0.650546
0 165.1328 260.0161 35.6757 50.2632 0.360680
0 11.4101 94.6433 22.2432 68.3811 0.108279
0 596.6929 311.7518 33.8696 51.0707 0.032838
0 95.9676 330.0062 25.1339 63.1493 0.003539
0 34.4210 289.1973 25.3352 68.8058 0.003531
0 9.1913 391.8777 18.3819 67.6591 0.002461
0 244.6326 133.6768 14.4597 38.6554 0.001126
0 526.2210 470.8761 26.1376 45.1404 0.001119
0 576.5061 374.7141 35.8242 61.5730 0.001040
0 531.4559 463.4515 36.8990 87.3414 0.000639
0 2.5210 47.2172 5.0281 32.8576 0.000588
0 169.5455 319.3787 28.3492 69.1177 0.000543
0 4.0533 222.7008 8.0701 93.3398 0.000389
0 636.3469 429.7703 7.3061 68.1631 0.000343
0 3.1523 195.8837 6.3046 56.3698 0.000317
0 637.3433 348.0482 5.3135 63.5725 0.000295
0 510.6644 489.4743 15.5839 36.8406 0.000248
0 62.5372 323.0431 18.6796 80.4091 0.000246
0 355.2073 2.9108 17.9522 5.8060 0.000212
0 248.1930 272.5209 21.3944 51.0552 0.000202
0 3.0061 178.1927 6.0122 37.6909 0.000184
0 605.7910 508.2924 26.3636 7.4152 0.000173
0 587.0599 390.7474 13.1128 30.7020 0.000169
0 567.7482 355.1574 18.9998 65.4158 0.000161
0 7.6060 365.6794 15.1526 106.8296 0.000157
0 600.4835 508.9452 22.7532 6.1095 0.000123
0 219.8913 481.9222 14.9611 47.0566 0.000119
0 99.8182 334.0435 48.8771 69.1346 0.000110
0 3.1455 29.8789 6.2910 46.5854 0.000107
0 5.3427 92.9550 10.3662 61.3743 0.000104
0 636.9534 376.4772 6.0932 113.4628 0.000102
0 2.5650 66.4756 5.1146 51.5738 0.000082
0 574.0027 347.1642 30.9802 96.9124 0.000080
0 242.7735 146.4290 17.9546 53.8141 0.000078
0 519.9425 472.7586 14.7305 37.5280 0.000075
0 496.9700 509.2375 17.9575 5.5250 0.000074
0 636.1073 477.6193 7.7854 68.7614 0.000073
0 43.4128 296.3508 42.2424 86.2424 0.000070
0 3.3826 257.4304 6.7651 76.7509 0.000068
0 635.1791 497.4319 9.6418 29.1361 0.000066
0 637.0064 333.8604 5.9873 77.7888 0.000065
0 259.0392 332.4968 29.5782 77.1376 0.000063
0 2.2722 375.1951 4.5444 89.6854 0.000062
0 151.1786 258.2130 19.6422 52.8269 0.000059
0 613.8415 506.4455 34.6984 11.1089 0.000059
0 593.5695 509.1009 23.4351 5.7628 0.000059
0 609.1414 499.7041 30.6387 24.5919 0.000058
0 463.1354 351.2344 15.9997 49.0568 0.000054
0 636.2953 404.6389 7.4093 87.3744 0.000054
0 178.3205 319.6554 16.5627 66.6425 0.000043
0 399.0725 3.8808 19.5371 7.7616 0.000043
0 2.1367 31.4214 4.2733 30.2422 0.000041
0 633.5221 136.8691 12.9558 79.7516 0.000040
0 634.7888 119.6847 10.4223 31.1550 0.000039
0 217.9630 292.5430 20.4271 50.2837 0.000039
0 620.6088 503.5207 33.9890 16.9586 0.000039
0 429.7938 3.7683 16.5280 7.5366 0.000039
0 523.4450 484.5106 16.8411 30.2516 0.000037
0 500.8971 507.3070 20.1949 9.3860 0.000036
0 372.3709 402.8748 25.9424 55.4565 0.000033
0 58.4584 315.7975 18.6749 62.8151 0.000033
0 454.6830 233.9860 20.6199 42.2540 0.000032
0 364.8243 3.0425 34.3177 6.0516 0.000032
0 322.1314 4.6423 23.6873 9.2073 0.000031
0 638.1069 366.0296 3.7861 69.7961 0.000031
0 474.5294 509.4410 20.7369 5.1174 0.000030
0 408.3972 493.6311 25.1896 36.7378 0.000030
0 65.3763 238.9074 20.4082 66.2079 0.000030
0 504.6749 509.3692 21.6064 5.1101 0.000030
0 1.6790 51.7160 3.3580 33.2771 0.000029
0 601.6943 500.7995 26.0969 22.0923 0.000029
0 5.2371 7.2348 10.3669 14.4695 0.000029
0 390.5480 3.2367 22.4081 6.3329 0.000029
0 391.8153 494.7150 29.8578 34.5699 0.000028
0 6.9278 402.6283 13.8446 47.1183 0.000028
0 517.9014 509.2816 19.2650 5.2395 0.000025
0 6.1389 410.9327 12.2777 98.4647 0.000025
