0 262.6403 282.5195 22.3178 47.3574 0.859114
0 113.8925 257.1137 16.0488 29.7128 0.840473
0 594.6176 379.7584 14.4294 66.1371 0.031955
0 590.0237 403.0216 21.0549 117.5405 0.006253
0 586.4809 377.0402 30.8361 67.0277 0.001638
0 606.2713 395.6932 40.2792 103.1654 0.000775
0 579.9217 409.9364 41.3781 131.3140 0.000464
0 602.3865 375.8846 28.6563 62.8128 0.000131
0 268.1807 279.1994 11.8835 39.7420 0.000112
0 596.5475 409.6347 16.5533 136.2403 0.000102
0 585.8387 358.2178 31.0252 98.5622 0.000084
0 605.6284 363.5079 34.1136 86.6169 0.000067
0 122.8363 257.5591 26.3686 31.7678 0.000064
0 112.6190 284.0132 18.1473 86.8345 0.000059
0 2.7979 267.6053 5.5959 68.3378 0.000058
0 595.2843 354.4092 19.7886 108.0248 0.000048
0 580.5337 392.5159 22.2690 92.9741 0.000044
0 132.4238 256.9796 21.1539 33.6024 0.000029
0 102.9676 8.6450 30.3976 17.2900 0.000029
0 592.2417 426.4809 35.6467 169.7020 0.000028
0 256.2661 282.8533 12.5173 47.3041 0.000025
