0 127.9296 258.2143 17.5361 27.0171 0.838016
0 608.6275 385.8041 13.5571 41.8153 0.042531
0 607.7144 403.8817 15.9214 85.5252 0.001901
0 620.7038 392.4148 35.7018 94.8180 0.001361
0 600.2396 398.4058 27.1155 83.1174 0.001237
0 601.2438 386.3858 28.4044 49.2290 0.000916
0 596.1476 406.8413 37.0025 91.1602 0.000662
0 612.3190 371.8193 21.5173 65.8761 0.000330
0 614.7147 387.3523 24.4346 47.3965 0.000256
0 635.3176 383.5947 9.3225 92.6534 0.000171
0 630.2505 366.7458 19.4990 90.4766 0.000092
0 603.3656 421.3934 25.9173 143.3312 0.000067
0 127.4440 284.4161 18.2769 84.4404 0.000061
0 637.5442 377.1275 4.9116 62.4753 0.000055
0 620.6832 368.4268 38.2953 77.2488 0.000049
0 593.5246 25.1102 45.1110 49.8130 0.000046
0 586.7854 6.4632 36.4332 12.7525 0.000045
0 630.9957 397.9043 18.0086 113.5490 0.000036
0 138.4165 259.1868 27.0653 31.1458 0.000034
0 116.5382 257.3835 24.5568 27.4504 0.000029
0 119.5605 8.7683 32.5293 17.5365 0.000026
