0 464.5770 258.6051 23.0044 27.3981 0.829193
0 470.1235 303.2034 13.5934 18.2258 0.748815
0 484.2594 367.4181 14.1800 15.4751 0.636297
0 332.7817 418.0956 22.9300 17.4877 0.025931
0 469.9197 263.5989 23.6376 20.4017 0.011541
0 477.8707 272.4630 15.6090 17.0452 0.005472
0 469.2279 292.6624 15.8761 32.1981 0.004551
0 484.0588 359.8001 15.3983 28.7432 0.003327
0 553.6924 117.2553 11.3083 13.7889 0.003155
0 474.8542 278.3358 16.8295 23.9645 0.002848
0 121.1343 5.5273 27.1447 11.0449 0.002294
0 309.1098 82.3610 11.1334 27.2517 0.002027
0 292.9279 144.1090 11.3094 19.2146 0.001950
0 127.8741 6.8076 18.9253 13.4305 0.000836
0 131.6301 29.0438 10.7714 10.0888 0.000690
0 577.0892 7.7987 21.5536 15.5931 0.000678
0 472.6663 288.1343 15.0747 26.5308 0.000648
0 134.9592 6.5116 26.6460 12.9760 0.000570
0 494.4540 150.7706 23.1233 23.0024 0.000563
0 371.3254 271.3546 11.5569 10.9832 0.000448
0 2.8599 89.7841 5.7198 32.2135 0.000376
0 457.8322 110.1728 15.2518 35.4252 0.000254
0 479.6774 266.7032 14.4331 20.3254 0.000170
0 236.4820 173.0259 20.7497 23.7555 0.000168
0 133.4961 13.0145 20.5091 23.8013 0.000162
0 489.6840 366.5849 25.0193 17.0569 0.000139
0 477.8871 367.0067 24.2034 16.6879 0.000136
0 625.8848 262.3127 15.5708 24.5157 0.000106
0 131.3384 21.7106 11.7964 20.0783 0.000106
0 360.1631 3.3581 17.8051 6.7162 0.000100
0 143.0866 4.3343 20.6615 8.6685 0.000098
0 472.4280 277.0527 17.2685 15.9913 0.000093
0 454.1866 124.0153 7.5231 14.9919 0.000077
0 564.1473 56.2337 10.5876 15.4569 0.000072
0 578.2861 391.1084 22.5042 16.2048 0.000072
0 2.8793 101.7210 5.7585 41.0054 0.000071
0 475.7360 299.3034 20.5450 24.5601 0.000061
0 332.9849 425.9092 22.5267 30.6927 0.000061
0 473.2420 259.3163 25.6309 26.7712 0.000060
0 3.7412 77.4169 7.4825 53.0844 0.000058
0 482.4817 372.1241 16.7511 23.1318 0.000058
0 482.2200 271.2825 9.3486 11.8300 0.000056
0 327.3484 417.8284 13.6610 17.6420 0.000053
0 136.8162 29.9037 14.6886 9.2226 0.000051
0 554.7716 109.8679 11.8781 27.0991 0.000048
0 476.9270 268.5706 18.4778 14.2781 0.000042
0 457.1429 121.9107 14.1954 23.5213 0.000041
0 1.4403 177.0780 2.8806 30.2457 0.000039
0 475.5971 292.1572 22.4875 28.0748 0.000035
0 309.2414 115.5457 9.6746 9.6407 0.000034
0 458.0116 258.6029 10.6428 25.8919 0.000034
0 359.0397 209.9250 11.4008 16.9952 0.000033
0 111.5267 4.5683 36.5450 8.9141 0.000031
0 2.9757 259.0536 5.8724 19.3776 0.000031
0 309.6072 121.7823 10.3314 20.2946 0.000030
0 196.4455 53.3195 8.0372 21.2484 0.000030
0 128.1210 20.0410 14.3064 19.5070 0.000028
0 476.1298 307.3141 22.2946 25.3997 0.000027
