0 471.5537 311.8388 33.6707 25.8050 0.861631
0 430.5000 265.9611 18.5829 14.8265 0.532673
0 337.1174 421.8808 23.5654 15.0165 0.014762
0 338.0117 427.6585 24.9926 29.1873 0.010534
0 296.1679 147.0288 11.6029 18.9123 0.009779
0 440.3121 277.2143 10.2631 14.3242 0.009377
0 127.1556 6.6021 18.3350 13.0381 0.002732
0 311.4614 85.1770 12.9314 28.4261 0.001987
0 363.3328 213.5531 10.3074 17.2512 0.001497
0 557.2058 119.7652 10.8092 14.6862 0.001461
0 460.3845 314.8855 12.2020 20.0673 0.001045
0 134.2480 7.1618 20.2356 13.9526 0.000892
0 2.7031 93.9137 5.4060 27.8713 0.000873
0 56.2896 2.5789 20.4017 5.1487 0.000507
0 435.2786 271.5416 13.7020 17.2204 0.000460
0 119.4025 6.6797 32.6719 13.3264 0.000457
0 296.6541 155.7310 11.6055 33.9246 0.000441
0 479.7676 312.0609 17.4905 25.9873 0.000414
0 437.8608 275.7024 15.3549 18.0427 0.000393
0 459.4948 126.2971 10.9660 16.8064 0.000315
0 134.9915 30.9899 11.9227 10.7300 0.000289
0 361.0294 4.6472 17.9721 9.2748 0.000243
0 439.4905 270.5995 11.3984 13.1604 0.000226
0 56.9476 4.5447 20.8464 9.0893 0.000204
0 522.3438 63.3384 11.7754 12.6191 0.000203
0 3.2729 84.6012 6.5457 40.9991 0.000199
0 486.1550 337.8923 9.8413 14.5143 0.000190
0 580.5745 8.4729 19.8120 16.9458 0.000188
0 66.9809 3.5343 30.9636 7.0685 0.000181
0 583.2530 393.2004 22.0760 14.9346 0.000150
0 133.5870 13.0667 14.7343 23.6225 0.000139
0 630.1671 265.0177 16.2023 23.5772 0.000138
0 2.9498 104.0653 5.8997 38.3159 0.000126
0 140.5103 31.2216 21.8837 12.8476 0.000125
0 435.4062 263.3924 17.4895 18.4529 0.000113
0 236.4061 175.3657 19.8777 23.2112 0.000106
0 374.3852 274.2482 11.4529 11.0540 0.000088
0 140.7733 5.4989 24.3171 10.9977 0.000084
0 50.8176 3.1590 20.8466 6.2370 0.000083
0 391.7552 479.1196 24.0973 25.9225 0.000082
0 54.2991 7.3811 18.2492 14.7622 0.000074
0 547.3799 469.0564 27.1194 15.5667 0.000066
0 130.0157 7.7298 9.2232 12.2618 0.000061
0 368.9170 4.4091 19.7899 8.8182 0.000053
0 378.5379 425.1956 20.9467 25.4531 0.000050
0 75.7637 139.5165 9.5725 11.9086 0.000047
0 423.6036 267.9932 28.2908 13.5369 0.000045
0 438.3786 260.9742 9.7823 11.9115 0.000043
0 296.9974 164.3945 11.4814 16.1157 0.000043
0 460.8030 111.4205 11.2726 24.3551 0.000043
0 445.5877 280.2096 19.0417 14.4678 0.000042
0 433.4487 275.1599 20.9384 22.4051 0.000035
0 61.3823 7.6600 28.8830 15.2426 0.000034
0 314.1699 127.1393 9.0100 16.6753 0.000033
0 394.0432 281.6639 15.6558 14.3528 0.000026
