0 479.7159 374.4138 33.7458 115.5063 0.854222
0 3.0583 284.2451 6.1133 58.7468 0.149958
0 2.8680 271.5260 5.7361 46.2952 0.044660
0 137.8732 359.0513 33.8429 39.3001 0.034268
0 361.5396 395.8171 21.1892 62.4973 0.024389
0 6.0506 421.6529 12.0899 148.7128 0.009722
0 139.2481 335.5970 33.6899 85.7621 0.007312
0 6.8901 474.5028 13.7802 70.2257 0.005069
0 3.8678 304.1793 7.7355 102.1452 0.002728
0 2.2902 299.6566 4.5804 87.7476 0.001429
0 13.7218 376.5929 27.4436 63.2003 0.001017
0 275.8109 347.4874 15.2015 75.9396 0.000938
0 604.0824 485.5067 66.1211 52.7626 0.000897
0 370.5559 396.9944 38.7258 69.8311 0.000637
0 430.1234 265.2585 24.3892 79.0292 0.000611
0 4.5562 392.4497 9.1123 103.2206 0.000570
0 4.3411 362.7610 8.6821 84.2819 0.000521
0 413.4738 250.7711 14.9718 43.0446 0.000462
0 147.4870 359.5757 17.1934 35.6184 0.000445
0 9.8859 499.3753 19.4848 25.1657 0.000396
0 3.8328 422.7873 7.6656 114.0685 0.000362
0 6.9171 281.6912 13.7018 58.4303 0.000330
0 621.4398 494.8072 37.1203 34.3856 0.000304
0 3.1055 139.6379 6.2110 47.2100 0.000290
0 3.3583 250.8789 6.7166 66.6802 0.000286
0 4.0882 465.1631 8.1764 81.5744 0.000246
0 168.9705 508.4229 29.1429 7.1440 0.000236
0 626.3223 484.6448 27.3553 52.2058 0.000216
0 7.1626 273.0672 14.0290 30.5820 0.000201
0 590.0285 470.9875 48.3517 81.3387 0.000175
0 7.9026 302.2522 15.7943 91.7796 0.000159
0 637.1302 383.9428 5.7395 87.5272 0.000134
0 634.5029 484.1667 10.9942 52.8444 0.000134
0 3.9255 157.3026 7.8508 55.9404 0.000133
0 18.8506 506.2431 34.9885 11.5138 0.000112
0 622.2197 504.1405 35.5607 15.7189 0.000107
0 4.9553 185.4578 9.9106 28.6269 0.000107
0 12.7995 416.8187 25.3974 169.0410 0.000106
0 632.9075 498.9272 14.1849 26.0720 0.000104
0 328.2975 85.1895 16.8387 32.0663 0.000104
0 4.7717 202.1704 9.5434 61.6395 0.000087
0 136.9973 3.9571 22.4720 7.9142 0.000083
0 629.2325 493.7625 21.4451 36.3606 0.000079
0 420.9938 258.8784 27.7258 62.9265 0.000073
0 4.0378 231.1091 8.0756 95.8597 0.000070
0 636.8701 449.0753 6.2596 103.8503 0.000069
0 605.2434 493.9019 50.1775 36.1962 0.000064
0 16.3393 479.1220 32.3411 65.3336 0.000059
0 636.0981 362.5621 7.8037 72.0638 0.000059
0 637.8803 485.9779 4.2394 47.9587 0.000057
0 19.7179 507.5404 24.6057 8.9193 0.000054
0 3.3212 384.6361 6.6424 76.4758 0.000053
0 5.2370 126.4475 9.9386 61.0585 0.000051
0 335.0262 87.9983 26.4590 39.7947 0.000048
0 274.4693 331.5161 13.6467 43.4088 0.000043
0 611.8104 501.5398 56.3793 20.9203 0.000039
0 481.4609 349.2905 28.1938 65.1176 0.000036
0 296.9054 509.0284 27.1893 5.9432 0.000035
0 11.0043 354.2598 22.0086 92.3378 0.000034
0 250.7903 5.4555 30.5684 10.9110 0.000034
0 637.3383 410.7331 5.3234 81.5320 0.000034
0 4.4700 176.5562 8.9400 30.8183 0.000033
0 7.6253 373.2780 15.2506 70.7190 0.000033
0 375.3809 396.3948 48.7424 127.0912 0.000028
0 29.5989 507.1245 34.9563 9.7510 0.000028
0 5.4532 321.5654 10.9064 130.3577 0.000028
0 633.5100 325.3328 12.9800 64.2980 0.000027
0 13.1227 507.4688 15.8813 9.0625 0.000026
