0 334.6597 428.1537 25.3587 33.5222 0.537700
0 585.3350 402.5264 21.1011 31.0538 0.003323
0 404.0960 33.1660 12.5442 16.9825 0.003192
0 486.2357 43.0720 12.4172 11.6300 0.001918
0 236.1132 173.9244 21.0842 22.7865 0.000732
0 2.2058 245.5403 4.4103 37.5842 0.000440
0 122.7942 5.3539 23.1795 10.6537 0.000415
0 2.2235 234.2473 4.4469 22.3851 0.000347
0 135.2713 29.5107 15.9334 11.4676 0.000310
0 579.2639 6.9322 24.8147 13.8644 0.000213
0 388.5827 475.0559 26.4894 26.9581 0.000205
0 331.6580 424.0420 17.3225 23.7793 0.000204
0 384.8392 278.0558 30.1112 16.6284 0.000193
0 418.1137 283.0052 21.5253 29.0174 0.000191
0 363.1935 3.8008 13.7965 7.6015 0.000189
0 406.1972 32.2933 8.0202 15.4752 0.000184
0 455.8080 131.7856 10.2360 28.1607 0.000173
0 293.9607 144.9809 11.3283 18.5959 0.000146
0 483.5962 304.8411 25.3835 24.1365 0.000136
0 128.6812 6.0598 16.0058 12.0461 0.000123
0 556.2920 118.8788 13.0516 15.4910 0.000120
0 361.3118 211.6848 11.0699 17.5813 0.000104
0 372.1980 272.3863 12.2010 11.3298 0.000099
0 133.7264 8.0129 21.3895 15.6743 0.000077
0 1.5081 179.8357 3.0162 29.7048 0.000076
0 337.1997 419.8109 18.9072 17.8405 0.000065
0 73.1200 137.8608 9.9830 12.4016 0.000065
0 310.4313 83.9023 13.4548 28.4794 0.000065
0 634.7720 347.6129 10.4561 18.6425 0.000054
0 60.9452 99.6882 11.8925 13.0477 0.000049
0 311.2751 126.4090 9.1620 15.2683 0.000048
0 115.9700 4.6160 29.6961 9.0342 0.000044
0 545.0342 465.1098 28.3615 23.2019 0.000039
0 314.3741 173.8309 9.7814 18.4671 0.000033
0 355.5538 3.7082 23.7615 7.3741 0.000032
0 375.5737 5.7972 25.4944 11.5944 0.000031
0 380.5045 475.5598 12.6508 17.4677 0.000029
0 585.7568 398.9375 14.1443 22.4498 0.000029
0 1.4622 171.1309 2.9244 18.8275 0.000029
0 136.4304 16.2149 20.6435 23.8062 0.000029
0 136.3982 4.6060 23.9519 9.2120 0.000027
