0 281.0979 296.7036 33.6126 55.8292 0.908381
0 317.5301 292.3225 32.7501 31.7614 0.874856
0 336.5011 336.8103 28.0305 58.5541 0.871145
0 353.6850 211.9965 17.9653 16.0303 0.033064
0 356.9025 230.9870 26.5832 55.7602 0.023327
0 362.4916 252.6572 11.5133 13.0181 0.022484
0 164.4555 461.9980 50.2242 41.3109 0.004902
0 13.2028 396.7988 26.3316 27.8150 0.003871
0 359.3343 249.9273 18.1832 19.0515 0.002868
0 203.6293 6.9202 15.6701 13.8295 0.000907
0 317.7827 315.5195 25.5842 36.4558 0.000281
0 211.2168 6.6742 29.5414 13.3483 0.000128
0 469.1503 497.3080 53.8620 29.3840 0.000122
0 7.2781 5.1687 14.5562 10.3375 0.000074
0 56.1112 504.8891 23.7191 14.2219 0.000064
0 10.5826 501.5924 21.1651 20.8151 0.000062
0 557.4648 74.0577 13.7799 22.9104 0.000049
0 1.7395 468.8835 3.4790 24.9094 0.000045
0 635.5182 66.8389 8.9636 43.5540 0.000044
0 325.1474 337.1063 28.5161 55.3536 0.000041
0 511.3452 404.3698 37.7031 37.2637 0.000038
0 311.9862 311.1800 22.4775 40.2004 0.000034
0 329.6530 324.6990 23.9288 56.2550 0.000034
0 360.4072 209.9460 33.6094 23.4146 0.000033
0 196.6356 6.8809 26.0242 13.7048 0.000032
0 458.2319 499.3691 36.4603 25.2111 0.000028
0 368.9454 229.1232 33.4612 57.5278 0.000028
