0 546.4790 378.9746 37.8193 127.7464 0.890091
0 302.6371 366.8548 44.0959 136.5670 0.889522
0 9.0332 324.7999 18.0620 107.2620 0.141648
0 8.2510 174.2333 16.4942 60.8055 0.002815
0 3.2477 323.3034 6.4954 97.4160 0.002760
0 5.4235 325.9494 10.8471 89.8303 0.002672
0 436.6567 5.6145 25.8084 11.2204 0.001079
0 4.0274 361.2700 8.0548 124.2826 0.000669
0 609.9440 13.7592 46.8101 27.4190 0.000630
0 5.2003 298.4495 10.4005 113.0194 0.000603
0 107.3656 7.0261 22.8281 14.0522 0.000450
0 447.1400 335.2084 30.1927 56.1401 0.000342
0 8.2778 155.7572 16.5554 48.8245 0.000196
0 227.6397 342.2068 12.3665 34.4514 0.000174
0 261.0236 2.7090 20.7872 5.4179 0.000131
0 52.1095 12.3843 18.7927 23.8226 0.000129
0 236.1563 355.7877 27.4540 64.2262 0.000125
0 47.7913 13.2203 18.3834 26.4405 0.000123
0 115.5713 6.8753 27.1571 13.7424 0.000113
0 73.3348 31.5506 14.5599 48.3487 0.000108
0 636.9556 379.5974 6.0888 132.6226 0.000103
0 449.1710 5.1702 38.7584 10.3404 0.000102
0 52.7776 15.9129 9.7190 21.1706 0.000102
0 445.7673 473.5961 33.3678 62.1797 0.000093
0 2.0036 443.2335 3.9985 80.6952 0.000085
0 437.9196 456.4384 53.7255 103.8503 0.000081
0 16.0353 332.4757 26.1183 93.8340 0.000075
0 464.1868 468.8776 52.7140 86.2008 0.000070
0 21.6459 41.8235 19.4161 20.1205 0.000064
0 59.9315 11.7872 24.0016 23.5745 0.000060
0 3.5316 163.7559 7.0631 36.2361 0.000059
0 64.7734 30.7351 29.6383 52.9260 0.000058
0 433.5570 420.8294 60.1869 140.6213 0.000054
0 1.5998 259.4387 3.1996 58.9153 0.000050
0 3.0357 385.7053 6.0713 138.6549 0.000047
0 5.9555 361.7726 11.9109 175.2311 0.000040
0 337.8286 5.5000 17.3981 10.9128 0.000037
0 2.1935 341.1682 4.3869 83.5773 0.000035
0 535.0065 4.5737 25.4800 9.1474 0.000034
0 2.7177 288.8939 5.4354 102.3485 0.000031
0 291.2134 509.0009 16.7186 5.9981 0.000031
0 638.3804 325.7856 3.2391 58.1414 0.000030
0 376.6982 36.7242 29.6707 38.0450 0.000030
0 1.6475 241.0125 3.2949 43.0428 0.000028
0 16.2985 26.6119 28.0436 53.2238 0.000026
