0 348.5369 325.5593 30.6916 52.4489 0.906892
0 306.8789 360.3071 25.5468 35.7744 0.893771
0 341.9986 121.2377 23.4488 25.4329 0.148576
0 636.1062 182.0234 7.7116 26.8232 0.009449
0 628.3366 373.3422 23.3268 46.1133 0.006047
0 637.3988 253.7054 5.1922 30.1590 0.004650
0 610.1004 221.5491 15.8913 21.4251 0.003910
0 636.5465 193.4262 6.9051 49.9626 0.003405
0 635.5661 171.2872 8.7790 45.9238 0.002810
0 636.5496 268.4547 6.8174 27.1820 0.002053
0 278.3074 383.8536 21.3577 21.0491 0.001307
0 637.3701 264.3881 5.1092 21.3038 0.001209
0 637.9608 265.5267 4.0784 29.4265 0.001100
0 636.2941 238.8997 7.4043 52.2903 0.001028
0 631.4146 272.5427 16.5007 29.6352 0.001010
0 608.9984 499.6008 27.2449 24.4378 0.000927
0 627.4572 277.7915 13.0185 15.3795 0.000860
0 247.6307 343.6808 21.7587 31.3617 0.000705
0 185.1431 6.3453 28.4693 12.6835 0.000388
0 179.5526 9.4875 24.3772 18.9751 0.000378
0 632.5515 263.0509 14.5191 23.7465 0.000358
0 436.9573 344.8842 14.1288 22.4721 0.000321
0 342.2434 132.4633 25.8475 49.7755 0.000296
0 420.2397 7.2307 23.9000 14.4614 0.000288
0 638.2167 483.1872 3.5667 18.1302 0.000254
0 606.5350 217.6827 21.1682 30.0745 0.000181
0 635.3687 387.5287 9.2488 22.8192 0.000161
0 179.0407 4.5679 24.2168 9.1179 0.000160
0 371.9242 28.3265 16.5040 33.9646 0.000148
0 630.4383 285.2057 18.6069 46.0953 0.000124
0 633.2747 185.5072 12.9013 32.8380 0.000099
0 283.3665 388.1979 11.0350 12.8397 0.000091
0 637.7638 243.7358 4.4725 42.1997 0.000064
0 438.2444 335.9562 19.3544 39.8589 0.000063
0 205.5307 405.5602 19.0811 17.4193 0.000058
0 506.7617 495.5021 32.3098 32.7811 0.000054
0 632.9568 251.8709 13.7936 33.4830 0.000052
0 637.3475 120.2178 5.3051 25.8894 0.000051
0 637.0267 280.4861 5.9466 44.3504 0.000046
0 636.5012 139.5067 6.9976 52.7714 0.000041
0 546.6365 390.2631 20.4299 27.9139 0.000041
0 481.3592 464.9670 33.6986 37.9905 0.000039
0 610.1912 507.1871 22.8657 9.6258 0.000037
0 323.0186 454.4729 12.4820 10.2714 0.000035
0 613.3839 215.5032 15.6306 29.4652 0.000035
0 275.9680 4.2361 17.9240 8.4722 0.000034
0 162.7699 9.1436 55.9553 18.2871 0.000033
0 631.8755 385.2942 15.6089 24.5564 0.000032
0 461.7488 506.9862 15.0802 9.9116 0.000030
0 116.6675 3.5106 20.4605 6.9973 0.000028
0 636.3972 223.3585 7.2051 30.9987 0.000026
