0 363.5608 305.1244 28.7511 31.8335 0.894092
0 319.3697 310.2020 34.9984 33.5189 0.885245
0 320.0138 140.9916 21.8941 23.6290 0.868609
0 559.2500 489.3786 21.6482 22.2901 0.006728
0 433.7760 470.5232 16.5644 22.2440 0.000703
0 479.3125 448.5688 22.3492 27.8320 0.000542
0 557.7502 494.5537 29.3869 33.6779 0.000540
0 351.1425 379.9303 11.6803 13.7869 0.000484
0 592.1751 257.6686 8.1075 13.5785 0.000394
0 328.1746 197.9935 12.0293 27.7215 0.000287
0 196.6181 16.5948 31.2233 32.3163 0.000278
0 536.1027 281.8428 26.4005 21.0634 0.000214
0 266.1883 7.1981 15.1845 14.3258 0.000205
0 348.5714 126.7899 8.3395 22.4935 0.000177
0 319.6181 202.9066 25.7544 37.6987 0.000133
0 423.2751 7.1708 21.2544 14.3416 0.000126
0 299.3094 61.5367 11.8724 15.6026 0.000120
0 635.0914 483.0231 9.4019 12.8333 0.000110
0 271.5910 65.4029 11.8658 12.7984 0.000108
0 635.6727 494.7535 8.5893 29.9543 0.000106
0 635.9861 505.0166 8.0277 13.8266 0.000091
0 345.8656 131.3372 14.6398 32.5822 0.000073
0 261.7672 7.7226 20.7027 15.3997 0.000064
0 594.3823 509.3105 13.5842 5.3790 0.000063
0 574.3229 456.1041 24.2344 30.4324 0.000050
0 353.5315 379.7226 7.5331 10.3542 0.000049
0 326.7835 189.9497 13.1963 26.6321 0.000036
0 418.0576 501.1451 37.6421 21.5281 0.000035
0 451.7145 427.6601 18.5476 23.7155 0.000034
0 597.4372 346.8325 31.7535 35.6949 0.000032
0 339.7491 133.5780 24.1965 36.8815 0.000032
0 510.2942 345.4755 37.2136 43.5199 0.000030
0 590.6455 336.8664 17.1206 19.2969 0.000028
0 525.2927 10.2924 24.8121 20.5847 0.000026
