0 369.2093 280.9272 25.1329 35.9639 0.885417
0 298.0431 267.3817 30.7960 32.7422 0.883505
0 311.2116 321.4263 30.7733 33.0480 0.879641
0 303.5934 126.3114 21.2945 46.1586 0.858341
0 328.0692 205.6844 13.7247 34.9241 0.014959
0 418.8824 323.2165 15.8223 21.4157 0.003685
0 553.4033 494.4982 27.1044 34.0850 0.001732
0 479.2414 449.4577 23.9910 28.4465 0.001106
0 636.4802 505.5492 6.9874 12.7867 0.000899
0 636.5351 499.5748 6.9069 24.0955 0.000779
0 353.3968 380.9331 7.5031 10.0128 0.000563
0 321.2217 205.5793 25.1818 35.9271 0.000377
0 632.5007 507.3247 14.7459 9.3206 0.000295
0 559.2270 488.6294 20.4677 25.8313 0.000274
0 195.4076 18.0895 31.3132 35.1130 0.000235
0 265.4429 9.5996 14.3792 18.8520 0.000203
0 632.2537 496.4476 15.1921 30.6322 0.000186
0 434.1129 471.9439 18.5968 23.9741 0.000165
0 295.6514 109.5124 9.1947 13.8194 0.000138
0 2.2422 352.3879 4.4843 34.9383 0.000133
0 637.7489 258.3067 4.5022 35.9948 0.000131
0 591.4088 259.9116 10.0737 12.9914 0.000123
0 636.2162 252.9439 7.5463 31.1201 0.000109
0 635.2900 490.4929 9.4199 32.4806 0.000105
0 603.5400 493.9678 18.6569 24.2791 0.000085
0 297.2255 106.9367 8.6371 12.3893 0.000072
0 350.5519 382.9186 12.0151 14.9828 0.000065
0 220.6205 366.0367 15.7353 17.0240 0.000064
0 572.7394 457.3583 26.7583 28.2710 0.000063
0 632.2559 254.1115 15.1842 31.3950 0.000053
0 298.7502 115.1075 12.5956 25.1196 0.000049
0 314.6964 203.6497 23.0811 33.8430 0.000048
0 586.4769 253.4101 18.4309 24.1487 0.000044
0 637.0115 490.5607 5.8667 22.6036 0.000039
0 305.8694 270.8660 16.0232 25.1289 0.000038
0 637.9531 245.7283 4.0938 41.2625 0.000037
0 292.5660 110.9198 13.7261 17.7326 0.000037
0 330.1192 199.5441 12.8016 23.8939 0.000033
0 271.3210 9.7429 20.3638 19.4858 0.000032
0 2.4733 368.6760 4.9465 22.5982 0.000031
0 634.9696 486.7827 9.3494 15.6151 0.000031
0 535.8224 284.3511 27.8696 22.5223 0.000030
0 596.1846 349.1337 32.7332 34.8860 0.000028
0 324.3361 410.2117 12.9235 12.1963 0.000028
0 593.3206 509.2149 14.5775 5.5702 0.000027
0 239.1873 5.9615 16.0167 11.9230 0.000027
0 155.5458 163.4686 15.0274 23.0279 0.000025
0 544.6836 42.2035 15.2031 18.5325 0.000025
