0 310.5121 363.1739 28.9092 35.3915 0.872184
0 318.8639 172.5851 19.8863 31.2051 0.870911
0 327.4451 212.2271 23.9459 38.5188 0.856927
0 325.5182 283.6747 27.6516 39.0974 0.754456
0 630.2096 9.9542 19.5807 19.8904 0.005111
0 318.2285 283.2267 16.4485 35.8859 0.003136
0 334.3578 283.9471 15.4868 36.1360 0.002559
0 635.4382 13.1445 9.1174 26.2891 0.001851
0 350.1787 312.7159 22.6540 20.7081 0.001318
0 595.5299 415.1122 18.3311 18.1152 0.001012
0 598.2237 337.4398 11.6510 13.8774 0.000921
0 320.5157 191.9300 19.3328 30.7667 0.000813
0 354.9622 464.5458 15.0187 18.6599 0.000777
0 636.7824 17.9997 6.3939 35.3783 0.000565
0 372.3923 122.5411 13.5204 34.1481 0.000472
0 534.9399 508.5431 16.1911 6.9138 0.000372
0 355.0182 211.0242 8.1497 18.6224 0.000353
0 439.4553 304.3200 12.7586 14.7719 0.000341
0 313.4858 280.9685 15.5741 35.2117 0.000323
0 331.9692 205.7374 14.6886 25.3080 0.000312
0 225.9863 443.9840 16.0992 17.9702 0.000307
0 2.3764 162.0777 4.7529 27.7179 0.000305
0 258.4706 178.0693 12.4891 45.4025 0.000251
0 537.6981 505.4217 16.5531 13.1566 0.000229
0 233.1923 437.8639 30.2014 30.1689 0.000201
0 425.8572 404.8033 16.5358 22.2050 0.000195
0 2.6616 140.0267 5.3233 40.2501 0.000178
0 331.3304 483.5597 13.4520 21.8766 0.000174
0 624.9041 12.3075 30.1918 24.4779 0.000173
0 320.1795 272.9024 15.8075 24.2540 0.000160
0 608.6947 254.6316 16.2319 18.2549 0.000156
0 267.0297 404.3749 24.6792 32.6625 0.000152
0 204.0139 105.4955 22.7532 18.7702 0.000143
0 329.5596 275.8812 17.1393 28.7492 0.000140
0 273.9081 93.4215 10.7109 16.0013 0.000139
0 232.0815 415.4136 31.2467 73.2718 0.000129
0 330.8557 487.8082 14.2709 12.9780 0.000129
0 595.9002 336.1345 8.3250 18.5486 0.000125
0 635.8129 506.1604 8.3740 11.6792 0.000112
0 277.9275 149.8475 8.8478 10.4987 0.000102
0 325.5344 275.0401 10.6237 22.3605 0.000096
0 320.3216 207.2737 13.9202 26.8026 0.000092
0 325.2402 269.0856 7.6691 10.3892 0.000087
0 482.2795 11.9796 18.7540 23.9318 0.000085
0 376.6292 29.2750 9.9756 27.0538 0.000081
0 638.2122 351.3851 3.5756 38.7900 0.000076
0 176.7544 7.1481 20.3281 14.1514 0.000074
0 542.1530 363.2607 27.7315 22.5059 0.000073
0 632.3793 339.8122 14.6536 28.6428 0.000071
0 533.1087 501.9753 19.2954 20.0493 0.000067
0 66.6930 509.3008 28.0366 5.3985 0.000060
0 2.6949 175.3463 5.3898 57.5827 0.000059
0 160.8028 42.8896 18.8433 24.9414 0.000058
0 630.6910 19.2246 18.0601 37.3235 0.000058
0 398.4168 11.8278 19.0421 23.6556 0.000056
0 321.8960 269.4545 11.5491 11.6091 0.000055
0 317.0168 204.2774 10.8362 19.2651 0.000053
0 635.8319 346.6378 8.3362 40.8892 0.000053
0 266.3101 395.7936 24.9829 19.9912 0.000053
0 287.2513 206.1601 10.7649 20.9390 0.000052
0 317.7136 293.8820 14.8511 20.6040 0.000051
0 616.9934 508.0520 13.7130 7.8959 0.000049
0 328.3259 271.5995 12.7972 15.3972 0.000041
0 1.6884 293.6165 3.3768 30.9962 0.000038
0 637.2481 358.4589 5.5038 36.5254 0.000037
0 252.0301 509.4156 11.6116 5.0310 0.000036
0 458.3051 505.5008 17.4387 12.9593 0.000035
0 221.2555 2.5356 14.2032 5.0673 0.000034
0 540.6144 508.7695 18.2534 6.4610 0.000033
0 547.3053 119.1206 11.8436 19.0950 0.000033
0 4.3255 425.4174 8.6510 31.5801 0.000032
0 286.1208 210.8279 12.7023 11.6840 0.000031
0 638.0674 341.0742 3.8652 27.7866 0.000031
0 161.9941 245.5413 13.7460 18.7601 0.000030
0 288.0468 104.5219 13.0350 18.1208 0.000027
0 338.3337 290.4621 15.9773 38.3091 0.000027
0 207.6979 99.8946 26.2977 30.1727 0.000027
