0 326.4205 223.4928 22.6265 20.9087 0.857636
0 311.9651 119.1137 13.6298 13.9918 0.636016
0 339.0462 186.0024 23.6690 40.2195 0.029208
0 269.6518 88.4771 10.3255 14.9250 0.006156
0 372.7781 23.8252 10.5450 30.0354 0.002140
0 632.6582 11.7238 14.6249 23.4314 0.001779
0 330.5256 283.7738 12.4023 34.2480 0.001564
0 635.4197 505.4313 9.1517 13.1307 0.001215
0 326.5549 478.4929 16.7360 25.1481 0.001184
0 435.4726 299.7900 12.6188 15.0388 0.000889
0 307.9871 120.4541 16.6162 16.1388 0.000550
0 312.2677 127.3026 15.0341 29.2828 0.000445
0 627.3009 6.8558 25.2068 13.6779 0.000427
0 631.6807 507.1183 16.1208 9.7634 0.000307
0 330.4462 274.3616 10.3302 15.5436 0.000271
0 539.0341 359.2373 29.6128 21.6790 0.000252
0 593.1988 334.7829 9.5285 11.9209 0.000212
0 354.8733 458.2310 6.8552 10.6910 0.000206
0 326.5553 485.1083 12.9793 12.3500 0.000203
0 259.9276 4.2174 25.3954 8.4325 0.000203
0 332.9834 199.2937 15.0986 20.4712 0.000200
0 634.9992 20.8372 10.0015 41.5164 0.000194
0 299.6484 143.5294 12.3768 14.0273 0.000184
0 399.1109 7.8385 16.2201 15.6770 0.000181
0 637.1113 501.2352 5.7775 20.9537 0.000170
0 170.6305 4.9679 20.5813 9.9357 0.000153
0 635.7213 331.5464 8.5425 29.3584 0.000141
0 410.2217 509.9496 15.4923 4.1009 0.000138
0 637.0966 338.6255 5.8068 22.2376 0.000132
0 452.9632 505.4457 21.0796 13.1086 0.000132
0 632.8868 502.3351 13.9023 19.3298 0.000125
0 282.7800 99.4958 11.9020 18.7301 0.000125
0 478.9829 9.5320 19.7359 19.0639 0.000115
0 407.7459 8.1630 25.1968 16.3259 0.000086
0 316.7393 125.3830 18.5507 24.5561 0.000082
0 321.7204 282.0477 22.3883 33.7690 0.000080
0 199.2436 102.3283 24.6557 20.4165 0.000079
0 533.3616 507.9714 14.8323 8.0573 0.000074
0 250.5104 4.9873 30.9513 9.9745 0.000073
0 420.3503 400.9218 15.0013 21.0392 0.000073
0 630.7712 17.0369 18.3186 34.0578 0.000068
0 636.0562 496.8850 7.8877 30.2300 0.000068
0 451.2271 501.7869 30.5173 20.1332 0.000067
0 350.2438 462.8503 13.2160 18.3551 0.000058
0 637.9857 331.6843 4.0287 33.4533 0.000056
0 337.5400 199.9882 18.2112 11.2057 0.000055
0 553.0222 509.6548 14.3337 4.6903 0.000053
0 637.1550 492.3853 5.6901 27.0858 0.000053
0 274.3462 96.2086 17.3724 26.0427 0.000052
0 544.4136 450.7919 20.4948 20.5804 0.000050
0 221.5445 441.7990 14.0419 16.3654 0.000049
0 332.4910 6.9194 16.7578 13.8389 0.000045
0 307.7120 133.7429 20.3212 29.6497 0.000044
0 591.7986 412.2868 18.3665 19.3338 0.000041
0 190.4349 99.6557 30.9299 22.6175 0.000039
0 392.1288 7.5989 17.9215 15.1977 0.000035
0 308.8612 113.8931 14.9949 26.4028 0.000034
0 485.9250 8.6432 27.1814 17.2863 0.000034
0 336.9020 2.7228 20.6750 5.4457 0.000034
0 203.9737 92.8350 26.0589 39.0417 0.000032
0 314.3176 112.6679 14.3192 26.3268 0.000031
0 527.6947 503.0824 20.7832 17.8351 0.000027
0 308.9297 279.1580 15.2045 26.5836 0.000026
0 544.1287 166.5308 11.5748 20.0341 0.000025
0 404.7298 509.8500 17.7393 4.3000 0.000025
