0 261.5395 388.4761 15.6260 37.9302 0.816855
0 424.3245 241.2794 13.6331 38.6768 0.792707
0 310.8809 301.4231 12.8016 27.5308 0.736883
0 472.5409 7.0747 17.5380 14.1469 0.028947
0 413.1855 201.2083 13.3104 19.8942 0.015717
0 395.1312 303.8327 11.8513 35.7879 0.008700
0 5.2523 378.9633 10.5020 32.8698 0.007706
0 113.2541 508.8031 16.3933 6.3937 0.007037
0 280.8715 232.7112 8.3346 8.6162 0.006758
0 466.3895 7.1146 22.6965 14.1763 0.001360
0 72.0341 198.2465 15.6032 20.5821 0.001206
0 5.1560 393.7062 10.3120 52.7246 0.001198
0 109.4765 9.2515 14.6849 18.4413 0.001037
0 273.4014 369.1924 11.9222 27.0704 0.000708
0 479.7485 6.9632 35.0486 13.9264 0.000465
0 534.6824 7.3362 29.7205 14.6724 0.000454
0 108.1486 497.6116 24.7221 28.6915 0.000385
0 441.1816 141.1147 17.9605 25.1026 0.000360
0 108.6238 508.2580 23.0964 7.4385 0.000331
0 372.2045 376.9654 10.0688 26.5023 0.000320
0 351.8174 405.6980 9.3637 38.5793 0.000287
0 461.8916 5.0034 25.0565 10.0067 0.000258
0 229.1040 79.8558 13.2007 14.9850 0.000229
0 418.2440 243.0317 18.0741 39.0104 0.000172
0 530.7938 4.8768 22.4482 9.7536 0.000121
0 279.5518 231.0029 8.5116 8.8419 0.000121
0 5.7219 368.0075 11.1308 53.0645 0.000102
0 121.1921 508.2651 30.2465 7.4698 0.000095
0 440.6339 151.0144 20.0793 42.7144 0.000087
0 111.3019 503.7350 17.8937 16.4894 0.000084
0 193.7911 168.5763 8.3694 17.8285 0.000080
0 22.2288 13.2044 8.5219 26.4088 0.000078
0 526.0055 4.4071 14.3999 8.7976 0.000076
0 257.1930 392.5129 9.6295 31.1194 0.000076
0 265.7955 385.8854 15.2104 41.4600 0.000074
0 479.2033 5.3425 22.2657 10.6851 0.000071
0 306.7548 302.8237 17.6801 27.1811 0.000062
0 211.0529 7.7270 10.1457 15.1126 0.000061
0 415.6197 207.0087 13.6669 33.4889 0.000058
0 188.1319 215.7951 8.2839 10.8586 0.000056
0 311.2758 238.0310 8.7535 14.4084 0.000055
0 288.1918 228.9698 14.9036 10.4976 0.000043
0 317.5989 304.1223 19.3979 31.3047 0.000041
0 414.7355 235.8848 11.6813 29.8588 0.000040
0 314.1422 237.0844 6.2085 16.5990 0.000039
0 272.8999 362.8112 10.1580 18.0090 0.000033
0 24.8691 6.4207 11.1013 12.8415 0.000032
0 159.8248 11.4669 14.1904 22.3704 0.000031
0 168.1588 11.7794 30.1618 23.5588 0.000031
0 346.6349 136.8157 9.5288 21.9421 0.000031
0 464.3539 11.8856 25.2516 23.5112 0.000031
0 115.1630 501.0553 27.8481 21.8893 0.000030
0 120.7796 194.5221 9.6915 23.0715 0.000029
0 41.9147 126.9590 15.4510 43.5406 0.000029
0 267.7852 5.8465 20.5474 11.4383 0.000028
0 451.7444 4.0744 22.7472 8.1488 0.000026
0 241.9060 427.3829 6.8701 15.4369 0.000025
