0 383.5841 302.1230 17.4174 33.1626 0.821017
0 485.0932 214.9862 17.3672 28.1548 0.487223
0 325.8267 372.1753 14.5373 24.1367 0.109710
0 327.9849 364.6843 18.5443 42.7681 0.010549
0 151.1851 169.3509 12.6216 16.8629 0.010348
0 128.5049 97.8442 14.6492 43.1629 0.005752
0 177.4249 9.0594 15.5261 18.1189 0.003819
0 7.2787 504.6225 14.5574 14.7533 0.002570
0 485.4940 225.9055 18.2351 51.3671 0.001593
0 488.5019 208.6428 13.2626 16.9545 0.000822
0 430.9345 381.2684 10.3708 15.1896 0.000765
0 332.8538 358.6910 17.2278 34.4838 0.000505
0 525.3174 156.2173 17.6377 31.5235 0.000491
0 179.8840 321.0848 9.0335 14.4383 0.000484
0 251.7912 5.4753 9.9398 10.8941 0.000431
0 376.3322 300.9266 11.0498 24.8070 0.000355
0 386.7677 237.7887 5.0168 17.1524 0.000338
0 406.6721 232.3357 8.2404 18.3805 0.000326
0 33.5108 231.7795 11.2357 22.2018 0.000286
0 2.5684 418.2695 5.1369 35.9098 0.000260
0 329.3904 368.3814 10.5747 16.9731 0.000219
0 8.8719 507.8236 17.7438 8.3528 0.000198
0 12.3210 503.4060 24.3116 17.1703 0.000196
0 379.7455 298.4169 10.7589 23.0618 0.000181
0 169.4009 8.4040 29.1313 16.8081 0.000166
0 307.2529 231.7629 14.8192 43.1592 0.000149
0 21.1070 4.0279 15.1770 8.0358 0.000143
0 466.6418 269.8307 13.2960 21.3040 0.000109
0 265.5151 198.7064 7.2050 10.6041 0.000092
0 1.7651 421.1024 3.5302 32.3549 0.000090
0 396.8974 507.9339 14.1753 8.1322 0.000086
0 357.9031 3.2660 13.6517 6.5001 0.000071
0 555.3276 7.5616 13.7309 15.1159 0.000064
0 14.4353 3.7929 20.0293 7.5858 0.000056
0 466.1524 292.9104 9.3328 13.7086 0.000044
0 486.9763 207.3326 19.2598 34.8031 0.000041
0 562.9716 13.1633 20.1003 26.3266 0.000034
0 276.2334 151.3599 6.0782 18.4060 0.000034
0 256.0416 7.0621 16.4085 14.1242 0.000034
0 247.8625 7.1765 15.9050 14.3530 0.000034
0 228.3775 137.1068 6.9768 12.8532 0.000034
0 330.6641 367.2118 14.5616 30.3967 0.000034
0 334.1381 349.9807 11.1758 29.2673 0.000033
0 352.5372 466.7614 12.1202 32.0426 0.000031
0 162.3176 4.0624 17.8948 8.0997 0.000029
0 153.2170 472.9618 18.9220 43.3695 0.000029
0 161.6407 7.3594 23.7031 14.7188 0.000027
0 487.3761 198.1774 17.7283 29.9873 0.000026
0 406.2198 411.8021 8.0282 19.1501 0.000025
0 379.1246 292.2271 9.4882 15.9396 0.000025
0 2.8773 398.7087 5.7545 50.4867 0.000025
