0 457.8831 291.8551 18.8668 31.0328 0.854689
0 295.2481 254.2749 12.5639 33.3694 0.811294
0 315.8084 161.6281 12.3956 33.6956 0.803308
0 469.4317 220.7309 14.7842 39.3205 0.798971
0 312.5977 216.7284 11.9832 14.3344 0.724948
0 563.7929 217.9142 18.2357 15.3698 0.017805
0 575.9196 162.9545 12.5515 15.8196 0.014763
0 632.5623 350.7097 14.8753 40.7913 0.014630
0 446.2183 277.9784 10.5969 20.3008 0.002505
0 84.8046 70.9176 11.7341 22.0771 0.002243
0 155.9562 172.2030 8.3778 15.9688 0.001543
0 634.7814 367.4748 10.4372 56.7923 0.001132
0 11.9563 4.6422 18.5568 9.2736 0.001061
0 288.0160 189.1275 8.6975 14.6138 0.000905
0 218.3355 173.1208 8.9576 17.2972 0.000859
0 374.5123 234.1879 7.6411 9.5191 0.000816
0 450.2533 284.2540 17.1857 29.7479 0.000595
0 632.0205 330.5873 15.7603 77.2600 0.000544
0 314.8353 153.5274 9.3403 17.1371 0.000445
0 14.3387 153.2097 9.3741 15.2910 0.000380
0 602.6468 158.3905 16.1642 33.3824 0.000379
0 466.2963 233.5419 11.4781 16.7844 0.000378
0 445.0323 4.8074 26.0162 9.6147 0.000335
0 471.3796 210.7886 10.2800 18.9926 0.000314
0 636.6201 12.9311 6.7597 25.8388 0.000286
0 523.4866 323.4888 18.4248 26.5366 0.000235
0 2.7120 101.6058 5.4241 22.7977 0.000204
0 287.9415 192.6895 9.8796 24.4065 0.000200
0 433.7810 4.8355 18.1063 9.6124 0.000165
0 345.9210 4.8447 11.2312 9.6894 0.000139
0 374.6454 226.3757 8.5437 22.8392 0.000132
0 431.3052 491.5857 11.0243 12.4990 0.000107
0 8.8658 340.0936 17.7198 52.4863 0.000096
0 5.4940 439.4476 10.9880 59.2523 0.000093
0 1.4258 103.3491 2.8515 25.4552 0.000076
0 472.3171 211.3754 12.5331 38.0781 0.000075
0 219.0146 176.0085 6.6129 11.0625 0.000071
0 588.4808 500.6987 20.2042 21.5143 0.000068
0 4.2747 451.1385 8.5493 47.9807 0.000066
0 313.0680 165.3961 11.4697 30.9875 0.000065
0 312.7891 151.2857 8.4694 13.7152 0.000063
0 148.5212 42.3358 9.0646 13.0449 0.000060
0 90.9248 216.0337 11.6263 26.0038 0.000058
0 572.4376 217.2618 34.1279 18.4003 0.000057
0 6.9125 8.1043 13.7619 16.2085 0.000056
0 11.5836 2.4856 20.9615 4.9712 0.000050
0 448.1645 274.8922 8.5123 10.6449 0.000048
0 295.8047 3.7882 21.0321 7.5764 0.000045
0 396.3526 7.2335 8.9996 13.4722 0.000045
0 305.8773 216.2826 17.2874 17.1828 0.000044
0 632.3584 361.2047 15.2833 104.2239 0.000044
0 474.7996 205.4408 11.2094 15.7641 0.000043
0 341.1962 4.5368 18.9589 9.0735 0.000041
0 573.1544 194.1711 35.3774 63.7659 0.000039
0 312.3049 210.4077 13.6030 26.6805 0.000038
0 90.4349 220.8734 18.1545 35.6953 0.000036
0 146.0835 140.2012 8.1488 8.2656 0.000035
0 391.7849 7.0105 16.8474 13.6660 0.000032
0 290.8229 188.2228 9.8971 13.5499 0.000029
0 449.9814 280.6689 8.1914 15.9073 0.000029
0 370.3810 206.4454 17.1189 59.5417 0.000028
0 351.9778 4.4370 17.5142 8.8739 0.000028
0 301.5650 259.5072 20.3368 31.7947 0.000028
0 460.3401 218.0575 25.0272 40.2902 0.000027
0 316.1385 214.6542 15.3130 16.6427 0.000027
0 246.6496 387.7004 10.6035 24.8997 0.000026
0 432.5978 498.4352 15.3923 27.1295 0.000025
