0 303.1755 157.6792 14.2221 36.4502 0.842848
0 283.0253 257.2317 19.2393 34.9542 0.837202
0 300.9703 206.1452 14.8035 31.4176 0.782419
0 447.7928 279.5225 11.4544 19.0351 0.744241
0 470.2265 221.8963 12.8340 35.7521 0.228932
0 290.2538 189.9576 10.9481 16.3170 0.059254
0 565.1411 217.3533 17.6624 15.3776 0.026403
0 633.0702 349.3712 13.8594 43.3646 0.020066
0 292.7590 192.0816 13.3680 20.9477 0.006404
0 604.2191 159.2386 15.6791 33.5169 0.004785
0 220.7642 176.7508 6.7254 11.4335 0.003848
0 635.0234 365.6779 9.9530 55.5160 0.002721
0 227.7002 268.9849 8.3463 17.7240 0.002481
0 2.4839 101.1950 4.9589 23.9413 0.002437
0 297.0745 201.7773 14.2534 29.6012 0.002281
0 376.6604 227.1678 8.0803 22.7599 0.001292
0 445.9176 4.9542 26.1850 9.9085 0.000977
0 12.2645 3.5489 17.3411 7.0977 0.000907
0 86.1773 70.1352 11.5016 21.0457 0.000865
0 577.9255 163.0940 12.7726 16.2256 0.000851
0 632.6262 328.5402 14.6077 81.0006 0.000543
0 149.6317 42.2859 9.2393 12.2322 0.000426
0 434.3653 4.6843 18.8414 9.3531 0.000366
0 406.3677 204.9639 12.3846 27.7003 0.000355
0 157.2522 167.5762 8.6542 9.1886 0.000343
0 348.0685 4.8189 11.5953 9.6142 0.000306
0 525.1133 323.6043 19.2885 27.4030 0.000243
0 92.6028 219.0894 13.5493 28.8929 0.000225
0 293.3546 191.8817 7.4199 17.9391 0.000195
0 356.0170 4.3251 25.8376 8.6501 0.000185
0 83.9245 67.1891 16.4087 38.1799 0.000143
0 430.9341 491.7532 9.4553 13.5442 0.000130
0 3.1636 111.0652 6.3272 41.2163 0.000125
0 375.3945 234.6356 7.8967 8.7893 0.000122
0 148.8469 140.2499 7.3811 9.6298 0.000116
0 298.5612 194.0288 10.5812 19.0140 0.000115
0 290.3689 194.5457 8.3904 24.2985 0.000113
0 10.5735 7.6820 18.3409 15.3463 0.000113
0 297.6783 4.1531 20.8943 8.3061 0.000108
0 347.4675 130.4823 6.3003 15.8104 0.000103
0 15.0564 152.5489 9.5277 15.3494 0.000102
0 633.0208 356.1918 13.9584 97.7645 0.000097
0 302.8748 188.4785 16.0946 36.6100 0.000094
0 292.5590 187.0122 9.8962 14.2209 0.000084
0 9.7357 340.4229 19.4200 51.5430 0.000078
0 293.1667 198.1687 20.0915 32.2497 0.000069
0 4.7746 10.6598 9.5401 21.3196 0.000068
0 342.7615 4.6940 19.4843 9.3880 0.000067
0 21.7145 3.6671 25.7852 7.3342 0.000060
0 2.7798 14.3243 5.5596 27.7361 0.000056
0 158.7493 241.6454 13.7220 27.2909 0.000055
0 569.7590 213.1747 26.4917 25.6930 0.000048
0 301.7260 147.5175 11.6716 16.1171 0.000047
0 14.6471 5.4114 19.6492 10.8227 0.000045
0 7.2070 4.2345 13.5123 8.1651 0.000043
0 426.2224 5.1041 27.4599 10.2081 0.000041
0 635.8262 387.8715 8.3477 70.9255 0.000041
0 296.5997 187.9264 9.8082 13.5036 0.000038
0 573.3000 199.7296 33.3113 51.9370 0.000032
0 100.8845 405.1080 9.1542 16.5383 0.000031
0 473.2960 235.5363 17.2812 47.6537 0.000030
0 392.9333 45.2518 14.0789 11.0815 0.000028
0 5.2890 448.3576 10.5779 44.2440 0.000027
0 286.4545 189.6769 12.2225 18.0196 0.000026
0 470.1296 235.3054 11.2552 20.7445 0.000025
0 267.1713 145.9431 6.8105 13.0415 0.000025
