0 365.1877 202.2599 24.4056 33.2360 0.863212
0 243.8404 267.0259 17.6305 37.6867 0.826919
0 299.4238 227.9681 16.1953 37.0865 0.784251
0 331.1365 273.8254 14.3553 15.6395 0.100735
0 149.7696 4.4955 14.9822 8.9840 0.002462
0 306.9171 218.3185 9.7899 18.2652 0.002453
0 299.4523 216.9937 12.7885 14.2224 0.001342
0 2.1994 279.9782 4.3986 35.3409 0.001130
0 552.8783 461.8403 17.2358 16.3121 0.000973
0 2.2200 268.5978 4.4400 25.4039 0.000888
0 553.1735 226.2853 9.8645 11.8799 0.000810
0 617.3428 40.3284 9.7395 24.7953 0.000782
0 348.9541 134.6064 9.7759 14.0397 0.000611
0 219.1060 89.0626 12.9070 18.5412 0.000518
0 303.3908 215.4061 9.5138 15.4373 0.000357
0 3.2712 227.6548 6.5268 30.9824 0.000349
0 203.4928 25.1915 11.3249 30.9850 0.000347
0 2.5041 255.8393 5.0082 47.9775 0.000341
0 10.6318 476.6595 13.4411 15.3844 0.000323
0 619.8802 6.7644 11.6097 12.9713 0.000213
0 400.7393 482.0483 13.3807 14.9646 0.000197
0 566.6931 506.6629 23.0175 10.6743 0.000183
0 151.4591 13.8101 14.2805 27.4138 0.000182
0 329.6634 268.9872 16.2377 24.4327 0.000181
0 79.7995 58.6424 14.2386 28.8703 0.000180
0 142.4745 4.7011 29.2929 9.3928 0.000146
0 351.6975 137.7646 12.3322 19.4322 0.000112
0 302.9963 228.2728 13.2681 32.0686 0.000096
0 406.9915 184.9756 8.0389 8.7804 0.000093
0 521.8298 125.0336 13.2412 14.8728 0.000089
0 349.0526 145.2725 9.7001 32.5750 0.000083
0 637.7069 171.1462 4.5861 34.1454 0.000075
0 3.4080 300.8546 6.8161 78.0582 0.000074
0 348.8477 127.2924 9.8480 21.7308 0.000063
0 376.4383 26.2464 10.7832 37.3164 0.000061
0 548.2986 458.2733 27.3601 22.5215 0.000056
0 252.5573 264.2368 20.3047 41.1321 0.000054
0 3.2591 242.5000 6.5181 58.7691 0.000053
0 195.6158 134.6322 8.2659 28.7942 0.000051
0 615.6316 6.7677 13.5662 12.9159 0.000041
0 155.2356 5.2211 21.7707 10.4353 0.000041
0 196.7124 172.9718 16.3506 38.5286 0.000040
0 546.4496 427.3122 26.8223 54.4547 0.000039
0 132.2601 277.0918 10.9216 20.0724 0.000038
0 244.2414 15.6150 8.6166 24.2877 0.000037
0 6.6110 373.6315 11.2110 14.3126 0.000035
0 323.5710 19.2353 6.6274 21.9771 0.000034
0 31.4325 494.8074 25.5814 31.6259 0.000034
0 569.6016 502.0715 29.1101 19.8267 0.000031
0 284.1383 153.4711 6.8282 21.3503 0.000031
0 306.4354 230.0926 12.4952 26.8540 0.000030
0 7.0659 506.6845 13.9338 10.6309 0.000030
0 375.8381 13.3850 9.5031 12.7298 0.000030
0 405.0093 333.9595 11.2068 20.6866 0.000029
0 3.9957 280.2057 7.9035 32.8557 0.000026
0 535.1769 92.4671 13.7159 31.3404 0.000026
