0 134.3832 378.7095 14.0318 12.0639 0.074557
0 528.8249 238.7045 11.4296 19.8843 0.031570
0 131.1193 375.4707 11.9418 17.5047 0.027271
0 316.4217 236.2880 10.7717 14.2675 0.015476
0 129.0425 372.7935 12.2500 23.2718 0.006259
0 549.5469 208.3105 21.5412 27.7542 0.004575
0 4.9284 428.9916 9.8568 26.8393 0.004551
0 316.1405 230.4061 13.9717 26.0359 0.001475
0 310.3340 196.6246 11.4993 21.4030 0.001420
0 290.7129 459.4450 7.2376 30.1889 0.001159
0 10.6009 4.8002 20.0651 9.5948 0.000816
0 90.2566 385.2616 21.1729 18.5280 0.000718
0 188.7694 65.6989 8.8339 18.4992 0.000610
0 464.1205 507.2288 29.8586 9.5424 0.000477
0 5.2353 416.3206 10.4707 52.4495 0.000468
0 18.5482 4.3292 21.0444 8.6584 0.000408
0 243.5153 508.8239 22.5663 6.2890 0.000385
0 533.6036 314.0102 14.2694 20.8770 0.000348
0 533.7803 324.5090 14.4126 38.8365 0.000344
0 473.0086 344.6544 18.6950 43.5769 0.000305
0 257.5110 4.2879 17.3502 8.5758 0.000281
0 315.8939 7.0931 10.0396 14.1835 0.000259
0 459.0160 502.2131 33.1575 19.5264 0.000238
0 396.2536 305.7759 10.3519 27.6372 0.000232
0 137.1696 375.3019 12.8129 17.6258 0.000225
0 108.3763 16.8754 19.1885 25.9595 0.000221
0 140.5268 379.2773 13.0752 10.8167 0.000197
0 454.2447 493.4617 23.8917 34.7287 0.000174
0 9.5297 496.8312 19.0594 30.3375 0.000115
0 468.3744 140.2715 11.4732 25.9184 0.000112
0 230.7955 370.0512 11.1255 15.6423 0.000109
0 313.7929 214.5556 17.8640 56.1558 0.000107
0 463.8164 494.7443 27.8624 34.4777 0.000097
0 116.2246 14.2082 32.3954 28.4163 0.000083
0 584.0011 213.6895 9.7881 18.0141 0.000075
0 15.4547 491.9504 29.8012 18.1240 0.000062
0 489.3293 37.9433 19.7810 43.3823 0.000060
0 537.3286 216.5945 28.8352 45.5229 0.000059
0 5.4163 446.1974 10.8326 61.7297 0.000058
0 471.1867 331.4977 21.6810 29.1367 0.000057
0 90.2521 371.9098 20.2395 44.4863 0.000056
0 314.7723 423.6621 5.9125 18.9703 0.000048
0 556.5608 347.2063 16.5585 37.5033 0.000046
0 118.4680 6.8148 28.5402 13.6296 0.000043
0 133.8267 373.4338 18.9482 24.5593 0.000037
0 8.3426 12.9902 16.6852 25.9804 0.000036
0 138.9097 384.2114 15.7900 30.8813 0.000030
0 506.1781 50.8525 43.8521 61.6711 0.000029
0 138.5633 252.3405 10.6940 21.7576 0.000027
0 449.4804 505.6885 20.7458 12.6229 0.000025
