0 185.9239 323.7933 12.9132 18.6894 0.755663
0 306.7122 297.5351 11.9581 22.2718 0.160546
0 309.0461 3.7338 16.8994 7.4547 0.006670
0 160.3536 11.4950 21.3278 22.5471 0.004540
0 592.0146 219.6897 23.9066 25.4452 0.004310
0 507.2156 271.0226 11.0104 20.9056 0.002505
0 118.2852 508.8990 20.2761 6.1943 0.001026
0 2.7914 139.9777 5.5828 43.2418 0.000937
0 322.2682 458.8735 8.5681 29.9674 0.000861
0 2.9965 111.1433 5.9929 44.4544 0.000846
0 2.7065 128.7930 5.4129 24.1723 0.000727
0 28.9722 5.7523 18.9565 11.4743 0.000541
0 371.9151 4.6563 18.2257 9.3125 0.000469
0 364.3078 192.7406 10.8969 28.2040 0.000394
0 483.3521 497.9998 21.2976 27.7859 0.000391
0 127.4390 374.3981 14.4973 18.7531 0.000337
0 180.3141 322.7901 22.2942 19.0667 0.000293
0 126.1358 360.7764 16.6144 45.4443 0.000284
0 604.8213 220.1259 17.0819 22.0425 0.000280
0 2.6023 120.2369 5.2045 28.8403 0.000277
0 513.8650 148.4277 11.0902 27.7424 0.000256
0 322.6261 451.5059 8.0343 17.8966 0.000203
0 570.4908 249.2992 11.4928 20.4334 0.000192
0 131.0407 3.6086 12.5033 7.1699 0.000146
0 179.2848 243.9961 8.6975 24.0722 0.000139
0 379.7248 267.5341 14.6125 27.5768 0.000105
0 316.1627 3.2139 24.2447 6.4279 0.000104
0 139.0228 3.9828 21.8959 7.9465 0.000098
0 237.1306 61.2545 9.8234 16.3060 0.000091
0 122.5751 3.8689 27.8695 7.7378 0.000088
0 308.1248 6.9108 20.5439 13.8031 0.000081
0 171.6838 321.5602 22.4079 16.2859 0.000064
0 36.6537 4.9023 26.9828 9.8046 0.000060
0 34.2129 415.9222 14.4893 23.0118 0.000054
0 613.2268 2.6354 20.8519 5.2430 0.000054
0 17.2296 5.4607 26.6283 10.9214 0.000053
0 301.0994 4.0148 26.7919 8.0296 0.000049
0 266.5716 364.8350 11.2288 13.6245 0.000044
0 367.9496 7.1585 11.7466 14.3169 0.000044
0 297.0043 252.1511 18.1312 23.7171 0.000043
0 191.3130 315.1366 17.0032 29.2345 0.000040
0 3.3907 500.6935 6.7814 22.6130 0.000036
0 110.3872 508.4977 28.5682 7.0045 0.000036
0 479.2493 4.8741 21.4771 9.7482 0.000034
0 2.4452 292.9660 4.8903 45.5376 0.000031
0 621.6042 5.3360 33.6050 10.6720 0.000030
0 198.3413 318.8758 18.0778 23.1630 0.000030
0 633.9010 227.2759 12.1979 30.3748 0.000029
0 8.3653 502.4477 16.7306 19.1046 0.000028
0 90.5122 212.2420 8.3118 10.0277 0.000026
0 201.2529 507.1491 22.6636 9.7018 0.000026
0 266.3135 371.0887 11.2306 26.5247 0.000026
