0 140.5453 423.4232 53.5254 135.5794 0.915518
0 274.3579 405.7099 40.0340 119.4261 0.894265
0 379.4610 386.7713 26.8224 70.3318 0.864476
0 619.6270 420.4989 23.5868 31.8827 0.170298
0 632.6123 40.5708 14.7754 81.1172 0.139751
0 619.7028 392.0696 27.1822 89.8953 0.002782
0 636.1635 50.7574 7.6730 96.6342 0.001242
0 593.1065 399.5323 22.6583 50.9091 0.000926
0 605.2641 415.1550 33.5099 46.3545 0.000720
0 629.3487 417.2527 21.3026 45.1767 0.000502
0 12.0477 397.8319 24.0954 121.2439 0.000483
0 615.1411 410.7811 17.4244 50.6550 0.000375
0 614.0592 419.1103 12.6087 32.8668 0.000305
0 624.5180 404.5042 30.7021 61.3450 0.000249
0 601.1939 406.8776 30.3711 58.9859 0.000217
0 625.4482 40.4118 27.8096 79.5000 0.000196
0 636.7780 80.9294 6.4440 112.0819 0.000142
0 3.8674 403.8986 7.7349 124.8181 0.000114
0 631.0227 395.8335 17.9546 85.0673 0.000089
0 637.9032 59.7194 4.1935 80.6293 0.000082
0 625.4115 7.7171 26.4923 15.4340 0.000077
0 12.7274 360.1715 25.4297 51.9671 0.000073
0 626.6193 23.0339 25.2034 46.0184 0.000073
0 635.4698 327.1656 9.0013 79.3589 0.000072
0 511.0683 311.6307 27.9652 57.5378 0.000069
0 2.1020 431.3139 4.2039 74.7128 0.000067
0 1.5956 453.5899 3.1688 54.2250 0.000057
0 604.3861 392.2331 41.2361 88.8723 0.000056
0 636.7022 409.4003 6.5956 55.3573 0.000049
0 267.4218 3.4264 28.0819 6.8527 0.000048
0 537.1370 430.6123 20.0811 35.1758 0.000042
0 603.1080 494.4664 39.7216 34.4288 0.000041
0 533.3097 3.3156 16.8069 6.6312 0.000040
0 2.5020 358.8846 5.0039 56.6713 0.000035
0 12.0497 508.7070 22.5941 6.5860 0.000032
0 572.5802 509.2354 19.2871 5.3691 0.000031
0 7.3331 507.4079 14.4137 9.1841 0.000029
0 633.2140 409.1635 13.5720 55.1845 0.000026
0 632.0730 350.2855 15.4852 62.1569 0.000025
