0 379.3623 253.0472 12.9767 26.9067 0.658603
0 452.7142 190.8056 14.1385 24.4747 0.558397
0 5.7744 473.2251 11.5488 21.7451 0.102028
0 522.8188 279.6993 12.4135 14.4006 0.068310
0 348.0407 261.0205 7.2888 23.4970 0.052201
0 378.9399 218.9436 8.7255 24.2386 0.036442
0 141.0899 310.2597 7.4262 9.3136 0.009750
0 190.0680 354.1785 8.2621 21.7048 0.006429
0 146.6979 355.3077 12.9752 31.1889 0.004186
0 146.2006 345.2111 12.3824 13.4838 0.001976
0 2.6112 280.8606 5.2223 23.4860 0.001440
0 182.8676 261.1866 11.0782 28.3472 0.001248
0 353.5627 37.8980 21.4758 42.0986 0.000852
0 6.2080 458.3622 12.4141 52.0534 0.000852
0 513.3621 403.9949 10.3387 14.6347 0.000786
0 37.7201 508.2985 14.6075 7.4029 0.000631
0 467.8652 185.8939 8.1147 25.2175 0.000531
0 348.4924 269.7710 8.5122 39.8188 0.000526
0 460.7314 336.4747 14.4575 27.4295 0.000525
0 50.1087 352.5179 6.1206 12.1989 0.000483
0 472.9630 47.2442 15.5421 22.7849 0.000409
0 379.5364 238.1946 12.1819 52.4095 0.000397
0 70.2935 353.4531 8.7533 11.2304 0.000393
0 637.1405 474.2643 5.7188 27.3529 0.000327
0 335.4279 9.1956 17.9261 18.1851 0.000312
0 2.7346 270.2502 5.4690 37.5194 0.000299
0 465.4475 464.4373 13.5660 22.1542 0.000279
0 134.5760 173.7217 12.9999 19.6769 0.000278
0 146.5709 360.0543 11.0269 18.3387 0.000276
0 5.4658 481.6989 10.9315 41.5783 0.000250
0 371.9905 252.0443 22.0206 27.6736 0.000234
0 2.9878 291.6259 5.9755 39.9672 0.000217
0 557.0936 3.5097 14.4221 7.0193 0.000204
0 463.8191 470.2722 15.6056 33.0327 0.000199
0 9.9088 469.8533 19.2409 30.9109 0.000198
0 317.4872 4.7585 12.8058 9.5170 0.000192
0 193.1451 356.0720 14.0002 25.6790 0.000189
0 5.3971 430.0856 10.5643 14.3340 0.000164
0 319.2815 7.3316 15.0948 14.6195 0.000146
0 2.2030 344.3840 4.4059 19.9640 0.000143
0 145.1172 250.7773 12.7466 37.2974 0.000129
0 615.4192 10.4289 18.1720 20.5425 0.000112
0 636.9617 482.1202 6.0767 25.7590 0.000106
0 96.0389 300.8994 11.3962 28.5030 0.000106
0 144.6378 349.8926 15.1400 22.5973 0.000089
0 145.1167 320.8261 16.0150 31.5942 0.000089
0 54.2233 221.9323 12.2065 23.7863 0.000088
0 326.7598 7.3890 26.4653 14.7780 0.000074
0 375.5414 215.1459 10.3522 27.6597 0.000073
0 145.0257 336.6700 14.5522 30.4153 0.000072
0 464.9951 185.1412 13.4304 23.2577 0.000071
0 324.6116 10.5848 19.1786 20.1333 0.000069
0 351.7399 260.3142 11.3206 23.7476 0.000066
0 330.9684 10.5063 13.1132 19.8439 0.000063
0 432.1389 374.4434 16.6353 38.1241 0.000058
0 312.7257 4.0927 18.0105 8.1854 0.000057
0 589.7448 240.2616 7.6116 11.8664 0.000056
0 459.2817 187.1111 24.4752 25.5891 0.000055
0 635.6717 471.5021 8.6565 37.3472 0.000048
0 454.8613 196.3318 17.1832 38.3752 0.000041
0 469.5481 183.6429 6.6616 21.1848 0.000041
0 517.2001 278.6646 22.1662 17.8532 0.000041
0 45.8560 221.1258 23.3239 24.1430 0.000040
0 161.3225 409.6136 10.9308 28.6011 0.000039
0 467.1217 48.3856 27.0599 27.1137 0.000039
0 43.6074 221.8902 13.0989 22.9324 0.000038
0 297.4681 338.5213 8.4501 19.2656 0.000033
0 127.2065 114.1759 9.3788 25.2343 0.000031
0 141.1980 344.8340 22.2023 18.2004 0.000030
0 3.7009 190.9941 7.4018 32.6858 0.000030
0 466.2570 191.5329 11.4534 33.3028 0.000029
0 330.7536 508.5099 20.3841 6.9802 0.000028
0 246.8961 11.3758 10.3332 11.6199 0.000027
0 257.3512 7.1771 28.8405 14.3542 0.000026
0 2.3113 354.9214 4.6227 31.4399 0.000025
