0 337.6160 281.1391 30.4097 78.4908 0.901109
0 495.2493 304.6105 42.9126 145.9652 0.900973
0 88.5441 318.2130 33.6167 63.2881 0.894484
0 629.0726 373.5108 21.2577 76.6178 0.003453
0 629.4832 412.2526 21.0334 96.0639 0.001960
0 624.4354 389.4166 12.6670 39.9857 0.001312
0 76.6258 260.8536 8.1971 34.2698 0.001048
0 625.4176 313.2522 29.1647 174.4585 0.000551
0 629.4795 340.3745 19.5547 138.8898 0.000160
0 624.0637 375.6901 15.4338 65.4283 0.000153
0 635.5156 368.5966 8.9687 90.9494 0.000118
0 328.7074 286.1368 13.9297 67.2028 0.000107
0 622.5835 407.4219 18.1506 76.0759 0.000083
0 2.8910 159.5133 5.7819 52.6319 0.000078
0 634.8932 409.0684 10.2137 96.6088 0.000067
0 480.0358 27.7440 31.2823 55.4880 0.000056
0 627.4951 356.8005 14.0365 95.6684 0.000039
0 2.8242 271.5480 5.6483 44.7411 0.000037
0 630.4545 388.9897 19.0647 55.2647 0.000029
0 636.8999 414.5364 6.1570 85.2838 0.000029
