0 38.3469 277.5980 31.7320 17.9557 0.814296
0 418.2617 270.7796 9.8000 34.3720 0.774142
0 385.8202 285.0595 9.7501 12.3330 0.040116
0 589.4072 267.5346 19.1763 70.0838 0.008444
0 385.5962 276.6261 10.4195 29.3560 0.002315
0 407.7837 271.6400 28.5358 33.6703 0.000824
0 636.6426 267.9547 6.6975 82.9531 0.000488
0 398.6011 280.2294 34.4464 20.0135 0.000438
0 422.8951 269.2162 17.4850 38.3407 0.000272
0 392.4803 275.2668 23.4308 31.5889 0.000262
0 636.8923 289.1718 6.2154 52.8068 0.000234
0 58.9310 10.7740 30.9407 21.5480 0.000136
0 2.6853 86.1665 5.3706 140.0739 0.000133
0 14.9198 6.1414 29.5353 12.2828 0.000115
0 377.0147 266.2449 15.8917 48.4440 0.000094
0 2.3659 65.2802 4.7167 81.1745 0.000091
0 382.2891 289.1918 15.7899 27.7286 0.000082
0 381.6063 279.0675 17.0972 39.0792 0.000080
0 12.4128 53.4774 24.8255 106.9547 0.000072
0 27.0083 271.6898 54.0165 68.6173 0.000066
0 638.0624 273.1648 3.8752 76.1536 0.000061
0 379.2509 278.2942 22.3911 25.5048 0.000054
0 456.1359 255.3451 10.3232 12.9203 0.000050
0 35.8479 21.1701 46.4614 42.3402 0.000044
0 10.0028 14.4481 19.8158 28.8962 0.000039
0 385.1601 290.1077 9.8689 18.7250 0.000035
0 29.0898 281.4816 48.0915 27.8872 0.000034
0 376.6903 280.4550 26.9357 63.6737 0.000026
0 7.1942 309.3748 14.3885 79.5184 0.000025
