0 199.2714 293.6965 36.9523 40.6552 0.494379
0 199.2808 282.2767 37.0042 18.5450 0.143955
0 342.7096 272.9600 20.2942 20.5560 0.018400
0 56.0893 254.1834 13.8088 43.7386 0.003782
0 467.3809 269.1747 7.2703 11.0561 0.002892
0 197.4690 278.2704 41.9306 50.3521 0.002653
0 454.0403 288.1015 13.4726 96.6813 0.000347
0 453.1596 283.1183 9.2618 69.2824 0.000344
0 2.7219 281.5393 5.4438 78.6329 0.000318
0 348.5201 278.8652 23.3222 28.7523 0.000222
0 3.9119 256.4552 7.8185 42.1830 0.000184
0 188.0793 263.6122 30.1652 41.9054 0.000151
0 126.4336 16.5062 48.5760 33.0124 0.000127
0 269.8489 242.2814 18.0543 16.5459 0.000117
0 204.7320 279.0896 26.0417 35.1430 0.000102
0 463.2187 269.7425 14.5676 12.2746 0.000077
0 637.0582 280.0430 5.8835 90.8404 0.000062
0 460.4156 283.4535 18.6440 41.7302 0.000050
0 62.1241 252.9835 23.1376 42.3215 0.000046
0 352.5374 272.4338 31.3598 20.2864 0.000046
0 2.9922 305.3854 5.9844 96.5635 0.000046
0 205.5415 288.6003 24.2242 30.8611 0.000044
0 452.0654 237.6362 11.0873 30.1613 0.000043
0 2.4339 263.9364 4.8678 40.0674 0.000039
0 439.5738 286.1428 39.4536 82.9800 0.000037
0 5.9691 485.2056 11.9382 53.0471 0.000036
0 177.9689 262.0796 15.2545 39.2442 0.000034
0 57.5470 246.8655 9.6767 29.3988 0.000034
0 468.3899 264.2764 8.8387 20.5150 0.000034
0 448.6345 289.8240 16.5659 95.5627 0.000032
0 2.7916 473.2802 5.5832 71.7915 0.000031
0 637.1190 134.8226 5.7620 101.6819 0.000030
0 453.3161 247.1297 8.2546 18.9880 0.000028
0 635.1936 11.0367 9.6127 22.0734 0.000025
