0 602.5144 350.3475 27.1450 34.7019 0.886909
0 586.9479 133.2832 22.2050 35.6259 0.870251
0 292.8916 217.0964 23.3294 43.6321 0.851557
0 406.2345 138.1993 14.4928 24.1313 0.741134
0 55.4697 204.6307 22.1631 34.8702 0.700327
0 47.5192 194.9562 19.0698 15.5521 0.008440
0 105.4756 146.7284 28.7524 21.6504 0.004006
0 322.8333 296.4200 15.9537 14.8016 0.003797
0 319.5652 301.5825 22.2815 24.1965 0.003703
0 180.8218 508.8320 29.0121 6.3360 0.003662
0 130.3102 19.5328 29.5999 39.0558 0.003394
0 54.2337 194.3101 18.8538 15.3596 0.003038
0 474.4539 508.7545 21.3015 6.4909 0.001645
0 634.9472 480.3726 10.1056 41.3052 0.001606
0 173.3043 508.1364 32.1398 7.7271 0.001504
0 635.4711 469.3235 9.0577 24.3186 0.001454
0 46.3949 188.2015 18.2917 26.3347 0.001332
0 273.7738 139.2781 18.8143 16.7968 0.001054
0 344.9552 152.3042 20.5954 31.7095 0.001016
0 48.7339 199.8668 24.3790 26.3040 0.000979
0 19.5276 226.8392 10.1927 18.7516 0.000853
0 338.5013 151.6589 16.1303 29.7475 0.000797
0 481.0910 508.1682 24.4669 7.6638 0.000776
0 247.9185 423.0608 15.2536 15.2522 0.000611
0 327.9108 293.4444 15.4116 16.7314 0.000586
0 60.6876 197.0297 23.1090 22.7979 0.000566
0 405.1653 150.5227 14.9822 31.2178 0.000508
0 327.7292 296.5198 12.1423 14.9583 0.000503
0 202.0354 231.4603 19.1579 14.8450 0.000442
0 438.1892 248.0977 19.7938 54.7689 0.000430
0 466.8249 508.6827 26.0776 6.6346 0.000430
0 321.3189 291.3206 18.0420 24.7283 0.000407
0 520.5339 508.8439 19.8209 6.3122 0.000347
0 391.1067 2.9460 22.4805 5.8919 0.000343
0 405.5774 124.3502 15.8524 44.0367 0.000322
0 300.0433 146.2990 10.5028 23.6129 0.000287
0 438.7539 235.6675 16.0040 40.5294 0.000278
0 513.2142 508.6639 23.6675 6.5561 0.000270
0 634.2444 500.8407 11.5111 22.3185 0.000263
0 59.8698 5.4559 20.4291 10.7355 0.000260
0 3.1077 229.7025 6.1870 30.0197 0.000242
0 610.6176 445.4569 12.9016 19.1309 0.000211
0 35.1591 22.5479 27.5141 36.5031 0.000196
0 58.0419 15.8433 23.1672 31.2966 0.000195
0 163.1654 508.2671 27.9112 7.4658 0.000191
0 627.9114 486.5874 23.5762 50.8252 0.000189
0 549.7368 507.8461 16.8789 8.3077 0.000188
0 2.7550 214.7293 5.4828 40.3410 0.000185
0 118.2074 327.7130 15.5826 14.2412 0.000164
0 172.0049 501.4365 38.6248 20.9691 0.000160
0 179.0254 504.6987 30.7878 14.6025 0.000152
0 65.2876 5.3055 13.3985 9.8882 0.000151
0 504.0031 508.2606 31.0778 7.4788 0.000144
0 3.0079 246.3504 6.0158 33.5782 0.000137
0 398.4537 156.6356 16.2303 26.4504 0.000134
0 42.4320 198.7514 15.0626 23.3997 0.000120
0 554.5513 508.1531 15.8054 7.6938 0.000117
0 2.6753 82.9777 5.3506 45.9715 0.000116
0 1.7459 205.5500 3.4918 40.8374 0.000115
0 420.4006 109.0901 15.9907 23.8731 0.000115
0 477.6102 504.9961 22.1946 13.7770 0.000106
0 55.2562 189.0120 24.5764 32.9101 0.000106
0 2.0500 76.7372 4.1000 38.6770 0.000097
0 629.6818 504.7943 18.6084 14.4113 0.000096
0 16.7669 508.7391 21.5335 6.5219 0.000096
0 41.4250 193.3549 18.2243 22.8977 0.000096
0 327.2938 301.8275 14.4878 22.1531 0.000093
0 457.5844 507.9330 28.6255 8.1340 0.000089
0 190.6244 507.7709 39.7250 8.4582 0.000089
0 279.7455 141.7647 27.3900 19.4285 0.000087
0 636.4133 459.4496 7.1733 47.8787 0.000084
0 17.1217 5.0716 30.0498 9.9368 0.000083
0 539.6118 508.3200 25.5592 7.3599 0.000082
0 292.0076 3.0158 18.4822 6.0311 0.000076
0 36.7220 198.1044 25.3266 29.7968 0.000072
0 7.9058 8.5175 15.7619 16.9339 0.000071
0 4.8894 21.3278 9.7788 26.4364 0.000069
0 324.4404 149.0824 16.2603 18.6998 0.000068
0 3.6737 165.2898 7.3475 34.8815 0.000067
0 12.3743 227.1631 18.1447 21.1335 0.000066
0 76.3677 190.9270 15.2995 20.9693 0.000065
0 520.1998 503.7698 19.2772 16.4604 0.000065
0 290.7114 145.7861 22.0059 23.1854 0.000064
0 435.9204 506.2472 26.4282 11.5055 0.000063
0 364.7688 157.5624 13.2003 19.8281 0.000061
0 398.4317 155.1214 14.6855 13.6806 0.000060
0 46.5726 416.4547 20.7951 29.2562 0.000059
0 72.0354 197.6894 17.1789 25.1180 0.000057
0 82.2379 187.3108 13.8264 24.7751 0.000056
0 29.6134 5.6774 32.8097 11.3327 0.000052
0 67.7625 4.8081 27.1478 9.6162 0.000052
0 1.6306 252.2756 3.2611 34.5968 0.000050
0 43.8683 509.2831 21.4212 5.4338 0.000049
0 377.0397 148.6985 14.9417 21.5569 0.000048
0 440.7953 508.0762 30.5012 7.8477 0.000046
0 559.1583 507.5130 23.0739 8.9739 0.000046
0 468.6905 503.9432 26.8240 16.0265 0.000045
0 43.6436 100.3025 12.2420 28.6977 0.000044
0 274.8366 129.8825 19.3392 37.3343 0.000043
0 391.6347 8.7509 22.0477 17.5018 0.000043
0 157.5281 214.2950 20.4177 33.4780 0.000042
0 152.7961 508.3717 30.5796 7.2567 0.000042
0 278.8885 508.9122 26.9631 6.1757 0.000041
0 323.3281 306.8782 19.2120 32.4744 0.000040
0 636.0345 490.3944 7.9310 43.2112 0.000037
0 396.9112 129.1086 31.7718 40.2500 0.000036
0 460.9918 491.9641 23.8768 38.7323 0.000036
0 298.0863 508.9034 23.2055 6.1933 0.000035
0 324.7798 164.2709 16.0089 30.8405 0.000035
0 305.0349 145.8440 12.5475 24.7955 0.000034
0 109.7281 495.9543 35.9980 32.0914 0.000034
0 112.6522 146.5904 15.4390 21.6816 0.000034
0 487.7119 504.6523 37.7042 14.6954 0.000034
0 3.2147 413.5495 6.4294 36.7388 0.000033
0 68.9479 203.2089 20.5770 33.3776 0.000032
0 7.1244 16.6210 14.2488 26.9841 0.000032
0 300.4383 30.9857 16.8364 14.7471 0.000032
0 98.1997 146.5193 19.2812 19.9818 0.000031
0 501.4145 504.3218 37.7498 15.3564 0.000031
0 68.2310 139.6029 19.0246 14.2278 0.000031
0 139.7990 18.6230 28.0190 37.2460 0.000030
0 63.2300 201.5559 13.5970 28.8355 0.000030
0 370.1771 312.7924 12.7769 29.6029 0.000029
0 55.1183 8.9955 28.1307 17.9910 0.000029
0 63.7781 263.1074 31.5302 56.5620 0.000028
0 334.3537 147.0809 15.4897 21.1221 0.000027
0 343.4628 247.8858 16.8859 16.1072 0.000027
0 637.5444 165.5288 4.9112 32.1345 0.000027
0 433.8932 502.8284 27.9778 18.2648 0.000027
0 53.3371 509.4214 26.6567 5.1572 0.000027
0 89.5079 179.5279 12.5449 22.5188 0.000027
0 396.9683 141.1169 19.7050 24.8099 0.000026
0 347.9669 251.1736 14.0507 18.0500 0.000026
0 120.0357 321.7688 14.7253 19.9934 0.000026
0 4.1936 71.8621 8.3609 45.0954 0.000025
0 495.8988 2.5745 19.9219 5.1489 0.000025
0 3.5881 149.3597 7.1761 31.2335 0.000025
