0 599.4980 271.4699 24.5948 99.1860 0.873285
0 247.5668 258.0565 20.3968 39.9576 0.848929
0 354.4178 262.6367 13.8356 20.0442 0.006053
0 637.5827 275.6499 4.8346 84.7097 0.000935
0 611.5753 271.8050 26.4541 97.9258 0.000560
0 61.0906 245.1910 11.8932 42.0784 0.000513
0 249.2506 274.0129 25.4379 65.7032 0.000426
0 286.8514 403.7377 26.7628 49.1327 0.000219
0 348.9380 262.2081 19.8003 22.8694 0.000211
0 4.1067 267.6809 7.9935 51.5474 0.000149
0 6.2008 258.8989 8.7693 24.6053 0.000110
0 32.5651 7.0659 26.9034 14.1318 0.000101
0 635.3469 277.8899 9.3062 85.9120 0.000079
0 118.5908 11.6461 28.3078 23.2921 0.000078
0 2.7763 253.9902 5.4495 42.9129 0.000066
0 619.5809 273.0498 14.7517 93.9334 0.000058
0 613.9242 271.1081 47.6589 98.8417 0.000058
0 21.3411 9.2391 40.6334 18.4782 0.000053
0 125.5720 16.0900 48.5866 32.1800 0.000046
0 109.2261 3.7804 36.5009 7.5322 0.000039
0 118.1056 4.6817 26.2526 9.3347 0.000037
0 5.1254 298.4299 10.2507 77.7971 0.000034
0 628.1021 272.9277 21.2954 96.5489 0.000032
0 637.0317 137.5995 5.9365 77.8818 0.000031
0 98.0405 5.2112 27.1731 10.3683 0.000030
0 8.3724 254.8221 9.6627 28.2658 0.000028
0 361.5678 263.5875 28.4326 21.0627 0.000027
0 123.6365 7.0954 34.7085 14.1907 0.000026
