0 398.0571 315.2827 23.4365 69.8175 0.868161
0 264.1391 331.6810 21.1546 116.9460 0.860854
0 434.5556 303.8574 15.4018 50.9450 0.843866
0 4.5358 345.3077 9.0716 80.7890 0.002548
0 249.8728 331.8997 48.6384 116.4724 0.000818
0 3.8639 321.1584 7.3176 63.5958 0.000516
0 3.4146 13.1990 6.8292 26.3980 0.000118
0 3.1589 294.0225 6.3177 89.4084 0.000104
0 2.5887 36.9538 5.1775 73.9076 0.000063
0 10.2863 9.9798 20.0342 19.9010 0.000051
0 3.1100 396.1630 6.2201 101.7714 0.000041
0 5.0438 330.2114 8.7147 42.6058 0.000029
