0 395.7872 313.9406 12.4397 86.9140 0.808458
0 52.3885 323.3723 8.8047 23.5312 0.027669
0 323.8548 309.7306 14.6178 37.1373 0.009454
0 386.3774 314.7192 27.5755 86.1809 0.001661
0 14.0005 319.1881 8.4123 34.7863 0.000234
0 266.1214 6.0363 50.1951 11.9684 0.000215
0 251.5588 5.7027 22.3061 11.3344 0.000134
0 267.1186 21.2766 52.6442 42.5533 0.000110
0 637.3758 317.0457 5.2484 75.0081 0.000077
0 1.6779 362.7713 3.3558 73.1444 0.000067
0 1.6682 336.3837 3.3364 48.6233 0.000064
0 3.7145 361.8199 7.4290 103.0249 0.000046
0 637.4257 294.6480 5.1486 62.4683 0.000034
0 48.9597 319.0346 15.8425 32.7443 0.000032
0 2.7684 336.4094 5.5367 70.9489 0.000026
