0 353.7124 371.5203 24.7897 87.9156 0.882882
0 141.2689 389.2737 28.7043 33.8353 0.875710
0 240.2795 364.1688 11.7639 38.2005 0.792454
0 21.5334 381.5361 16.1215 72.7262 0.000381
0 631.3730 321.3591 16.5642 65.3465 0.000273
0 636.8915 335.1518 6.2169 65.8481 0.000147
0 638.0383 335.5749 3.9235 34.6099 0.000116
0 245.6687 365.0630 19.0633 39.3062 0.000044
0 28.3659 382.1045 27.7296 79.4032 0.000041
0 181.8814 3.9107 23.7961 7.8118 0.000035
0 234.4221 363.0394 12.2967 38.9503 0.000034
0 24.7286 368.3370 20.0496 52.8263 0.000027
0 190.9181 5.9196 39.8805 11.8392 0.000026
