0 431.7392 219.5679 26.8983 39.0512 0.895081
0 449.9612 287.7654 23.8433 35.1522 0.886768
0 353.4509 93.5042 15.9761 29.0459 0.854979
0 204.7515 204.7150 23.4713 26.0735 0.004808
0 127.3574 208.9898 19.3235 17.1832 0.004593
0 201.1316 205.5270 16.0409 21.8591 0.002336
0 2.5483 228.3947 5.0965 43.0877 0.001427
0 218.6436 345.2117 17.1544 16.6744 0.001138
0 218.7322 352.4144 22.1464 23.4716 0.000806
0 7.7777 455.2848 15.5380 28.4833 0.000730
0 192.7005 206.3743 13.9016 19.8159 0.000728
0 223.2145 345.0154 14.0103 18.5475 0.000661
0 2.6405 205.1095 5.2810 53.3400 0.000598
0 599.0703 151.7457 20.3159 39.5429 0.000580
0 237.5174 10.5561 22.0838 20.6342 0.000550
0 1.8813 238.5116 3.7625 42.5419 0.000549
0 474.1876 499.7616 20.3605 23.5339 0.000445
0 444.4192 506.7393 26.9151 10.5125 0.000431
0 2.5958 188.5647 5.1916 38.0653 0.000429
0 453.6036 507.2069 22.5997 9.5861 0.000389
0 477.9877 507.8201 15.6865 8.3598 0.000359
0 472.3610 495.0396 14.5198 14.7418 0.000263
0 47.2239 509.3028 21.6552 5.3944 0.000229
0 411.2570 508.4636 21.0949 7.0728 0.000229
0 186.7069 22.1724 32.2911 44.3448 0.000220
0 189.7275 203.1311 9.8139 20.4003 0.000196
0 217.5135 339.1044 20.3609 28.3956 0.000177
0 485.3423 507.9871 22.3227 8.0257 0.000166
0 235.7825 90.9783 12.1721 29.2355 0.000152
0 176.0524 204.2488 15.7911 14.8905 0.000147
0 125.1534 201.0479 23.3947 32.9969 0.000144
0 161.5544 212.3175 19.2738 25.1961 0.000135
0 196.3129 204.1764 19.8783 25.1912 0.000131
0 171.9011 208.2635 11.2777 18.0760 0.000124
0 470.6840 506.9685 18.0457 10.0630 0.000122
0 2.8538 343.2979 5.6796 40.3882 0.000118
0 217.6221 195.7901 13.5583 28.3943 0.000116
0 430.8797 505.7449 24.5324 12.4155 0.000116
0 423.6609 507.7131 30.5723 8.5740 0.000109
0 379.2007 508.9593 20.7067 6.0764 0.000109
0 147.2354 209.2764 13.1434 24.6904 0.000109
0 2.6170 249.2944 5.1978 73.8817 0.000106
0 214.6314 202.1344 17.2129 30.5513 0.000099
0 237.8211 5.1163 22.7840 10.1967 0.000095
0 562.7871 508.7084 23.9360 6.5833 0.000094
0 223.2317 192.9305 14.6103 24.7151 0.000094
0 37.4944 508.5205 32.2854 6.9589 0.000084
0 2.8304 317.1084 5.6609 31.8582 0.000083
0 424.4550 508.4292 17.8922 6.9448 0.000082
0 461.5598 506.8929 16.6963 10.2142 0.000081
0 479.0876 506.2225 21.7569 11.5550 0.000079
0 2.7324 360.4228 5.4648 41.0780 0.000073
0 243.6763 6.9471 24.8865 13.7041 0.000070
0 227.0047 354.3374 26.5286 28.4600 0.000069
0 444.2850 153.4660 20.5640 15.3607 0.000067
0 459.6621 505.0501 26.2393 13.8997 0.000064
0 2.9646 371.6494 5.9292 39.5596 0.000058
0 2.9218 299.8782 5.8322 43.0040 0.000056
0 123.8715 96.7821 14.6501 15.3325 0.000055
0 189.0002 12.5312 24.8124 25.0566 0.000055
0 2.8265 328.1750 5.6530 35.0493 0.000053
0 436.4489 503.0286 29.1139 17.9427 0.000046
0 463.9128 501.5375 28.3617 20.9250 0.000046
0 47.2753 176.0294 26.5788 45.5422 0.000044
0 140.6021 208.5677 18.3561 20.5505 0.000044
0 150.3939 166.2192 16.5908 28.3826 0.000044
0 223.3481 295.5068 19.1852 16.2415 0.000036
0 192.7123 4.4414 26.5403 8.8828 0.000036
0 415.8865 500.7621 31.1533 21.8894 0.000034
0 170.1627 37.5122 15.8409 31.3443 0.000032
0 307.2237 6.4113 19.1224 12.8226 0.000031
0 2.7544 270.4677 5.4350 44.8243 0.000030
0 309.6155 3.4342 17.5795 6.8685 0.000030
0 203.1176 181.3243 22.1715 26.8586 0.000030
0 408.7635 503.2119 19.0987 17.5762 0.000029
0 6.6094 472.7710 13.2188 47.5188 0.000029
0 633.8950 420.5566 12.2100 50.7345 0.000027
0 436.1273 508.1410 18.3504 7.6457 0.000026
