0 299.1604 282.8340 19.5506 34.8145 0.833319
0 215.7932 428.3380 14.7870 37.1147 0.749165
0 582.2402 168.8437 12.0894 22.9604 0.017392
0 221.2403 425.3233 22.3402 32.2200 0.001732
0 555.9363 283.5348 27.8138 24.5833 0.001316
0 628.3159 181.3731 22.6204 19.3932 0.001292
0 636.2025 16.9393 7.5820 29.8849 0.000988
0 20.2567 107.1389 10.1416 12.2459 0.000872
0 548.1987 285.1627 16.9667 19.8763 0.000690
0 183.4101 462.0779 14.4589 17.1008 0.000489
0 547.9733 295.2151 16.9747 40.6212 0.000476
0 636.8715 440.7420 6.2569 22.9301 0.000400
0 391.7378 295.6997 11.1079 27.6006 0.000378
0 585.9573 508.8569 27.6118 6.2682 0.000243
0 142.2823 4.3321 15.7161 8.6435 0.000220
0 4.0024 156.5550 7.9379 27.3003 0.000204
0 3.5191 249.5149 7.0381 36.8886 0.000167
0 310.7516 15.2441 8.5605 24.4894 0.000144
0 14.2908 4.0613 24.6639 8.1225 0.000129
0 636.0806 422.7944 7.8389 50.4525 0.000094
0 636.3784 434.4731 7.2432 28.3842 0.000094
0 314.3162 9.0498 14.8484 16.8605 0.000093
0 555.4138 293.8921 30.3544 46.0002 0.000079
0 637.3794 109.6866 5.2411 52.8417 0.000076
0 636.3824 169.8837 6.9308 35.6609 0.000075
0 104.1018 3.4009 18.2954 6.8018 0.000064
0 633.1279 177.2896 13.0154 27.5305 0.000056
0 3.6162 504.5067 7.2325 14.9866 0.000053
0 3.8752 235.2213 7.7504 60.6072 0.000044
0 628.6156 163.4120 22.7432 52.7094 0.000044
0 637.6267 12.7349 4.7466 23.3349 0.000042
0 6.6179 241.3140 13.2357 45.1477 0.000042
0 636.7040 454.0312 6.5919 52.6053 0.000041
0 635.9019 445.5664 8.1962 31.5957 0.000036
0 305.4099 7.6806 18.2804 14.7055 0.000034
0 635.7377 501.9176 8.5246 20.1648 0.000034
0 630.8584 188.8586 18.2673 33.9850 0.000032
0 3.6687 182.1671 7.3374 84.3518 0.000031
0 636.5268 31.0715 6.9464 47.7439 0.000031
0 637.5562 143.4014 4.8876 62.1792 0.000030
0 635.7409 152.3756 8.5182 68.2513 0.000028
0 547.7789 246.0800 16.7085 20.4174 0.000028
0 637.6587 123.6784 4.6826 40.9739 0.000027
0 310.3651 7.6843 9.8199 12.4727 0.000026
