0 305.4836 330.4402 7.7988 42.4287 0.756373
0 306.6344 340.0276 9.6339 52.9255 0.000767
0 302.3496 332.7714 13.8548 46.0976 0.000296
0 311.0214 330.9514 17.1816 44.1045 0.000212
0 408.8078 4.1064 25.0267 8.2035 0.000107
0 395.1111 3.9000 36.3015 7.8000 0.000078
0 3.1192 39.5150 6.2384 79.0300 0.000046
0 636.4935 15.0963 6.6169 30.1221 0.000044
0 637.3364 328.9939 5.3272 30.6637 0.000038
0 403.3651 5.1005 23.1882 10.1399 0.000036
0 4.4977 19.2251 8.9954 38.4502 0.000032
0 298.0140 335.3952 18.0947 48.2394 0.000031
0 397.8771 8.6557 32.1508 17.2935 0.000025
