0 438.7913 302.3742 24.8953 33.6528 0.884142
0 530.9387 397.5944 23.1459 25.6195 0.866211
0 244.8700 50.6527 17.8075 25.7684 0.529940
0 195.2938 238.9645 12.7147 15.7007 0.047469
0 584.7374 509.6011 20.3611 4.7613 0.005041
0 607.2811 232.2578 18.9888 21.9974 0.003897
0 2.6841 318.3047 5.3476 45.1375 0.003221
0 1.8482 317.9109 3.6964 30.4516 0.001855
0 362.2235 158.4235 12.8335 13.3662 0.001851
0 513.4465 17.6455 23.9587 35.2857 0.001847
0 3.0422 301.3144 6.0791 53.3126 0.001365
0 396.2555 2.8703 19.4061 5.7406 0.001172
0 255.7274 507.9176 23.6952 8.1650 0.000968
0 199.1733 507.9686 21.8065 7.9777 0.000907
0 175.9800 508.1113 29.2008 7.7774 0.000843
0 8.3001 6.4198 16.6002 12.7915 0.000769
0 195.1480 246.5375 12.7465 30.2076 0.000458
0 2.5573 331.5791 5.0973 46.5828 0.000414
0 265.3238 508.3673 29.2318 7.2654 0.000379
0 287.1476 170.3649 18.6793 39.6689 0.000358
0 593.7027 508.9925 31.7076 5.9078 0.000357
0 50.4801 254.6305 21.7419 21.3760 0.000323
0 171.3100 259.6694 15.7436 34.6178 0.000313
0 2.7555 451.7992 5.5109 35.5437 0.000300
0 3.3298 283.4182 6.6403 55.0725 0.000246
0 2.9446 437.8484 5.8892 42.1287 0.000216
0 187.8389 239.5709 28.8038 22.9888 0.000215
0 169.6848 267.6251 16.1452 25.2432 0.000215
0 3.3960 421.0954 6.6654 32.7396 0.000194
0 6.2313 13.5554 12.4626 26.8988 0.000187
0 213.1838 508.5641 34.2345 6.8717 0.000184
0 290.4697 164.8378 11.9904 28.1187 0.000167
0 523.4321 20.1461 41.6003 39.9947 0.000149
0 513.9991 9.1473 22.3706 18.2946 0.000143
0 390.2880 3.5646 24.4954 7.1292 0.000142
0 16.0227 6.1648 29.8205 12.3043 0.000132
0 287.5571 235.6376 16.8110 22.1737 0.000131
0 504.9472 19.4361 38.5320 38.8721 0.000127
0 575.9594 508.4447 32.7634 7.1107 0.000123
0 188.0223 508.2366 39.7805 7.5268 0.000121
0 404.2291 3.6986 27.9169 7.3958 0.000118
0 459.4294 255.1114 20.7593 19.7614 0.000114
0 44.6849 25.8635 29.3655 50.4964 0.000111
0 7.3887 124.9526 14.7773 38.1218 0.000104
0 280.0435 508.3321 25.0467 7.3358 0.000103
0 245.5777 508.3179 33.6195 7.3640 0.000101
0 172.9744 504.8981 29.7336 14.2037 0.000089
0 202.5389 282.6164 10.4355 13.3267 0.000088
0 184.4758 251.2057 28.4543 36.2687 0.000087
0 361.3423 152.5885 14.3189 26.2990 0.000082
0 2.0172 302.9294 4.0344 38.8683 0.000077
0 588.9125 318.6634 11.7220 13.1157 0.000073
0 9.8674 413.8862 14.7713 22.6439 0.000071
0 394.2310 7.9984 18.0928 15.9969 0.000070
0 309.5317 506.1019 20.5059 11.7961 0.000069
0 159.7359 267.8122 18.3445 24.0429 0.000063
0 156.6126 508.2804 33.7563 7.4391 0.000062
0 3.0824 343.7472 6.1647 59.5994 0.000060
0 3.5262 406.3895 6.8046 28.1577 0.000059
0 223.5630 2.7865 22.9652 5.5730 0.000058
0 310.4755 432.2232 11.7504 26.3414 0.000058
0 539.4435 507.8705 15.3254 8.2591 0.000057
0 260.9964 504.9336 22.2689 14.0684 0.000056
0 620.2471 464.1912 19.7317 28.7463 0.000050
0 1.9944 127.6680 3.9888 44.9495 0.000048
0 4.9998 415.5479 9.8625 26.2262 0.000047
0 1.8884 48.8892 3.7767 43.4101 0.000046
0 196.3099 502.2791 22.1147 19.1283 0.000046
0 294.0806 73.2789 8.6996 18.8774 0.000044
0 1.4329 457.5690 2.8658 37.4017 0.000044
0 33.8999 23.5505 38.0940 46.8993 0.000043
0 3.1607 364.7322 6.3214 34.2543 0.000040
0 231.8447 508.5731 27.3519 6.8538 0.000039
0 215.9219 3.6447 23.6655 7.2893 0.000039
0 106.6055 43.4091 27.8394 22.4148 0.000038
0 204.0936 294.0536 13.0493 19.8007 0.000038
0 195.7558 279.1173 12.8279 15.4124 0.000037
0 18.8831 18.0405 35.5736 35.9553 0.000037
0 277.6673 170.5296 37.3568 45.6880 0.000037
0 124.6120 508.8623 27.6422 6.2012 0.000036
0 538.1880 504.3913 17.2195 15.2174 0.000035
0 103.9137 3.6290 20.3619 7.2579 0.000035
0 295.3324 507.7613 24.7721 8.4774 0.000034
0 186.4435 50.8813 39.3210 70.1479 0.000033
0 120.6781 501.9665 31.3680 19.2781 0.000032
0 133.4236 508.6725 39.3063 6.6550 0.000032
0 516.5417 4.3887 23.6263 8.7774 0.000031
0 287.9068 506.8680 29.2775 10.2639 0.000031
0 533.8137 507.5673 19.5774 8.8654 0.000030
0 2.6474 396.7051 5.2947 32.1681 0.000028
0 630.7709 11.2604 18.2419 22.4018 0.000028
0 634.9539 7.9012 10.0922 15.8023 0.000027
0 394.3076 71.7066 19.9623 13.0015 0.000026
0 3.2145 471.9409 6.4290 48.5328 0.000025
