0 127.6702 348.7298 30.4499 71.3605 0.899606
0 50.0058 343.3583 10.5076 36.9479 0.837690
0 286.8809 343.3759 10.0174 45.2304 0.607648
0 396.7509 356.7300 12.0668 16.5918 0.008722
0 551.6926 364.5980 7.5387 9.8070 0.003888
0 400.0522 355.6914 6.0573 15.8999 0.002455
0 50.0078 360.8327 11.8441 77.5445 0.000578
0 29.2073 15.7380 26.3802 31.4690 0.000418
0 637.5288 369.5579 4.9423 48.7930 0.000402
0 553.3638 360.7396 9.0046 17.2013 0.000192
0 637.0151 392.3975 5.9697 97.6266 0.000129
0 638.4536 365.0066 3.0928 35.8181 0.000102
0 120.0279 347.8439 15.1176 70.0852 0.000098
0 390.5575 356.2663 7.2937 16.5895 0.000096
0 42.8677 342.8056 22.6735 39.0059 0.000089
0 54.4797 354.4556 18.9599 61.4209 0.000053
0 632.0900 368.4026 15.1552 45.1359 0.000051
0 142.3782 5.8261 32.9224 11.4588 0.000047
0 48.5952 384.3761 13.6577 128.6890 0.000044
0 103.5429 4.4190 36.3654 8.8380 0.000043
0 588.4561 380.7706 12.1177 13.1454 0.000043
0 40.5000 16.0205 41.7930 32.0410 0.000039
0 402.7310 355.5125 9.3338 17.2950 0.000039
0 2.2015 123.2392 4.3787 56.0743 0.000037
0 221.6638 371.6236 7.4142 44.6331 0.000034
0 547.3237 364.1548 16.1891 11.7214 0.000032
0 4.0929 408.1731 8.1857 119.8758 0.000031
0 38.3706 393.9577 29.2908 142.5859 0.000029
0 621.6394 422.9648 36.2103 178.0703 0.000027
