0 26.5766 340.8659 17.6350 61.2249 0.867417
0 2.9344 340.0973 5.8546 67.6883 0.136305
0 635.0412 414.1477 9.9173 89.4091 0.043111
0 354.8309 372.1190 5.2461 7.8489 0.002399
0 9.4190 338.6333 16.6183 65.1179 0.001921
0 354.4117 372.4657 6.8228 10.4402 0.001417
0 3.5300 368.3615 7.0600 120.8053 0.000891
0 636.7377 42.4161 6.5245 70.6989 0.000796
0 637.2655 71.9946 5.4690 60.3738 0.000675
0 7.9282 360.9204 15.8547 118.4910 0.000431
0 626.4910 418.6017 26.2864 92.4181 0.000428
0 637.1362 420.4392 5.7275 93.9555 0.000345
0 636.1480 86.2691 7.7040 92.0068 0.000141
0 354.8467 379.3740 8.6290 25.6324 0.000107
0 4.1417 408.6477 8.2835 124.3208 0.000098
0 627.5021 37.4239 24.9957 74.8477 0.000089
0 354.4520 366.9420 5.4268 17.9745 0.000051
0 2.1418 319.8850 4.2835 47.8519 0.000049
0 351.0513 371.5912 12.7505 9.8231 0.000048
0 354.9784 364.6447 8.0332 31.1110 0.000046
0 351.9316 375.8474 11.6273 18.0602 0.000046
0 138.7475 348.6067 7.3179 34.5228 0.000037
0 634.7179 36.3363 10.5643 72.6726 0.000036
0 17.5556 341.6155 35.1112 70.0924 0.000033
0 638.3503 397.5995 3.2994 56.5483 0.000032
