0 380.9262 343.6602 19.2599 48.6056 0.859676
0 394.4819 343.5726 8.9817 25.9416 0.580122
0 391.7488 345.5132 10.0130 41.9935 0.001424
0 594.6624 365.1609 11.9390 64.9908 0.001190
0 636.8545 336.0899 6.1052 48.0947 0.000664
0 481.0916 344.2227 11.8155 34.9909 0.000576
0 395.9836 347.9012 7.8862 38.2084 0.000197
0 4.3711 8.6644 8.7422 17.2451 0.000168
0 638.2361 343.1707 3.5278 54.8691 0.000161
0 637.1084 353.0303 5.7832 55.0319 0.000141
0 636.3751 320.6372 7.2500 71.9227 0.000135
0 513.7686 335.9070 14.1482 39.1521 0.000086
0 315.9470 336.8331 10.2706 9.5185 0.000084
0 637.0496 381.5686 5.9008 114.3976 0.000075
0 597.0859 345.8746 12.9912 26.3217 0.000073
0 632.8693 336.2162 12.6013 36.9916 0.000049
0 487.4137 342.3546 14.2162 36.8572 0.000039
0 638.1125 324.8443 3.7749 62.8971 0.000027
0 388.4362 338.4152 10.6401 39.5333 0.000027
