0 595.9514 344.0158 16.1920 29.1012 0.806047
0 106.2209 22.6768 20.2222 45.3536 0.001059
0 4.7866 244.3901 9.5457 90.3530 0.000590
0 4.7533 351.5168 9.5065 78.5496 0.000356
0 93.7894 22.5525 40.0672 45.1050 0.000343
0 588.8636 346.1823 25.6073 29.5216 0.000342
0 115.5112 18.9203 41.7552 37.6892 0.000313
0 637.4341 318.7648 5.1318 66.2101 0.000274
0 107.2628 31.9801 8.6787 26.4299 0.000214
0 2.9427 362.2114 5.8853 65.4644 0.000110
0 427.2449 322.4373 10.2308 12.2336 0.000068
0 637.4156 345.8180 5.1688 79.9823 0.000057
0 3.9618 384.5255 7.9237 133.2739 0.000049
0 132.9549 22.4433 83.9350 44.8867 0.000046
0 637.0671 378.5327 5.8658 98.7545 0.000035
0 131.7239 13.2032 68.0477 26.0904 0.000035
0 113.1955 22.6999 24.9301 45.3998 0.000031
0 76.7678 24.5807 79.5202 49.1614 0.000029
0 4.2036 313.6945 8.4072 134.9308 0.000025
