0 439.0743 304.0399 24.6469 29.9670 0.881383
0 531.8257 397.5365 23.1150 25.7782 0.865780
0 244.9832 50.3354 18.0184 26.1654 0.447034
0 196.4740 239.7336 10.9901 16.3996 0.064048
0 608.5286 232.0329 17.8442 22.2088 0.002889
0 50.5380 254.2649 22.1102 21.9173 0.002140
0 2.8582 310.9326 5.7164 47.0334 0.002112
0 585.8935 509.5446 20.2228 4.8495 0.001523
0 257.0782 507.9466 24.2425 8.1067 0.001263
0 8.1892 6.0742 16.3783 12.0998 0.000813
0 395.5334 2.9517 19.9999 5.9033 0.000688
0 3.1455 291.1936 6.2899 50.8133 0.000658
0 37.6306 24.8560 40.4145 49.4528 0.000651
0 200.1458 508.3383 24.4511 7.0937 0.000647
0 513.3898 17.0869 25.0834 34.1401 0.000643
0 176.4632 508.2409 30.2969 7.5183 0.000601
0 2.0739 317.9497 4.1478 32.2045 0.000538
0 265.3768 508.2152 28.3868 7.5697 0.000506
0 195.6574 248.4119 12.2570 32.3737 0.000437
0 191.1690 239.1207 22.2164 20.5481 0.000436
0 290.1281 163.1641 13.4011 24.1940 0.000428
0 2.8669 331.5647 5.7339 51.1198 0.000359
0 189.2900 508.3075 34.9537 7.3813 0.000349
0 6.4154 13.8880 12.8302 27.6913 0.000276
0 2.7667 450.5538 5.5334 34.0089 0.000249
0 3.0093 437.7464 6.0187 38.3200 0.000215
0 3.8628 420.7561 7.4178 29.0153 0.000197
0 294.5538 73.4043 8.7826 19.2573 0.000190
0 539.7493 507.9796 13.8262 8.0408 0.000173
0 16.1797 6.2885 29.8735 12.5521 0.000163
0 389.9430 3.8050 24.4026 7.6099 0.000146
0 289.8892 234.9192 17.0391 22.9102 0.000143
0 594.1315 509.0346 31.2934 5.8122 0.000132
0 10.3906 9.2806 20.7812 18.5612 0.000128
0 212.9364 508.7120 34.7867 6.5761 0.000121
0 538.7677 504.2832 15.0015 15.4337 0.000116
0 167.5764 508.7112 30.0928 6.5777 0.000106
0 7.9115 121.7280 15.8230 32.6650 0.000104
0 223.3266 2.7552 22.6416 5.5104 0.000093
0 310.2241 506.2642 20.4824 11.4716 0.000088
0 156.3785 508.4401 34.3142 7.1198 0.000068
0 245.5018 508.4655 33.1376 7.0690 0.000068
0 2.2676 302.6626 4.5352 39.5698 0.000068
0 393.3043 71.4835 19.9955 12.3695 0.000067
0 3.2192 367.9389 6.3858 37.6796 0.000066
0 280.7448 508.3837 25.9782 7.2325 0.000066
0 184.8443 57.9984 37.8947 61.3639 0.000065
0 533.8831 507.7036 20.0046 8.5927 0.000063
0 3.0603 273.7528 6.1205 48.9982 0.000062
0 180.3741 504.4931 31.6761 15.0138 0.000062
0 461.9508 254.7983 21.8248 19.8057 0.000061
0 137.3918 508.6958 41.2597 6.6084 0.000059
0 204.1321 294.2456 12.3355 18.2695 0.000058
0 590.2338 317.7291 10.0095 12.9567 0.000055
0 1.9051 48.8685 3.8102 39.3766 0.000055
0 30.8870 17.3240 36.9100 34.5137 0.000051
0 262.8903 505.2398 24.4579 13.5204 0.000051
0 168.1298 268.1709 14.5683 22.4360 0.000050
0 216.4832 3.5502 24.2484 7.1004 0.000050
0 9.8157 414.6653 13.5013 20.4850 0.000046
0 283.7542 169.8552 26.5669 41.3511 0.000045
0 404.3732 3.9093 27.6807 7.8186 0.000044
0 1.4734 454.7734 2.9468 34.5950 0.000043
0 120.4961 508.7158 31.9954 6.5684 0.000043
0 450.8648 142.2968 12.2537 25.4653 0.000040
0 394.3203 8.3736 18.4742 16.7472 0.000039
0 2.3104 125.4705 4.6208 42.9256 0.000038
0 209.3502 291.0276 11.2538 15.3128 0.000038
0 66.3175 15.8062 26.7458 31.5014 0.000035
0 282.3743 235.9242 24.8644 27.7702 0.000034
0 315.5475 3.1985 21.8865 6.3733 0.000034
0 2.6418 396.9418 5.2836 30.6707 0.000032
0 309.5961 437.2070 9.4440 16.0862 0.000030
0 8.3336 306.2896 16.4066 47.8103 0.000030
0 524.3936 20.9316 44.1067 41.5183 0.000030
0 72.7767 507.9208 27.3356 8.1584 0.000029
0 161.1039 274.2495 17.4633 20.5546 0.000029
0 539.3735 234.0266 13.5378 24.0784 0.000029
0 294.8982 507.8901 24.3102 8.2198 0.000028
0 104.4337 3.6837 20.4794 7.3673 0.000028
0 196.8579 294.7091 10.6784 17.7621 0.000027
0 176.9741 70.7259 22.7554 21.6066 0.000027
0 523.5612 504.4816 14.3119 14.3788 0.000027
0 231.4514 508.7119 23.1145 6.5762 0.000026
0 3.9898 55.2391 7.9486 39.5218 0.000025
0 201.2528 251.0002 15.1476 31.4968 0.000025
0 4.1983 20.4900 8.3966 40.9799 0.000025
0 513.7675 4.8637 22.3666 9.7214 0.000025
