0 464.0951 358.5435 11.1327 56.6031 0.008380
0 331.2663 359.7257 5.9111 25.7207 0.004130
0 394.7268 363.9118 18.4493 87.7972 0.003648
0 637.1553 354.8928 5.6892 76.1664 0.001277
0 331.2213 364.8129 7.0448 40.9711 0.000555
0 638.1033 365.7457 3.7935 55.8032 0.000215
0 587.1540 370.0936 14.8549 68.6317 0.000196
0 637.2134 381.7457 5.5732 84.9443 0.000152
0 331.5641 369.6385 11.9167 47.1609 0.000131
0 638.3667 383.9338 3.2666 50.4692 0.000072
0 604.3704 353.7058 42.3915 89.2561 0.000068
0 198.1799 395.0523 6.8583 45.1857 0.000060
0 636.5300 331.9379 6.9401 80.6648 0.000057
0 504.4864 506.8295 35.5992 10.3409 0.000045
0 465.5808 376.6762 17.3657 105.1570 0.000034
0 637.9984 344.5256 4.0033 65.4214 0.000031
0 469.0241 351.6136 22.8304 70.6935 0.000030
0 2.6530 352.6043 5.2341 43.6483 0.000029
0 327.2243 362.8804 13.7929 33.7258 0.000027
