0 440.2605 385.8741 27.4702 111.9190 0.868733
0 244.2375 381.0976 22.2492 66.1197 0.862715
0 629.5072 491.3896 20.8272 40.8963 0.000915
0 637.5694 388.6250 4.8610 52.0407 0.000486
0 637.4384 372.0257 5.1230 30.8825 0.000361
0 636.7656 423.6914 6.4687 132.6922 0.000138
0 434.6538 364.7551 18.6347 68.3475 0.000118
0 637.2573 349.1618 5.4854 68.3908 0.000098
0 634.3936 484.1304 11.2129 55.7392 0.000086
0 437.3024 348.2213 19.6918 36.7000 0.000078
0 615.4832 492.0366 48.3483 39.7953 0.000074
0 448.0988 402.0022 10.4573 79.2766 0.000066
0 9.2853 278.2321 18.5706 162.1798 0.000052
0 638.2719 376.7787 3.4562 25.2712 0.000049
0 440.4228 342.6245 17.6631 25.6986 0.000029
0 629.4368 440.2568 21.1265 143.4864 0.000026
