0 417.5722 383.1505 32.4447 85.3825 0.894018
0 311.0384 369.1608 8.5364 17.3260 0.006935
0 322.9709 382.8228 26.3212 65.1234 0.003891
0 320.3400 370.6847 21.2080 40.3228 0.003088
0 316.0561 364.4250 13.4787 27.2949 0.002353
0 480.7384 351.3464 9.9747 29.2637 0.001570
0 637.3847 384.6573 5.2275 43.3671 0.000961
0 323.8921 364.6742 28.8703 27.1263 0.000376
0 481.3054 362.5367 12.0392 58.3491 0.000334
0 3.8887 371.6181 7.6264 67.7621 0.000300
0 4.5961 20.9236 9.1922 41.8472 0.000286
0 160.3427 348.2973 15.0972 39.6270 0.000253
0 313.0681 367.5856 6.3022 20.2723 0.000247
0 7.1704 11.9345 14.3235 23.7682 0.000238
0 16.4377 10.0577 32.7735 20.0695 0.000191
0 34.3779 356.8051 7.3354 27.8556 0.000170
0 10.3588 20.2802 20.7140 40.5053 0.000163
0 330.0387 366.3459 16.3709 31.8330 0.000151
0 61.7003 7.7911 26.4401 15.5822 0.000143
0 1.9745 366.3273 3.9490 58.0367 0.000117
0 44.0473 6.7248 59.2393 13.4495 0.000104
0 4.9248 355.7130 7.8726 32.8268 0.000096
0 10.7438 365.8040 8.3126 46.7532 0.000082
0 9.3884 40.9539 18.7767 81.9078 0.000062
0 312.6462 380.4385 9.1210 45.2009 0.000062
0 18.8585 24.4155 37.4532 48.8137 0.000059
0 20.1227 370.8887 25.2271 59.6080 0.000041
0 618.1141 383.9917 14.6521 37.5690 0.000037
0 12.8834 370.9927 14.6151 62.1506 0.000034
0 321.2972 411.6799 38.6084 117.8895 0.000033
0 295.3687 419.7310 40.9729 134.5161 0.000029
0 4.1082 44.0830 8.2165 88.1660 0.000029
0 34.6578 11.2383 69.3156 22.4612 0.000027
