0 213.6844 372.9321 22.8147 76.0325 0.770881
0 224.2234 400.6530 10.1445 24.8347 0.669813
0 322.9150 399.3554 6.3615 21.0325 0.023748
0 1.7717 397.1036 3.5435 41.4866 0.000998
0 1.5251 426.4344 3.0502 50.4492 0.000559
0 194.6375 372.8870 13.2230 65.7632 0.000480
0 2.5527 388.3576 5.1054 50.7811 0.000381
0 220.0324 398.4879 8.3475 25.0724 0.000349
0 150.2965 374.6006 18.7632 52.1515 0.000343
0 464.4559 175.7163 351.0881 351.4327 0.000268
0 3.3512 218.0066 6.7024 56.8834 0.000248
0 5.0838 230.2402 10.1676 67.2951 0.000123
0 598.9194 404.5205 7.9734 58.1047 0.000119
0 633.6647 4.2640 12.6707 8.5280 0.000117
0 151.7330 423.5616 15.3118 51.2136 0.000106
