0 180.7498 26.6327 21.5128 26.2074 0.763863
0 216.7791 226.9957 21.3372 27.1009 0.748369
0 525.2268 287.6086 15.3127 15.3324 0.652834
0 86.0141 127.2190 19.2203 43.6663 0.004542
0 600.7546 328.0973 13.9657 21.8514 0.003609
0 291.5635 509.3459 22.7991 5.3081 0.001355
0 95.9680 54.8096 15.5961 15.1814 0.000713
0 85.6877 140.4786 16.0969 16.4778 0.000682
0 110.6110 120.9952 12.3048 18.0857 0.000325
0 6.4901 426.0679 12.9751 38.5658 0.000323
0 267.2456 2.4325 24.1260 4.8057 0.000298
0 6.7018 411.2927 13.4036 44.6326 0.000289
0 118.7663 115.8042 27.4121 27.9323 0.000253
0 5.0283 462.6215 10.0567 23.2238 0.000233
0 479.7003 507.5535 40.1410 8.8929 0.000211
0 282.8759 508.7598 31.8556 6.4805 0.000204
0 256.9397 2.5039 21.6193 4.9648 0.000171
0 638.0228 149.6546 3.9545 42.8904 0.000146
0 80.3599 508.5449 31.3190 6.9102 0.000145
0 341.4779 509.3133 28.5050 5.3734 0.000134
0 599.9457 313.7285 23.1765 43.2682 0.000132
0 230.8574 229.8619 12.0306 30.3649 0.000122
0 1.6843 92.5267 3.3685 36.3439 0.000120
0 94.2905 128.6055 31.9031 40.8559 0.000116
0 88.8200 509.4843 23.8329 5.0314 0.000114
0 100.7281 53.6101 24.7950 19.7667 0.000106
0 10.1873 404.0715 20.3746 57.3125 0.000103
0 466.0971 507.6133 38.2715 8.7733 0.000102
