0 494.1366 316.0468 17.8170 17.0681 0.550717
0 473.9104 262.0174 13.5469 22.9907 0.354596
0 530.6233 290.7821 11.7098 13.5219 0.004596
0 478.5019 258.0417 13.4105 14.5874 0.001968
0 534.5367 288.6856 17.2212 17.3469 0.001307
0 593.4851 499.9955 30.2336 23.9471 0.001280
0 637.9517 479.4061 4.0967 38.5767 0.001279
0 574.8779 5.6317 42.7196 11.2634 0.001236
0 195.7735 284.2448 12.5244 13.7313 0.001176
0 588.9620 507.8647 29.5416 8.2706 0.000703
0 638.0479 467.9951 3.9042 32.8801 0.000611
0 469.6371 267.1632 12.0941 17.9261 0.000562
0 584.5513 505.1303 49.0342 13.7394 0.000506
0 526.8029 291.1179 16.0858 17.1776 0.000481
0 586.1134 7.8946 63.0789 15.7891 0.000405
0 557.3230 5.2451 45.9661 10.4902 0.000387
0 609.8091 486.0748 60.3818 51.4803 0.000311
0 159.2430 336.6902 318.4859 350.6196 0.000302
0 565.7802 3.2775 31.4430 6.4938 0.000286
0 363.3915 509.9349 20.3197 4.1302 0.000285
0 159.0580 176.7789 318.1161 353.5578 0.000281
0 306.0803 176.3977 478.7091 352.7954 0.000273
0 417.8556 241.5207 444.2889 479.3821 0.000257
0 464.2519 353.8953 351.4962 316.2094 0.000243
0 239.7296 353.7244 477.7912 316.5513 0.000221
0 467.3477 259.7726 17.3641 27.5424 0.000191
0 200.3306 283.5633 21.1736 17.0532 0.000177
0 483.8910 257.5048 9.9510 12.9757 0.000172
0 274.1837 274.1414 476.2234 475.7172 0.000165
0 569.2050 12.0558 43.6794 24.0371 0.000158
0 511.5312 149.0075 27.3896 36.7921 0.000155
0 128.7961 3.4249 17.9472 6.6154 0.000152
0 508.2843 155.1693 21.8647 18.7144 0.000138
0 370.5587 322.6982 475.5029 378.6035 0.000130
0 549.4268 8.5908 50.5148 17.1816 0.000129
0 358.2159 500.8765 20.6248 21.7864 0.000119
0 380.4872 478.4101 12.5717 14.4182 0.000102
