0 198.1495 330.8580 12.5728 13.4685 0.359716
0 225.9395 419.3540 18.7521 34.6183 0.009810
0 375.6547 80.4645 7.0997 9.0686 0.003907
0 2.0519 336.1956 4.1038 41.9965 0.000415
0 203.2370 332.0119 19.8687 11.2903 0.000341
0 194.3613 325.7008 15.5099 21.2410 0.000319
0 336.9133 176.0752 475.3832 352.1504 0.000314
0 400.1251 336.5365 477.5552 350.9269 0.000302
0 336.4136 272.2121 477.0552 478.2836 0.000286
0 465.4669 176.4765 349.0662 352.9530 0.000284
0 480.4041 336.9250 319.1917 350.1501 0.000277
0 207.8374 320.4138 415.6748 383.1724 0.000260
0 449.6959 273.6836 380.6082 476.6328 0.000232
0 223.9090 223.8349 447.8179 447.6699 0.000162
0 202.1541 326.8139 15.5715 16.9809 0.000149
0 159.8544 272.0895 319.7087 479.1188 0.000146
0 2.8318 296.8866 5.6636 28.2673 0.000103
