0 513.9711 340.2241 14.6958 14.6437 0.555053
0 8.3331 398.1989 16.6662 83.4529 0.012840
0 3.6621 376.9804 7.3242 43.6011 0.002425
0 422.3790 500.1768 35.1658 23.6168 0.001058
0 429.6467 505.9645 31.4954 12.0710 0.000436
0 159.3497 336.5920 318.6995 350.8159 0.000312
0 433.6277 508.8363 30.4757 6.3274 0.000306
0 191.5231 175.7826 383.0461 351.5652 0.000304
0 464.3685 337.0173 351.2631 349.9653 0.000277
0 191.9616 272.4217 383.9232 478.6713 0.000277
0 3.3229 361.2882 6.6457 44.7236 0.000272
0 239.8001 353.6362 477.8741 316.7277 0.000241
0 3.2562 112.1239 6.5123 51.3691 0.000231
0 305.9512 161.6796 473.8260 323.3592 0.000224
0 466.8274 162.4961 346.3453 324.9922 0.000218
0 407.8185 500.8603 43.9156 22.0692 0.000198
0 481.4908 244.0009 317.0184 478.5469 0.000197
0 8.1253 5.9448 16.2506 11.8631 0.000196
0 15.5391 11.1411 30.3859 22.2621 0.000174
0 399.8566 368.5392 478.4713 286.9215 0.000164
0 305.6597 273.9937 474.2292 476.0126 0.000162
0 406.0846 505.9467 40.6141 12.1066 0.000121
0 513.8894 332.2502 16.3308 28.3799 0.000115
0 6.3490 10.0611 12.6979 20.1222 0.000115
