0 257.2532 58.3902 21.8049 37.0798 0.720309
0 281.1696 95.7040 25.0649 25.4380 0.644320
0 606.7921 364.9606 18.0760 15.4760 0.001334
0 71.3720 9.8592 33.1944 19.7185 0.000855
0 71.6652 4.8370 30.8993 9.6741 0.000425
0 459.7667 510.0827 30.5724 3.8345 0.000396
0 628.8219 199.5404 22.1992 44.8515 0.000356
0 159.0874 272.6122 318.1747 478.3859 0.000311
0 175.5251 352.4592 351.0502 319.0817 0.000291
0 269.1501 67.3625 46.3190 66.9646 0.000286
0 271.5313 352.7171 477.9156 318.5657 0.000255
0 464.3409 337.2966 351.3181 349.4067 0.000253
0 223.4232 176.1647 446.8463 352.3293 0.000239
0 600.7339 508.1213 22.8387 7.7574 0.000195
0 467.5129 163.9118 344.9741 327.8236 0.000178
0 371.5651 163.6734 472.8512 327.3469 0.000171
0 239.5293 509.9104 25.5966 4.1791 0.000170
0 77.0043 14.8113 32.5007 29.6227 0.000162
0 482.1475 246.9218 315.7051 478.1377 0.000150
0 369.4051 306.3736 475.8658 411.2527 0.000142
0 241.6079 274.6385 475.0400 474.7231 0.000135
0 157.7490 12.7563 26.4155 25.2934 0.000113
0 62.4931 13.3204 29.1823 26.6407 0.000107
