0 179.8047 361.9695 42.5532 190.5223 0.863618
0 447.9501 328.8989 30.3331 105.4965 0.853732
0 262.9519 297.7633 21.3845 39.0966 0.792236
0 335.1609 292.1726 24.3110 57.8846 0.001455
0 160.4058 360.1727 71.7294 189.0541 0.001384
0 636.7357 236.8788 6.5287 65.2791 0.001263
0 6.0130 267.8716 12.0184 104.4134 0.000544
0 2.5752 267.4603 5.1503 104.6672 0.000378
0 205.6974 365.1454 52.5511 191.4859 0.000354
0 635.7347 256.8992 8.5012 94.5400 0.000332
0 635.7609 220.3068 8.4783 55.8562 0.000276
0 296.9695 6.0369 29.0267 12.0739 0.000156
0 628.4802 421.3941 23.0396 56.0386 0.000155
0 1.8573 287.6686 3.7147 69.6577 0.000130
0 440.0079 342.2739 14.3536 74.3455 0.000120
0 2.1870 340.8543 4.3741 94.0820 0.000116
0 633.1288 243.6609 13.7090 74.3723 0.000109
