0 225.4014 409.8965 25.1622 37.8099 0.779872
0 271.8439 348.1845 11.4851 25.9417 0.590145
0 298.1884 307.8552 13.7577 17.4943 0.337144
0 303.3682 308.4173 18.7299 20.8333 0.011524
0 275.7426 351.4805 18.5195 29.6365 0.001570
0 266.3249 349.5349 15.5396 28.1099 0.001259
0 294.4826 310.8746 14.6235 23.6296 0.000543
0 299.0321 315.3940 13.7847 27.7333 0.000460
0 300.1285 300.4030 14.9401 23.5285 0.000281
0 290.8346 306.9241 13.1930 20.4084 0.000279
0 175.8102 336.4232 351.6204 351.1536 0.000257
0 307.5145 304.5984 23.0636 28.0736 0.000228
0 284.2481 345.6734 14.9976 25.4324 0.000141
0 225.0301 349.6136 10.6768 15.6025 0.000127
0 637.6960 303.4480 4.6080 35.3650 0.000122
0 194.0262 345.8374 6.5650 14.1194 0.000110
0 217.5539 411.9668 10.6877 35.6522 0.000108
0 219.0160 322.4024 18.3585 33.3837 0.000105
0 274.3980 342.2718 12.0054 21.5358 0.000105
0 212.7095 316.5696 18.5551 25.1913 0.000102
