0 495.7948 329.7855 40.7394 85.7562 0.857031
0 368.5847 264.1036 30.2273 123.1461 0.844494
0 326.6263 292.4919 41.4720 70.3585 0.801657
0 429.3626 313.2090 27.2058 14.1979 0.004360
0 159.9601 303.0769 8.7427 9.5586 0.001048
0 129.8959 306.2590 16.2603 40.7549 0.001043
0 421.1211 313.1725 10.7728 13.1052 0.000391
0 162.1923 301.1489 12.5183 13.7161 0.000228
0 159.3768 295.8873 7.9471 23.9990 0.000173
0 635.2053 7.0070 9.5894 14.0141 0.000167
0 636.4099 14.8745 7.1802 29.7489 0.000166
0 412.7699 314.4849 30.1127 16.8671 0.000143
0 1.7929 78.8181 3.5859 38.1816 0.000131
0 629.1229 7.5483 21.7542 15.0966 0.000125
