0 299.5833 353.7707 18.3495 19.1682 0.733056
0 629.5950 12.9726 20.8101 25.9453 0.014056
0 141.3244 508.9765 23.3010 6.0469 0.013961
0 212.2131 507.9210 19.7165 8.1581 0.013355
0 5.0089 193.7968 10.0179 30.6122 0.007968
0 202.6688 507.8490 28.8220 8.3020 0.007435
0 170.3021 447.4224 24.8477 16.1750 0.004099
0 177.7540 448.3922 10.4260 12.2877 0.003153
0 171.5078 439.2938 22.0385 28.8093 0.002568
0 252.5513 5.8891 27.6270 11.4589 0.002364
0 392.8658 250.9783 14.5296 16.1521 0.002040
0 258.3618 505.5003 29.8292 12.9993 0.001971
0 242.0513 285.2678 29.5459 28.3188 0.001659
0 255.1730 17.9745 17.0734 27.5193 0.001574
0 473.2036 306.7178 11.3995 13.3473 0.001274
0 193.7829 507.9171 24.8140 8.1658 0.001023
0 250.9144 11.4551 27.3307 20.5925 0.000991
0 170.4969 432.5213 19.7293 15.4172 0.000953
0 236.1371 287.1194 19.0594 22.6398 0.000847
0 141.9088 503.9875 24.6458 16.0251 0.000772
0 170.9882 509.7701 20.1707 4.4598 0.000758
0 4.9550 182.2107 9.9100 36.4421 0.000757
0 134.8122 507.7709 36.0681 8.4581 0.000751
0 220.1698 508.7106 23.3621 6.5789 0.000669
0 3.0788 12.0612 6.1576 24.1223 0.000607
0 287.6721 509.7194 19.9285 4.5612 0.000591
0 121.2439 502.0261 35.6564 19.7634 0.000574
0 395.8360 260.6507 15.9536 21.3680 0.000563
0 427.1796 4.2499 24.5482 8.3030 0.000548
0 623.5701 10.5588 22.6519 21.1175 0.000526
0 4.1622 6.2848 8.3244 12.5697 0.000522
0 141.3841 462.9169 9.1046 9.9441 0.000519
0 110.7750 506.8734 26.9371 10.2532 0.000515
0 351.4370 249.1373 18.4673 18.1424 0.000468
0 97.3002 244.4055 13.9034 8.6443 0.000468
0 6.4909 218.1206 12.9544 25.7729 0.000452
0 394.6374 255.3833 14.4845 15.7518 0.000451
0 257.8571 8.3745 21.9506 12.4444 0.000418
0 474.2394 311.2707 13.3824 23.2444 0.000392
0 602.6320 313.5122 30.0798 20.4308 0.000384
0 270.2681 507.9077 33.0954 8.1847 0.000374
0 149.7986 506.7777 35.2067 10.4445 0.000345
0 162.7579 448.2108 12.0558 15.8173 0.000297
0 164.7625 509.4382 22.5443 5.1237 0.000297
0 243.4183 4.5180 31.4211 8.9904 0.000296
0 292.2795 19.8265 21.6201 18.4287 0.000293
0 181.4523 509.0674 21.0927 5.8652 0.000291
0 2.6510 24.3309 5.3019 48.6618 0.000288
0 156.9552 509.0900 29.3349 5.8201 0.000287
0 128.8934 505.2384 44.4816 13.4817 0.000276
0 177.7989 439.7401 13.9521 28.1021 0.000256
0 481.6998 72.5569 22.6251 50.0416 0.000254
0 9.8864 3.6063 19.7728 7.2125 0.000252
0 3.6143 206.1296 7.2056 47.8591 0.000249
0 472.2262 8.6301 19.9769 17.2602 0.000246
0 305.5316 253.9386 14.3682 14.5114 0.000236
0 251.3102 508.6296 23.7111 6.7407 0.000229
0 84.4281 2.2607 25.0582 4.5215 0.000228
0 617.5292 5.2910 26.1431 10.5707 0.000222
0 636.8668 328.9288 6.2665 31.4349 0.000220
0 171.1600 507.9189 22.1998 8.1621 0.000220
0 419.1833 4.5410 29.2921 9.0819 0.000215
0 300.4031 255.6894 20.7927 20.1889 0.000215
0 504.3195 309.3984 20.8306 18.0605 0.000205
0 635.0822 20.8351 9.8356 41.6703 0.000203
0 1.4583 384.1270 2.9166 41.0608 0.000193
0 586.0438 12.7854 23.2838 25.3082 0.000192
0 9.8553 9.9881 19.6972 19.9762 0.000191
0 351.8886 241.2005 16.7699 21.8376 0.000189
0 244.6048 14.6553 35.2943 28.1317 0.000185
0 477.1688 299.9009 19.7587 26.8181 0.000184
0 348.3234 229.3586 11.7142 14.8359 0.000182
0 162.2770 358.4626 21.7170 13.5203 0.000179
0 397.8152 265.4127 16.2535 14.7354 0.000177
0 307.3936 250.5397 13.1834 14.9732 0.000177
0 77.5485 509.4297 29.9298 5.1406 0.000176
0 544.5164 67.8688 35.1138 47.7763 0.000173
0 478.9803 306.3067 22.8228 15.7203 0.000172
0 295.3103 509.3908 26.0216 5.2183 0.000170
0 246.8680 20.7142 24.8073 24.3202 0.000163
0 2.2549 294.5613 4.5099 44.3917 0.000159
0 2.8920 135.3910 5.7840 47.0291 0.000155
0 382.6235 198.3308 16.2308 18.5375 0.000150
0 3.7275 506.2483 7.4550 11.5035 0.000147
0 637.6568 108.2535 4.6864 38.6830 0.000142
0 277.5247 255.0825 23.9491 29.5159 0.000142
0 351.9894 231.8414 15.3647 19.2467 0.000140
0 266.0991 7.2405 30.4266 14.4810 0.000132
0 141.4702 267.0840 27.6362 41.5392 0.000130
0 5.0967 25.0641 10.1933 50.1281 0.000126
0 151.6613 500.3329 38.7255 23.3341 0.000123
0 263.0891 17.6132 26.5495 29.0642 0.000118
0 540.8351 57.6111 28.2776 26.6897 0.000116
0 2.5783 315.0513 5.1566 53.4860 0.000116
0 133.4538 280.3018 16.8461 29.5388 0.000107
0 4.0241 375.1994 8.0481 33.4730 0.000107
0 2.1791 431.4547 4.3582 42.2350 0.000104
0 170.6240 501.0955 23.7748 21.8090 0.000103
0 418.7353 405.1255 16.0055 29.3419 0.000102
0 192.9212 479.1534 15.0958 16.2057 0.000101
