0 271.3792 282.1964 37.3427 125.9213 0.867432
0 331.0533 268.9263 41.1838 124.8876 0.864382
0 516.7649 311.7863 10.6595 13.6385 0.004934
0 533.0864 314.8040 43.7257 10.3770 0.004205
0 611.2338 287.6115 53.4092 143.0314 0.000590
0 523.6280 312.1223 24.4353 14.9711 0.000508
0 2.0272 313.8390 4.0543 37.0853 0.000463
0 547.3768 315.3629 12.6638 8.6221 0.000241
0 495.2925 317.0936 39.1880 15.3727 0.000174
0 503.8380 313.5728 42.0237 14.2664 0.000171
0 263.0605 306.7626 19.0810 69.9607 0.000153
0 286.8842 289.2094 8.2609 96.6756 0.000151
0 5.5790 313.1873 9.5869 32.1462 0.000147
0 2.6061 325.9639 5.1814 55.4673 0.000110
0 485.7897 317.9457 18.4731 15.5331 0.000109
0 277.4119 307.6465 25.4757 73.7662 0.000107
