0 349.9945 230.1320 21.1157 62.9084 0.751178
0 123.3708 233.7453 32.4492 56.8315 0.689537
0 2.5435 267.6223 5.0869 86.0661 0.078259
0 1.8146 253.8481 3.6226 56.4377 0.001215
0 6.0991 268.6348 12.1982 84.8005 0.001097
0 3.6753 255.6057 7.3506 115.9691 0.000322
0 1.9621 238.5588 3.9241 42.7854 0.000199
0 134.2729 233.3953 29.6288 55.2809 0.000161
0 2.4630 295.5702 4.9012 45.8217 0.000154
0 175.8142 352.2910 351.6284 319.4181 0.000142
0 344.7953 235.1647 12.8398 52.4241 0.000138
0 416.3309 352.2401 447.3381 319.5198 0.000122
