0 409.5185 380.8838 28.9243 54.9392 0.815640
0 234.4643 316.7191 27.7043 51.0284 0.764290
0 324.0826 306.9376 29.6375 45.4206 0.673704
0 314.4006 294.7443 19.4173 44.1362 0.497114
0 315.6608 280.0706 17.7196 15.3832 0.088809
0 3.3191 270.8591 6.6382 61.2466 0.001823
0 2.9983 250.9759 5.9966 40.2768 0.000808
0 281.7808 250.3185 16.2972 25.3906 0.000335
0 4.4515 285.0188 8.9014 72.6136 0.000319
0 316.2681 270.4172 14.9967 32.0616 0.000232
0 7.3475 274.3151 14.6950 65.2683 0.000196
0 464.4545 175.8559 351.0909 351.7118 0.000182
0 321.9433 281.9376 24.6183 19.5253 0.000170
0 3.8772 239.4423 7.7544 48.7291 0.000152
0 2.2187 180.9243 4.4373 45.4057 0.000124
0 288.0393 251.4543 25.2741 28.0193 0.000117
0 3.3130 312.0027 6.6260 56.2340 0.000117
0 2.8136 389.9351 5.6272 68.3079 0.000111
