0 351.0742 264.5156 31.1626 40.0518 0.814546
0 422.4216 376.6473 23.3681 41.4598 0.743848
0 310.6290 338.0958 16.2365 36.2238 0.669740
0 312.9099 377.3303 15.2129 35.3267 0.577106
0 321.3616 388.0188 22.5480 51.7358 0.038039
0 397.1185 370.3735 18.2895 24.2397 0.004837
0 323.1957 376.6139 17.0359 33.3917 0.002723
0 327.4276 393.0605 13.3452 41.3407 0.001924
0 319.6228 371.8965 14.8301 27.0284 0.000662
0 311.1443 356.9946 14.4621 23.5266 0.000597
0 177.7375 279.1350 23.4581 32.5916 0.000504
0 61.6679 506.7963 30.7221 10.4073 0.000340
0 316.3024 391.6885 13.6305 43.0094 0.000300
0 637.7404 430.7821 4.5192 44.5908 0.000272
0 328.1096 401.9092 10.1535 24.3990 0.000265
0 308.7807 370.5898 13.4913 34.6044 0.000261
0 1.7906 120.6892 3.5811 47.4868 0.000229
0 69.6693 507.6223 28.6333 8.7555 0.000215
0 2.0464 139.1721 4.0927 58.1591 0.000204
0 322.1808 399.5351 19.1799 29.4847 0.000178
0 313.8618 348.2246 13.3484 26.9153 0.000167
0 3.1056 461.8582 6.2111 79.9155 0.000124
0 464.3588 159.8578 351.2824 319.7156 0.000121
0 8.0611 450.7399 16.1221 59.5333 0.000120
0 315.0132 360.4953 12.2351 23.1472 0.000117
0 3.6910 503.3177 7.3821 17.3647 0.000108
0 636.7596 491.8716 6.4807 38.4858 0.000107
0 330.5944 385.8058 14.4380 45.7775 0.000104
