0 413.0495 356.4217 23.3754 38.2137 0.836372
0 318.0104 249.5211 17.6702 31.7750 0.795342
0 301.9015 332.5843 18.3497 39.4421 0.715384
0 298.3500 378.8085 15.0433 34.3928 0.507327
0 314.4984 397.6572 12.4606 33.7277 0.010936
0 4.3196 455.8264 8.6392 47.9524 0.003305
0 318.8596 394.3181 19.4545 40.2953 0.002765
0 308.2252 394.6254 18.9255 39.9454 0.002262
0 307.4258 377.0848 16.3878 32.8893 0.002178
0 13.6598 336.9047 27.3196 61.6282 0.001294
0 315.1018 407.3123 11.5710 15.0394 0.001163
0 5.8193 441.5682 11.6385 72.7427 0.000947
0 7.4593 466.6457 14.9186 64.3960 0.000589
0 302.0372 391.3886 11.5588 39.3484 0.000516
0 312.6715 380.7795 13.4768 33.4781 0.000454
0 156.1395 285.6573 14.5721 29.9408 0.000447
0 316.6167 384.3108 13.8679 31.0623 0.000374
0 268.1060 338.7964 13.8286 26.9531 0.000280
0 2.6536 471.8444 5.3071 70.5026 0.000279
0 296.2332 372.0903 12.7558 26.1870 0.000258
0 382.9261 369.0408 18.4913 22.7028 0.000236
0 3.1424 432.4182 6.2847 67.5457 0.000213
0 288.0233 375.3874 11.2654 34.5183 0.000212
0 322.1402 385.2762 22.3748 33.9867 0.000173
0 303.0215 370.1091 13.2411 20.6623 0.000170
0 7.0020 340.8784 14.0041 57.2532 0.000164
0 1.8536 28.2717 3.7072 49.7403 0.000158
0 291.6579 376.6560 11.6185 34.1601 0.000138
0 464.3773 159.8441 351.2454 319.6882 0.000138
0 27.5983 508.9135 25.0497 6.0554 0.000132
0 292.4122 382.0159 18.5352 35.8058 0.000107
0 12.2141 454.9950 24.2275 50.5530 0.000103
