0 328.1487 252.7615 22.2207 41.0737 0.825756
0 333.1859 299.2781 19.7357 37.0337 0.824114
0 263.6736 327.6974 23.0737 45.0771 0.745020
0 265.2207 380.0396 15.3171 36.2662 0.551768
0 278.2337 393.4343 19.2642 43.7203 0.003781
0 282.6889 397.0414 12.3783 35.8433 0.001397
0 6.7631 468.0644 13.5263 47.1288 0.001287
0 269.2377 386.9689 13.3187 45.0194 0.000408
0 265.5182 339.3384 19.2239 24.7148 0.000388
0 269.1870 344.0996 12.2257 17.9581 0.000329
0 272.3567 394.2609 15.1305 40.9420 0.000284
0 273.9572 377.3771 16.2536 34.3879 0.000268
0 2.6171 432.5944 5.2343 62.7519 0.000258
0 231.0105 341.8277 12.6073 28.3379 0.000205
0 4.9574 420.2090 9.8881 44.3495 0.000174
0 255.6897 375.7838 11.8677 34.0875 0.000163
0 4.1438 480.1695 8.2876 56.8245 0.000153
0 257.6841 328.2336 11.4686 38.8159 0.000140
0 4.9054 453.5576 9.8108 55.6058 0.000130
0 268.1157 371.8189 12.4001 24.1970 0.000121
0 286.6870 393.6411 17.5194 40.9167 0.000120
0 282.7940 405.8403 11.4473 18.3879 0.000117
0 8.9203 508.9668 17.8406 6.0665 0.000113
0 280.3334 383.6465 14.5109 36.0089 0.000105
0 464.3347 159.8635 351.3306 319.7271 0.000101
