0 308.6256 368.0232 25.9611 63.8802 0.807229
0 244.3011 159.5668 30.7612 57.1923 0.806259
0 191.5951 236.2703 28.9581 53.4053 0.791421
0 256.8147 125.1048 15.1631 30.4878 0.707236
0 98.8102 498.9959 46.1841 25.7819 0.001586
0 99.6855 507.6748 41.8242 8.6503 0.001496
0 82.8032 497.4771 32.7636 23.1827 0.001288
0 79.4072 502.5141 26.6266 18.9717 0.000151
0 464.4196 175.8465 351.1609 351.6930 0.000148
0 638.0444 290.3620 3.9111 79.0666 0.000146
0 175.8576 175.8678 351.7151 351.7357 0.000141
0 9.7570 121.4550 14.7276 16.3421 0.000132
0 9.1989 509.3279 18.3978 5.3441 0.000121
0 8.2646 113.0061 15.6335 37.3853 0.000113
