0 297.2711 323.2215 18.6415 38.5464 0.824599
0 251.8724 509.4374 20.3582 5.1251 0.003744
0 637.2831 401.3146 5.4339 37.0529 0.000848
0 257.5790 508.3624 30.0151 7.2751 0.000279
0 298.3748 335.9444 17.1716 15.1323 0.000228
0 6.9603 30.3565 13.9205 60.7131 0.000221
0 403.0401 343.3021 8.6075 29.8748 0.000196
0 1.9317 411.5812 3.8634 27.4777 0.000161
0 244.8229 507.7928 36.1188 8.4143 0.000134
0 636.1440 409.2162 7.7119 25.1907 0.000110
0 8.4165 327.5400 11.1782 17.5270 0.000109
0 6.5073 59.8906 13.0146 53.5526 0.000106
