0 266.1105 300.1882 25.4007 26.8187 0.795865
0 387.0672 243.7885 20.4643 31.6145 0.736270
0 254.0354 229.7854 29.7920 33.1438 0.696143
0 98.0740 450.0936 27.7969 38.9301 0.024621
0 379.0651 184.0485 12.9705 13.2463 0.023687
0 1.5107 69.4629 3.0215 33.3167 0.019355
0 553.9788 4.8468 23.1681 9.6937 0.008089
0 363.1681 437.1111 20.5486 28.2847 0.005231
0 55.5860 7.5076 26.4753 15.0152 0.004655
0 305.1991 6.0186 31.5508 12.0371 0.004492
0 331.0779 191.9042 15.1029 15.3643 0.002299
0 342.0486 5.5252 29.1846 11.0505 0.002063
0 1.6090 56.4765 3.2181 32.7179 0.001773
0 191.6175 232.1420 10.1571 15.1381 0.001741
0 253.2567 218.9165 22.3192 13.5168 0.001458
0 495.2545 4.5634 42.2376 9.1268 0.001291
0 355.0972 438.1860 25.5020 26.8287 0.001107
0 295.6493 3.7234 35.0786 7.4469 0.000990
0 325.6313 6.1880 56.3425 12.3760 0.000934
0 2.3133 405.5939 4.6266 57.7174 0.000931
0 356.7072 509.3409 29.0315 5.3182 0.000861
0 327.7358 187.7068 18.0497 16.6165 0.000836
0 348.9797 174.2784 22.7505 20.9492 0.000803
0 3.9186 70.2161 7.8372 36.0258 0.000802
0 584.0228 6.1236 24.4778 12.2473 0.000776
0 483.3088 3.8812 34.3555 7.7028 0.000715
0 543.5800 32.8878 24.6128 51.4910 0.000713
0 346.6985 508.7836 31.0080 6.4327 0.000662
0 233.4205 212.6954 24.8661 31.0579 0.000651
0 564.4767 4.5795 39.2712 9.1134 0.000627
0 307.3575 206.6801 13.5069 17.8088 0.000611
0 42.4489 508.5042 28.3785 6.9916 0.000598
0 598.8722 422.3895 13.7833 20.9443 0.000493
0 1.7739 387.0604 3.5479 57.8689 0.000450
0 6.0888 80.5633 12.1063 45.2380 0.000443
0 2.5916 373.3114 5.1831 45.4031 0.000415
0 8.3798 370.3403 16.7597 41.4092 0.000409
0 325.0529 182.0057 20.7476 25.6315 0.000404
0 380.0104 188.1993 12.2953 14.9389 0.000388
0 2.9073 85.4563 5.8085 38.3282 0.000348
0 593.6771 5.8290 34.0205 11.5511 0.000326
0 1.9882 44.5983 3.9764 44.3484 0.000319
0 306.9539 434.6767 14.4449 28.8417 0.000318
0 636.3501 118.4672 7.2998 28.0350 0.000295
0 637.6573 394.0827 4.6854 37.8653 0.000286
0 546.6941 3.9587 25.7188 7.9174 0.000281
0 4.0689 59.1790 8.1378 28.8650 0.000271
0 398.1811 198.0870 14.9750 22.3109 0.000256
0 116.2784 418.4513 14.5767 17.2897 0.000248
0 576.2280 7.0158 29.0432 14.0316 0.000242
0 53.0762 507.8724 27.0616 8.2552 0.000239
0 4.5295 407.0822 9.0590 61.7229 0.000237
0 94.2655 507.9585 28.3557 8.0829 0.000237
0 364.5266 237.6569 12.1395 15.7361 0.000232
0 208.9636 509.1808 25.6193 5.6384 0.000232
0 1.9707 304.2370 3.9414 28.4765 0.000231
0 7.9875 95.4808 14.8608 17.0657 0.000216
0 561.4067 9.7442 34.2610 19.4885 0.000208
0 105.6639 403.0662 16.6393 19.3396 0.000198
0 104.4693 16.1841 24.5998 32.3115 0.000195
0 102.4575 507.3954 27.9538 9.2092 0.000192
0 7.3067 68.3609 14.0663 30.5929 0.000185
0 22.1599 3.7743 21.9844 7.5485 0.000184
0 386.7662 181.4557 21.2295 13.8115 0.000178
0 224.1027 214.1569 24.1516 25.1171 0.000171
0 345.8861 181.4665 18.7604 27.6194 0.000170
0 237.7697 5.3792 36.8325 10.7585 0.000169
0 339.4122 192.1137 20.0704 12.3436 0.000168
0 246.7104 3.2881 26.2353 6.5763 0.000162
0 5.2788 6.4839 10.5576 12.9678 0.000154
0 66.6491 8.2086 38.4401 16.2744 0.000150
0 311.7524 432.0031 13.5560 30.0627 0.000148
0 10.3408 4.2982 20.5740 8.5882 0.000136
0 41.2369 500.4418 30.7565 23.1164 0.000136
0 113.4356 508.0446 25.4033 7.9108 0.000128
0 373.3872 187.3026 20.9382 16.2703 0.000127
0 379.4406 176.5567 13.2458 24.6572 0.000116
0 369.1186 509.0808 33.0283 5.8383 0.000112
0 635.2296 394.1738 9.5409 36.3916 0.000109
0 508.6511 3.7444 34.9484 7.4881 0.000107
0 2.1398 184.7798 4.2797 35.8132 0.000106
0 4.7720 366.1381 9.5441 40.4441 0.000105
0 1.9371 109.1877 3.8742 36.8293 0.000103
0 437.7024 508.8557 18.3505 6.2887 0.000103
