0 275.4750 295.9310 9.0732 12.2487 0.399915
0 492.3329 480.0439 22.0579 17.0634 0.022710
0 502.5363 441.4847 15.2513 15.3820 0.007991
0 439.5173 223.2538 9.1509 9.5844 0.002522
0 271.2347 295.5050 14.8046 13.4819 0.000553
0 494.4326 463.9003 21.8362 41.6232 0.000517
0 159.1911 207.9414 318.3822 415.8828 0.000315
0 432.7765 175.7561 414.4470 351.5123 0.000306
0 224.5153 176.3037 449.0305 352.6074 0.000292
0 505.9732 441.1697 22.7363 21.1798 0.000206
0 3.1362 459.3438 6.2725 21.7186 0.000198
0 501.4147 460.9159 24.5292 51.7493 0.000174
0 159.8488 304.3643 319.6976 415.2714 0.000166
0 480.4293 223.8932 319.1414 447.7865 0.000161
0 269.4991 291.0033 14.7849 20.0848 0.000157
0 493.1052 490.0376 23.9438 36.9423 0.000129
0 336.3106 143.8176 479.1107 287.6351 0.000124
0 545.9644 4.2735 24.0331 8.5270 0.000121
0 8.9418 22.4969 17.8815 44.9938 0.000109
