0 374.4196 320.0728 16.5095 28.7261 0.726930
0 578.3199 448.7471 16.6704 14.8765 0.506053
0 148.5206 146.5975 24.4473 23.5801 0.085932
0 577.6937 456.2883 17.2855 29.9681 0.001647
0 3.3479 58.9808 6.6694 22.5555 0.001041
0 4.6968 54.0362 9.3058 31.4404 0.000617
0 3.7814 68.1313 7.5629 40.4720 0.000449
0 3.1286 49.0997 6.2572 48.4644 0.000439
0 137.1606 13.2944 22.4112 26.5888 0.000388
0 7.4274 59.7877 14.7648 18.2494 0.000359
0 1.9469 341.0396 3.8939 37.4747 0.000323
0 75.4688 504.4140 18.7579 15.1625 0.000306
0 142.4595 140.2872 27.6546 33.0248 0.000292
0 7.3911 68.9512 14.7822 40.6754 0.000287
0 1.8058 324.8058 3.6115 53.3931 0.000234
0 580.5050 444.1673 17.9576 22.6870 0.000208
0 584.2335 453.5117 22.4200 22.5034 0.000143
0 161.4691 295.3085 11.1777 16.3938 0.000140
0 635.9477 309.1317 8.1046 35.5257 0.000125
0 81.0552 506.3712 25.2828 11.2577 0.000123
