0 270.7934 301.5264 21.0739 26.3508 0.788800
0 221.8188 226.9803 25.8681 22.6943 0.699559
0 410.8120 266.2591 17.8301 21.6822 0.158401
0 381.0253 186.4215 13.7740 17.6850 0.034231
0 553.4047 5.5652 23.2952 11.1304 0.005022
0 362.8793 437.3130 19.7968 28.7247 0.004610
0 341.9386 5.7079 30.6333 11.4158 0.004555
0 100.4039 448.9238 26.5584 42.0640 0.004546
0 1.9616 73.7281 3.9231 33.5950 0.004279
0 57.1289 7.9822 30.1349 15.9644 0.003348
0 306.1838 5.8691 28.7563 11.7381 0.001808
0 355.4290 438.9598 26.5757 25.9070 0.001722
0 539.8180 32.8742 31.2960 52.2148 0.001331
0 400.4141 199.3706 15.2343 21.1113 0.001295
0 1.9991 62.8623 3.9982 29.4060 0.001086
0 2.9542 406.5797 5.9084 41.1543 0.001066
0 298.1750 4.3200 37.4241 8.6400 0.001011
0 357.6331 509.3604 30.5448 5.2791 0.000939
0 321.4685 6.4478 53.4548 12.8957 0.000888
0 385.8266 184.2235 18.5704 14.6387 0.000791
0 44.6031 509.1469 26.4144 5.7062 0.000587
0 5.0773 410.0222 10.1546 46.9583 0.000525
0 309.6636 206.6328 11.9915 16.4248 0.000484
0 497.6851 5.4924 44.6793 10.9849 0.000465
0 481.9028 3.7680 40.3158 7.5162 0.000450
0 2.2973 394.9875 4.5946 51.2652 0.000449
0 118.4060 419.3615 14.6306 17.0468 0.000444
0 347.7029 509.0456 32.0869 5.9088 0.000416
0 3.9302 74.0445 7.8603 35.7487 0.000409
0 377.0999 189.3638 18.0328 17.5741 0.000405
0 2.4775 374.4348 4.9549 42.0363 0.000383
0 366.5305 239.3499 12.6384 16.5493 0.000383
0 2.1963 48.0297 4.3926 39.7535 0.000368
0 304.5925 437.4198 20.0043 29.3396 0.000359
0 563.5384 5.8821 35.5416 11.6938 0.000351
0 637.4555 391.8555 5.0890 31.8088 0.000323
0 93.9344 508.1092 28.9641 7.7816 0.000311
0 2.3043 297.2871 4.6086 39.0342 0.000294
0 53.6683 509.1685 27.0698 5.6631 0.000286
0 350.1512 175.0207 20.3699 19.4928 0.000252
0 333.7244 195.2076 18.2178 17.1504 0.000248
0 223.8831 214.4503 24.5049 28.5496 0.000236
0 23.8702 63.7951 18.5105 22.8449 0.000220
0 16.0696 65.1646 26.6186 23.4358 0.000219
0 545.8197 3.8704 24.0808 7.5476 0.000216
0 2.6070 307.7101 5.2140 26.5515 0.000214
0 394.4620 181.1203 21.4440 15.2430 0.000214
0 120.4692 508.5991 19.6766 6.8018 0.000211
0 107.2645 507.8901 32.3676 8.2198 0.000204
0 367.8630 509.3369 29.6984 5.3263 0.000203
0 42.2722 504.7746 30.8536 14.4508 0.000194
0 329.0245 192.7538 16.8687 15.2092 0.000187
0 7.8766 363.6487 15.7532 37.1827 0.000183
0 290.2159 240.5755 19.8785 18.8182 0.000182
0 578.7559 8.9994 29.3328 17.7634 0.000179
0 7.7484 66.6019 14.9464 25.2081 0.000173
0 5.3628 371.6861 10.7256 42.3492 0.000171
0 195.3046 232.5064 11.7512 15.0566 0.000170
0 399.7414 179.0381 15.9954 19.1857 0.000168
0 310.8282 434.8571 11.9953 28.6953 0.000165
0 2.1003 113.0090 4.2006 33.6168 0.000164
0 410.4974 88.0728 14.4128 20.9376 0.000161
0 634.7130 391.6187 10.5739 29.4973 0.000158
0 409.3124 219.8433 10.6531 10.4205 0.000145
0 4.3942 395.5766 8.7226 54.5475 0.000145
0 26.7884 3.5545 22.9343 7.1091 0.000143
0 351.3256 4.8881 26.8503 9.7763 0.000142
0 213.0944 509.1421 29.4470 5.7158 0.000131
0 3.8756 63.4475 7.7512 25.8614 0.000127
0 253.0736 3.5494 32.3884 7.0988 0.000122
0 408.7060 94.6769 12.2820 9.0748 0.000121
0 402.7740 207.5176 18.3359 31.8583 0.000119
0 73.7175 382.7060 25.7961 27.7556 0.000119
0 85.7842 508.7640 27.6580 6.4720 0.000118
0 2.3938 440.6785 4.7876 49.2908 0.000118
0 4.3013 98.3442 8.6025 29.7337 0.000117
0 513.4268 4.3720 32.8712 8.6695 0.000116
0 144.6757 153.2775 24.8083 38.1814 0.000114
0 6.0116 81.4931 12.0231 47.3408 0.000114
0 10.4085 3.5650 20.7856 7.1300 0.000112
0 2.2297 455.0482 4.4593 42.8385 0.000112
0 289.9233 3.1035 40.6874 6.2069 0.000112
0 342.1429 215.6454 16.1837 19.8250 0.000108
0 371.2468 435.7499 14.3687 24.9940 0.000105
0 248.3984 6.6170 29.9334 13.2339 0.000105
0 4.3228 51.9198 8.6455 38.3472 0.000102
