0 180.4924 264.6581 14.7585 18.1821 0.554179
0 389.0857 419.6832 13.2351 12.8534 0.033262
0 405.2761 462.6700 18.6886 19.6050 0.028646
0 329.3005 325.3793 12.0740 13.0651 0.002511
0 155.6780 484.9606 23.4300 25.9661 0.002503
0 184.7407 500.3507 9.7840 9.0293 0.001799
0 428.4197 444.7015 13.7011 11.4639 0.000541
0 48.7028 438.8008 10.9786 13.2529 0.000488
0 158.9877 176.0316 317.9754 352.0633 0.000311
0 464.6263 176.2702 350.7474 352.5405 0.000275
0 305.0059 160.5621 478.0079 321.1243 0.000272
0 159.6996 272.0994 319.3992 478.7760 0.000263
0 224.1408 208.0514 448.2816 416.1028 0.000208
0 156.1657 471.9427 24.9261 50.8347 0.000188
0 388.8768 426.0923 14.5663 25.6789 0.000184
0 167.1855 488.0422 47.7819 34.8586 0.000142
0 401.6110 445.8297 37.9355 60.5782 0.000110
0 400.3202 207.9300 478.8425 415.8601 0.000109
0 393.9354 418.3797 22.2797 16.2104 0.000101
