0 278.0256 292.3137 21.8749 30.0363 0.811313
0 1.7750 73.5341 3.5500 35.6550 0.021614
0 98.0229 448.6221 25.2672 39.5853 0.017094
0 57.3307 7.1698 27.2775 14.3397 0.005108
0 381.2664 184.5784 12.6878 13.6872 0.004465
0 303.7115 4.8032 27.4031 9.6064 0.003117
0 365.4113 237.6058 14.3462 16.1314 0.003035
0 2.2222 407.1208 4.4444 51.1775 0.002374
0 357.8024 509.4078 28.6093 5.1844 0.002164
0 309.2234 206.2710 12.9961 18.9455 0.001967
0 329.2109 191.2924 16.7792 14.7267 0.001762
0 342.1749 5.3651 30.2476 10.7302 0.001600
0 3.9759 73.6171 7.9517 37.7815 0.001295
0 365.4504 436.1569 22.0585 31.3317 0.001278
0 43.9716 509.3838 25.7704 5.2324 0.001222
0 313.4885 5.9680 37.7461 11.9360 0.001184
0 225.7388 211.6838 18.4423 27.6210 0.001045
0 1.7037 59.9622 3.4075 32.6397 0.000976
0 144.2044 150.1821 25.9578 41.2175 0.000962
0 357.5955 438.7964 27.1266 27.0946 0.000927
0 552.7816 4.9574 22.3862 9.8241 0.000903
0 486.9050 4.2475 35.2784 8.4393 0.000877
0 1.8844 391.4420 3.7689 49.7708 0.000778
0 330.1917 5.9066 50.5654 11.8132 0.000728
0 380.2056 189.3156 13.8544 14.3470 0.000718
0 295.2483 3.3697 34.3959 6.7394 0.000691
0 233.8522 211.3159 30.3868 30.9164 0.000687
0 390.3967 240.3226 16.9055 27.3853 0.000628
0 342.0677 218.2310 14.2195 17.4682 0.000599
0 336.7266 193.2760 24.3513 17.3488 0.000599
0 1.9229 87.7590 3.8458 41.2174 0.000571
0 4.0721 407.9935 8.1321 56.0709 0.000521
0 403.0988 179.9605 15.9599 16.8046 0.000497
0 435.2651 259.7199 17.4755 19.0246 0.000492
0 347.4494 509.1490 29.1081 5.7021 0.000489
0 499.3756 5.0055 46.2277 10.0109 0.000473
0 637.7052 239.6547 4.5896 58.6771 0.000465
0 8.3005 370.4933 16.6010 41.7741 0.000463
0 117.1702 418.4598 14.6342 16.7405 0.000452
0 559.2299 6.4046 28.9355 12.7780 0.000448
0 51.6848 509.0918 24.9964 5.8165 0.000444
0 2.6071 372.2817 5.2142 42.8076 0.000436
0 387.7444 182.6456 20.1844 13.2382 0.000429
0 24.3374 62.2015 20.2707 20.5569 0.000422
0 637.1560 391.0901 5.6879 29.2679 0.000385
0 38.5862 507.9419 29.9260 8.1161 0.000381
0 194.3167 231.4272 10.9946 15.5396 0.000378
0 584.2422 6.1269 21.9673 12.2539 0.000375
0 358.4651 203.4552 13.0643 10.6898 0.000345
0 1.8442 110.4504 3.6883 29.7114 0.000324
0 368.1806 509.1366 31.2276 5.7268 0.000322
0 94.2747 508.0022 27.4753 7.9957 0.000322
0 635.8317 118.3043 8.3365 24.8582 0.000318
0 7.5366 71.9809 15.0732 36.7075 0.000299
0 408.3494 89.4019 11.5167 15.6631 0.000278
0 17.4239 63.4505 24.3450 21.9716 0.000273
0 224.1509 218.5708 17.6145 13.8145 0.000262
0 328.8321 182.1075 17.0516 25.2289 0.000260
0 65.0051 5.7748 26.4331 11.4314 0.000255
0 489.1262 182.5112 25.6176 29.6201 0.000231
0 399.6501 198.0246 13.9884 21.8643 0.000225
0 1.9441 46.9148 3.8883 41.7491 0.000224
0 2.0985 305.7088 4.1970 25.1860 0.000223
0 543.3660 508.2771 18.4646 7.4459 0.000216
0 395.2368 181.0213 20.3109 14.6851 0.000206
0 347.0202 193.7863 16.1987 15.7859 0.000205
0 637.7963 221.4783 4.4075 51.9728 0.000204
0 209.4663 509.3294 27.5002 5.3368 0.000203
0 593.7682 5.5836 32.7660 11.1435 0.000200
0 106.3076 508.1401 29.9857 7.7198 0.000196
0 348.0902 217.4940 23.7536 19.9402 0.000192
0 218.4470 213.6324 25.3485 24.7314 0.000183
0 40.9511 500.7951 29.6671 22.4098 0.000181
0 106.4186 403.2151 16.5706 18.4745 0.000180
0 404.3538 172.5159 16.3302 31.5032 0.000177
0 576.5209 8.4377 30.9698 16.8337 0.000175
0 331.9182 196.4722 15.7686 21.7624 0.000172
0 303.9136 437.2405 18.5138 28.6587 0.000169
0 637.4705 204.4374 5.0591 54.8174 0.000159
0 104.7795 15.5338 20.7469 30.7057 0.000159
0 250.6863 2.7234 22.1868 5.4467 0.000157
0 50.2680 4.7332 31.7165 9.4030 0.000150
0 379.4472 115.1711 14.2408 15.2817 0.000147
0 542.4078 32.7639 31.5985 52.6735 0.000147
0 545.5607 3.8996 22.6411 7.7425 0.000144
0 637.2729 180.5648 5.4542 37.0091 0.000142
0 634.8235 430.3978 10.3529 26.1393 0.000140
0 4.6421 366.1453 9.2841 39.4772 0.000137
0 85.3275 508.7904 25.3024 6.4191 0.000133
0 635.3687 239.2996 9.2626 62.2605 0.000126
0 297.1367 6.9878 39.9318 13.9756 0.000126
0 354.7308 199.9417 17.1871 15.8873 0.000126
0 290.4810 240.1026 20.5013 18.6800 0.000121
0 354.0970 206.8633 18.9523 16.2215 0.000119
0 537.6938 508.5686 19.0194 6.8628 0.000118
0 375.4027 191.0841 19.5002 15.6233 0.000118
0 247.9993 6.9073 26.6012 13.8145 0.000117
0 360.3523 199.1495 13.5770 13.1817 0.000116
0 1.8934 293.0483 3.7868 43.8525 0.000116
0 117.3307 508.5734 24.0872 6.8531 0.000115
0 5.7101 83.0616 11.3442 46.1249 0.000114
0 68.6731 8.6332 38.7523 17.0836 0.000113
0 367.9874 193.6973 10.9109 13.2222 0.000111
0 342.9858 437.1979 18.8193 22.9268 0.000108
0 220.6672 376.0898 14.1162 15.1725 0.000108
0 309.5383 435.7770 12.2494 28.0178 0.000107
0 438.3818 508.6183 19.2487 6.7633 0.000107
0 4.7860 385.7151 9.5349 59.6407 0.000101
0 20.2448 3.4547 22.2117 6.9093 0.000100
