0 397.0819 311.4154 26.3303 78.7211 0.817909
0 276.9445 307.6127 18.9314 67.3127 0.612390
0 299.4116 308.4591 14.6885 64.0834 0.475482
0 267.1633 308.9985 27.8588 66.0834 0.027903
0 297.2008 307.1925 28.8035 68.4066 0.000770
0 308.4391 308.2181 33.7950 67.5228 0.000385
0 389.9904 312.3084 12.7539 76.0189 0.000333
0 464.2917 175.9039 351.4166 351.8077 0.000264
0 158.1471 177.5237 316.2942 355.0474 0.000240
0 369.0880 161.1098 478.3452 322.2195 0.000217
0 2.8980 293.3017 5.7960 114.5840 0.000203
0 225.0116 147.3129 450.0232 294.6258 0.000140
0 207.3269 223.9650 414.6537 447.9299 0.000120
0 5.5730 323.7246 11.1460 111.4974 0.000118
0 267.5853 308.7607 13.4193 63.2739 0.000108
