0 325.8764 205.5578 25.2082 57.0006 0.710151
0 467.6934 211.5328 17.3017 25.2003 0.352520
0 423.7187 226.2225 22.0034 83.7997 0.003210
0 61.2362 7.3443 45.7249 14.6885 0.001860
0 70.9848 27.5081 48.5461 55.0162 0.001663
0 333.9395 197.0124 10.7352 42.1388 0.000779
0 70.0105 13.3878 46.2351 26.7756 0.000761
0 318.4777 199.5952 14.7697 45.5567 0.000393
0 201.5598 208.3299 9.0380 21.6952 0.000261
0 35.7063 207.0085 16.9679 19.6883 0.000248
0 83.0364 26.9707 23.6424 53.9414 0.000150
0 205.7303 207.7165 16.7243 23.2289 0.000143
0 462.7971 211.8051 20.0717 34.7742 0.000139
0 201.5625 213.9554 9.0202 11.1084 0.000129
