0 309.4226 178.1820 23.4420 50.2701 0.750408
0 316.0079 216.7427 28.4956 71.1343 0.670324
0 111.1149 508.7332 22.4142 6.5335 0.002244
0 111.4749 499.4503 22.4774 25.0076 0.001351
0 637.3137 146.9937 5.3726 62.4480 0.001232
0 187.1168 509.2191 21.0942 5.5618 0.001218
0 610.3708 507.7514 29.9270 8.4971 0.001160
0 107.6776 507.0084 26.7476 9.9752 0.000818
0 95.3960 138.9083 15.9789 10.7390 0.000685
0 571.1788 431.1959 21.9161 37.7091 0.000523
0 638.1943 160.0555 3.6114 52.3333 0.000408
0 2.2155 277.3332 4.4309 31.4473 0.000387
0 597.7117 509.0493 34.6196 5.9014 0.000367
0 192.8710 508.4979 23.3021 7.0043 0.000357
0 622.2139 507.9240 28.1484 8.1520 0.000343
0 178.2380 509.1995 25.8159 5.6010 0.000293
0 637.5129 121.5705 4.9741 47.4937 0.000293
0 585.3629 509.4597 21.1541 5.0807 0.000238
0 340.8678 507.8586 24.3357 8.2828 0.000229
0 536.8704 225.5659 18.3940 43.6776 0.000211
0 118.3389 507.9133 25.4967 8.1734 0.000205
0 636.3452 130.9975 7.3096 50.2690 0.000189
0 248.7045 285.9801 26.7137 42.1127 0.000189
0 638.3628 394.3854 3.2744 42.4877 0.000172
0 335.0285 506.3438 23.0643 11.3124 0.000169
0 1.9096 264.6030 3.8193 41.7596 0.000168
0 1.5833 121.1641 3.1667 35.3178 0.000168
0 1.7749 131.4298 3.5497 24.6263 0.000150
0 637.4861 261.5176 5.0278 33.3379 0.000149
0 96.3116 130.3199 18.1201 28.8365 0.000134
0 269.1009 284.3786 15.4580 39.8696 0.000132
0 34.7078 509.0143 21.5045 5.9715 0.000110
0 1.9040 184.4604 3.8079 41.3759 0.000109
0 619.5250 333.4308 24.8651 45.5225 0.000107
0 257.9738 283.7139 23.4268 43.6425 0.000107
0 1.5151 106.9470 3.0303 35.9665 0.000102
0 98.2997 507.7380 35.4365 8.5239 0.000102
