0 252.8135 280.1803 36.3574 28.8931 0.780494
0 179.5573 421.7026 23.6024 22.4401 0.769708
0 141.8372 90.6634 17.3055 18.3463 0.006107
0 89.9747 3.2226 34.9083 6.4451 0.000888
0 6.6013 11.6317 13.2026 23.2635 0.000526
0 145.0226 95.1407 23.6786 28.6467 0.000477
0 90.9270 5.6475 40.4127 11.2951 0.000362
0 243.7379 279.6003 18.2538 27.5658 0.000327
0 601.0294 54.5371 18.6719 30.6701 0.000305
0 619.7597 379.7254 32.8444 57.3505 0.000290
0 175.8261 336.4227 351.6522 351.1546 0.000261
0 10.2547 7.3868 20.5094 14.7736 0.000195
0 464.4732 191.8391 351.0536 383.6781 0.000182
0 149.4754 106.4854 33.5024 52.3323 0.000148
0 368.2879 175.8450 478.8135 351.6901 0.000144
0 636.3487 430.3242 7.3026 38.4783 0.000119
0 77.4468 3.3921 35.9013 6.7843 0.000109
