0 237.7642 209.8071 22.9312 27.7975 0.821359
0 161.0022 347.1146 25.2065 23.1685 0.797687
0 135.5525 20.2932 21.8830 20.9280 0.024195
0 621.8282 304.4343 29.2186 52.8492 0.004971
0 509.6272 507.4310 18.7979 9.1381 0.003606
0 138.4379 26.1629 29.0944 34.1717 0.002039
0 500.2359 507.0346 37.9620 9.9307 0.001986
0 255.2229 2.3443 47.4800 4.6886 0.001543
0 482.5159 506.1967 20.8110 11.6067 0.001424
0 265.3314 3.7082 50.1849 7.4165 0.000676
0 277.7062 2.9206 35.7240 5.8157 0.000343
0 175.8208 336.6429 351.6416 350.7142 0.000303
0 240.3589 2.8175 38.8366 5.6272 0.000259
0 518.5421 505.8165 32.6438 12.3670 0.000255
0 630.7690 507.2606 17.5908 9.4788 0.000243
0 400.3355 175.8333 478.6901 351.6666 0.000208
0 34.8958 5.4123 21.1587 10.6406 0.000181
0 597.1298 509.5876 31.5088 4.8249 0.000144
0 638.1428 32.9338 3.7145 30.0544 0.000139
0 637.9612 21.1522 4.0776 37.6152 0.000127
0 618.3680 15.2166 28.7651 30.4332 0.000126
0 480.3684 175.8611 319.2632 351.7222 0.000124
0 272.2324 352.3018 478.9329 319.3964 0.000110
0 207.9013 272.0927 415.8027 479.1683 0.000109
0 473.0031 506.1021 38.7065 11.7959 0.000108
0 169.3021 2.2380 26.1243 4.4083 0.000105
0 148.6031 29.7673 51.3363 45.1106 0.000105
0 289.3098 5.0080 54.1985 10.0159 0.000105
