0 335.2571 231.6937 32.3436 54.4736 0.795834
0 285.8920 206.8382 28.6831 54.8983 0.792110
0 636.7107 142.0043 6.5786 52.7329 0.003820
0 106.7498 508.7928 21.8063 6.4143 0.003438
0 184.1313 509.3266 19.0836 5.3467 0.001596
0 607.7327 507.4333 38.2593 9.1334 0.001041
0 635.9987 125.9338 8.0027 54.2434 0.000789
0 101.8001 507.1813 34.3438 9.5485 0.000726
0 109.4682 499.6217 22.6132 24.7566 0.000717
0 637.9941 159.7383 4.0117 59.3355 0.000624
0 189.3723 508.4856 21.5557 7.0288 0.000610
0 625.4530 507.7752 27.6073 8.4496 0.000603
0 113.0419 508.1007 26.6752 7.7986 0.000483
0 569.8024 433.7424 25.2578 37.7554 0.000382
0 33.1565 509.1417 23.1528 5.7167 0.000378
0 8.6622 233.4876 17.0892 26.0547 0.000372
0 593.2356 509.4063 31.6433 5.1873 0.000339
0 638.2216 392.4211 3.5569 37.1273 0.000306
0 244.6648 289.0394 26.3896 39.4697 0.000304
0 637.3451 112.8038 5.3098 53.8444 0.000296
0 336.2946 508.0645 22.0765 7.8710 0.000261
0 93.8246 140.0589 15.9952 13.4842 0.000247
0 637.0494 263.8563 5.9012 37.5687 0.000244
0 580.6608 509.3451 21.3439 5.3099 0.000211
0 412.1735 233.0658 19.8314 35.6800 0.000190
0 1.4592 119.1917 2.9184 36.8954 0.000188
0 343.6455 508.3833 25.7159 7.2334 0.000169
0 1.5623 129.4528 3.1246 28.0709 0.000167
0 161.9306 10.2888 32.1606 20.5776 0.000158
0 614.2414 334.0959 20.2053 43.8367 0.000146
0 328.5190 507.5551 26.0181 8.8898 0.000141
0 1.4832 104.5303 2.9664 37.9686 0.000139
0 636.0013 505.7071 7.9974 12.5859 0.000120
0 484.0338 214.3788 9.1507 20.4879 0.000119
0 2.2845 362.3009 4.5690 49.1210 0.000106
0 173.7865 509.1286 25.8347 5.7427 0.000106
0 95.7242 129.8047 19.3198 38.7286 0.000106
0 1.8157 185.0021 3.6314 42.1624 0.000105
0 238.0301 3.5207 30.3906 7.0310 0.000104
