0 173.2097 237.0329 11.5007 14.8354 0.581210
0 143.7957 58.6623 11.8403 17.0379 0.513871
0 184.2396 234.9612 12.8377 12.0148 0.427479
0 8.9686 421.7886 13.5741 15.1107 0.099004
0 341.0115 2.3286 11.3019 4.6571 0.017686
0 531.2008 69.9353 18.9253 25.7075 0.009123
0 345.4301 2.6147 16.9878 5.2293 0.008457
0 637.6986 66.3909 4.6027 28.7124 0.008357
0 178.5370 235.6396 5.7326 13.2013 0.007147
0 187.1786 239.3252 12.0164 19.0219 0.004567
0 336.8841 3.2139 16.6592 6.4279 0.004289
0 334.8679 5.3338 18.7869 10.4896 0.001693
0 82.7358 212.0914 14.0781 21.7466 0.001413
0 1.6995 84.1031 3.3989 23.3788 0.001266
0 344.0478 6.7598 16.2756 13.5195 0.001188
0 348.8685 4.5967 22.3056 9.1934 0.001002
0 291.2552 285.0609 8.6038 10.7230 0.000984
0 333.3857 11.3994 19.0828 22.5699 0.000662
0 2.1555 74.5141 4.3110 36.2910 0.000512
0 355.1951 2.2579 23.4669 4.5158 0.000397
0 636.4991 71.3971 6.9180 37.5862 0.000370
0 1.7492 95.5321 3.4983 46.0973 0.000336
0 400.1768 336.5031 477.8486 350.9938 0.000317
0 207.8734 240.4560 415.7468 478.7215 0.000304
0 51.9732 3.7295 13.7927 7.2684 0.000302
0 464.7343 304.5064 350.5314 414.9872 0.000290
0 304.8846 207.9133 478.4737 415.8266 0.000286
0 448.5514 207.8120 382.8973 415.6240 0.000277
0 175.8776 320.4807 351.7551 383.0386 0.000275
0 539.5691 69.7593 14.7178 22.5816 0.000228
0 272.3914 304.4149 478.5718 415.1703 0.000227
0 278.4717 339.6342 9.5752 11.4124 0.000224
0 637.7267 81.7833 4.5465 67.1350 0.000220
0 329.0034 16.7197 22.1904 32.8267 0.000183
0 47.9286 4.4105 13.5878 8.3133 0.000180
0 223.8599 159.7897 447.7198 319.5794 0.000171
0 192.7274 23.1953 8.4839 10.6142 0.000169
0 436.1872 2.1981 10.4700 4.3788 0.000158
0 400.2695 159.7939 478.9320 319.5878 0.000153
0 190.8447 241.4024 8.6246 15.3263 0.000148
0 544.2726 66.6075 11.7091 16.0641 0.000144
0 159.8922 191.8268 319.7844 383.6536 0.000143
0 560.0740 131.6103 12.1617 15.2366 0.000140
0 43.1516 5.3125 21.8943 9.9497 0.000139
0 399.7580 383.5885 12.7357 16.8895 0.000138
0 364.2609 1.9986 16.5828 3.9553 0.000129
0 140.4929 4.5480 11.7404 9.0439 0.000124
