0 179.4510 220.6308 16.2954 17.7905 0.729033
0 164.7691 217.0924 11.1946 19.7281 0.587953
0 336.4477 2.3568 10.9755 4.7135 0.030716
0 338.7305 3.9386 14.5100 7.8772 0.010889
0 528.1805 66.5968 18.9753 25.4995 0.006761
0 9.5482 428.0906 18.5543 16.1826 0.003257
0 332.2301 4.1614 14.7464 8.2653 0.002809
0 81.5446 215.2995 13.8995 20.4295 0.001896
0 344.7466 2.5821 21.0697 5.1641 0.001674
0 337.0812 6.6255 13.0472 13.2509 0.001122
0 293.5606 286.9840 9.8176 9.4517 0.000974
0 1.8794 72.8199 3.7589 23.4021 0.000829
0 1.9913 63.4202 3.9825 27.4879 0.000739
0 350.6594 2.1595 20.6682 4.3115 0.000319
0 391.1656 505.6676 21.8090 12.6649 0.000285
0 327.7548 7.1284 17.1815 13.3866 0.000283
0 448.5363 336.4450 382.9274 351.1099 0.000271
0 207.8375 223.8161 415.6749 447.6321 0.000269
0 24.6830 10.4451 14.6746 12.5349 0.000264
0 383.2165 502.0501 35.7198 19.8998 0.000264
0 325.7720 4.0373 16.3533 7.6043 0.000264
0 333.5302 9.1062 14.7198 18.0122 0.000243
0 2.1328 53.6858 4.2655 22.8188 0.000206
0 638.2959 122.2753 3.4082 22.6518 0.000206
0 175.8732 304.3752 351.7464 415.2496 0.000194
0 368.3549 304.3572 478.6578 415.2856 0.000192
0 523.0960 65.7344 13.9813 28.0484 0.000177
0 448.4924 191.8362 383.0151 383.6723 0.000176
0 304.3443 191.8264 478.7383 383.6528 0.000175
0 480.4287 272.2062 319.1425 478.9393 0.000152
0 400.0670 505.9763 30.1553 12.0474 0.000139
0 534.0537 66.7544 11.6262 23.2627 0.000132
0 323.0692 8.6402 14.1143 15.2274 0.000129
0 356.8040 1.9955 17.2756 3.9345 0.000103
0 326.5972 12.5569 19.8113 23.9487 0.000101
0 159.8988 175.8358 319.7975 351.6715 0.000100
