0 111.7477 274.9807 23.5256 23.9492 0.867055
0 73.3985 401.7660 30.7640 24.0873 0.850712
0 65.5605 401.4376 15.4178 23.2773 0.015064
0 3.9924 438.7971 7.9847 37.3062 0.006637
0 82.3985 405.1283 14.0199 17.3948 0.000856
0 3.5323 426.1199 7.0645 33.7633 0.000849
0 2.6984 103.9120 5.3969 39.6658 0.000439
0 4.5734 416.5642 9.1467 49.3126 0.000291
0 241.0128 385.0560 10.8920 11.7886 0.000198
0 107.7949 27.3489 11.0703 18.7470 0.000155
0 8.3925 442.8260 16.7850 47.5441 0.000130
0 98.3617 2.6871 20.3909 5.2830 0.000119
0 4.7698 108.5592 9.5397 37.2695 0.000116
0 638.0023 357.2323 3.9954 30.6910 0.000108
