0 363.6635 265.3381 20.1876 35.5302 0.835003
0 359.1385 245.3080 19.3422 36.1542 0.743237
0 3.3280 193.2966 6.6560 54.9193 0.010100
0 7.1847 194.3488 14.3694 60.2921 0.008585
0 541.3477 30.0070 47.0590 60.0106 0.002090
0 357.1732 509.2200 19.3088 5.5601 0.000695
0 4.9597 182.1099 9.9195 46.2858 0.000504
0 346.4157 247.1872 19.8635 42.6618 0.000495
0 251.9471 3.8912 29.6798 7.7582 0.000490
0 259.3439 5.6297 21.9496 11.2594 0.000456
0 11.0531 203.2290 22.1063 69.1090 0.000448
0 231.7132 3.7900 22.8200 7.5799 0.000426
0 353.1169 247.6221 20.8458 42.0835 0.000370
0 12.1614 184.7700 24.3227 46.1781 0.000289
0 274.7147 169.2925 7.4081 9.2177 0.000254
0 3.3838 170.5531 6.7677 64.5945 0.000226
0 6.7292 170.2482 13.4585 66.3377 0.000223
0 316.3955 499.7993 34.8030 24.4015 0.000216
0 309.0846 505.8932 22.7253 12.2135 0.000198
0 2.4105 133.3107 4.8070 51.8129 0.000180
0 207.4088 507.9842 23.7007 8.0317 0.000165
0 335.5293 173.7414 20.6340 35.6075 0.000161
0 214.8469 507.3811 23.3069 9.2378 0.000117
0 368.7004 509.0007 28.9732 5.9987 0.000113
0 240.9637 4.7227 37.0345 9.4454 0.000108
0 249.2259 7.7346 36.0782 15.4692 0.000102
