0 379.2195 136.9479 16.8645 42.8328 0.389347
0 4.0258 156.8558 8.0517 56.7239 0.007139
0 90.9322 3.9396 29.4833 7.8492 0.001314
0 8.8541 156.3789 17.7081 64.5823 0.001053
0 80.3538 3.4884 33.5168 6.9431 0.001001
0 535.8480 8.2446 46.0841 16.4892 0.000801
0 4.7411 141.7251 9.4822 49.6524 0.000762
0 509.8468 8.6892 28.7642 17.3411 0.000509
0 547.6035 8.4974 24.9395 16.9948 0.000489
0 90.8093 7.3285 35.8899 14.6569 0.000427
0 100.1198 4.6397 34.5076 9.2545 0.000342
0 373.8040 140.0192 20.9227 48.9479 0.000317
0 449.0345 9.7169 23.9479 19.4339 0.000316
0 3.1023 124.9143 6.2047 76.4543 0.000228
0 250.9369 509.2721 21.8385 5.4558 0.000222
0 10.5921 139.7957 21.1841 55.7497 0.000195
0 330.9838 507.9324 24.3202 8.1352 0.000190
0 517.7103 6.8409 32.1519 13.6406 0.000188
0 6.2489 157.4828 12.4979 111.2431 0.000176
0 385.0222 137.9224 19.6057 45.0823 0.000175
0 101.0148 10.6310 36.7179 21.2619 0.000175
0 270.6982 131.8561 8.1805 11.5025 0.000150
0 2.5848 90.4995 5.1671 49.9984 0.000149
0 270.8245 136.4227 9.1760 20.5170 0.000141
0 80.0258 8.8352 34.6295 17.6703 0.000140
0 262.0077 508.7924 34.0572 6.4151 0.000123
0 439.1241 12.2197 44.8025 24.4393 0.000123
0 552.4728 4.7778 30.6954 9.5556 0.000104
0 500.1375 7.4955 27.9905 14.9525 0.000103
0 7.8791 15.3709 15.7582 30.7419 0.000102
