0 446.3467 19.8762 18.8156 23.6462 0.751130
0 219.4459 288.9771 22.5101 40.2389 0.006006
0 405.7682 454.7817 31.0994 28.9445 0.003761
0 231.8389 509.7928 23.2305 4.4144 0.001645
0 611.2974 11.1051 30.3933 22.2102 0.000998
0 4.5344 341.9691 9.0689 56.0684 0.000871
0 3.7406 371.1085 7.4812 72.8287 0.000564
0 7.0453 4.7749 14.0905 9.5499 0.000501
0 610.8837 5.5332 29.8555 11.0445 0.000441
0 5.3809 8.8556 10.7618 17.7112 0.000362
0 124.7450 2.7148 18.4258 5.4144 0.000336
0 9.9035 372.0004 19.8070 75.9182 0.000318
0 7.1272 357.6101 14.2543 62.4893 0.000271
0 3.7539 325.0606 7.5078 68.0635 0.000265
0 602.0691 7.0864 45.0173 14.1517 0.000261
0 219.1273 278.6426 22.7242 19.1531 0.000255
0 553.4784 507.1924 22.7451 9.6152 0.000254
0 619.8657 8.7461 35.4653 17.4922 0.000232
0 2.8462 431.0834 5.6923 47.2566 0.000225
0 449.2513 7.2037 17.3338 14.4074 0.000159
0 601.2231 13.5167 47.3333 27.0214 0.000155
0 224.2376 509.3083 33.0628 5.3835 0.000150
0 2.4464 384.6081 4.8928 71.8684 0.000143
0 457.1780 5.0352 18.5686 10.0704 0.000143
0 234.4432 508.2873 30.6340 7.4255 0.000140
0 10.4083 337.8853 20.8167 56.3871 0.000132
0 619.5400 15.8191 40.9199 31.6382 0.000129
0 3.2583 406.0214 6.5165 74.6853 0.000120
0 10.7056 11.6063 21.3996 23.2126 0.000114
