0 413.5582 135.2782 12.9829 22.0795 0.797555
0 3.7556 479.8185 7.5112 59.6202 0.002560
0 7.4690 475.0023 14.9379 58.5990 0.001840
0 221.9952 394.1664 21.6364 17.5901 0.000574
0 4.5206 463.2666 9.0413 60.9627 0.000457
0 222.6208 405.7139 20.7809 41.2520 0.000317
0 12.3762 483.9321 24.7525 56.1357 0.000228
0 138.1293 7.6633 34.3966 15.3267 0.000211
0 2.5469 306.9799 5.0938 65.5225 0.000198
0 6.7478 448.9817 13.4956 59.6063 0.000156
0 632.0792 487.2307 15.7393 49.5386 0.000139
0 149.3169 4.9767 30.7796 9.9535 0.000128
0 4.6710 495.3851 9.3419 33.2297 0.000112
0 121.3411 377.8729 27.3646 43.0525 0.000109
