0 244.1580 163.2262 26.3280 66.7915 0.889550
0 400.2187 314.0995 33.0111 80.6318 0.866371
0 264.7247 267.5848 45.3175 68.2455 0.792461
0 568.7695 429.9608 23.9342 42.4556 0.013683
0 106.9520 507.2412 19.9572 9.5176 0.008552
0 249.9426 273.7326 23.8453 61.7015 0.005493
0 247.2332 285.8375 23.0486 37.6428 0.005467
0 180.2920 507.8434 17.3393 8.3132 0.004384
0 8.6659 229.2124 17.0605 26.9796 0.002122
0 107.5177 500.4818 20.3384 23.0363 0.001815
0 99.0559 507.4902 26.8864 9.0196 0.001116
0 187.3923 507.7580 23.5266 8.4839 0.000942
0 636.7307 140.4616 6.5387 49.3352 0.000765
0 637.2743 261.9570 5.4514 41.0015 0.000580
0 591.3280 509.3356 26.6304 5.3287 0.000535
0 1.4872 127.1499 2.9743 20.6055 0.000482
0 273.3098 278.5710 27.9142 45.1908 0.000427
0 637.8264 161.3108 4.3472 52.3071 0.000299
0 2.0084 356.1825 4.0168 46.2735 0.000251
0 638.1627 396.3723 3.6745 47.3832 0.000243
0 220.3933 509.1121 16.9858 5.7758 0.000243
0 637.8528 425.3104 4.2944 32.8629 0.000228
0 102.6319 504.3796 21.9965 15.2408 0.000226
0 637.1756 120.7972 5.6488 49.0199 0.000212
0 580.9308 509.3104 23.1331 5.3792 0.000201
0 1.4467 114.6483 2.8933 39.7057 0.000198
0 613.7056 327.3159 21.8640 41.8215 0.000180
0 170.3878 508.4772 20.9284 7.0456 0.000165
0 637.7211 412.0709 4.5578 48.9839 0.000158
0 601.0804 508.5746 33.9817 6.8507 0.000157
0 568.9607 423.3337 16.9463 31.0400 0.000152
0 483.2718 195.3959 18.7219 41.6452 0.000146
0 635.4459 253.3647 9.1082 38.2255 0.000132
0 575.5331 432.8921 18.6318 41.6472 0.000130
0 435.8257 497.9127 30.0283 28.0934 0.000127
0 626.9836 508.5800 23.4014 6.8399 0.000105
0 240.9907 508.0190 18.5593 7.9621 0.000101
