0 458.3459 221.1285 28.1258 68.5115 0.865810
0 102.1786 166.6255 17.3734 50.0516 0.812998
0 285.3114 205.8585 12.3624 31.3914 0.573122
0 281.1890 205.6061 11.3195 30.0760 0.005579
0 93.8798 162.5567 15.4291 54.0668 0.001683
0 290.3273 206.1266 10.8727 32.1141 0.000861
0 628.5793 18.1385 22.8414 36.2769 0.000796
0 637.5264 229.2748 4.9473 57.2561 0.000642
0 88.3089 160.0743 20.8653 57.3882 0.000526
0 636.2563 18.4106 7.4874 36.8212 0.000350
0 487.0598 247.2011 4.5134 14.2228 0.000294
0 95.9173 167.5039 7.4771 41.4456 0.000269
0 636.8575 42.9187 6.2849 85.8374 0.000189
0 307.2847 206.9343 12.7383 35.8915 0.000181
0 626.4346 9.2123 27.1309 18.4246 0.000156
0 450.8728 220.5695 13.6195 67.5759 0.000122
