0 316.7475 198.5950 20.5918 56.3117 0.810958
0 466.6412 212.6477 18.3074 46.1881 0.808185
0 300.0941 202.5380 17.1279 45.0144 0.799669
0 310.6173 203.4916 16.2435 46.8724 0.094124
0 306.1590 203.3913 10.7004 45.7445 0.018186
0 38.9833 4.9666 29.9874 9.9305 0.005735
0 36.6866 8.9707 36.3202 17.9415 0.003096
0 48.4137 4.1165 28.5007 8.2131 0.001956
0 302.8983 206.6599 10.0594 41.2912 0.001445
0 100.9374 172.2921 17.5353 64.4521 0.000960
0 320.9726 204.1669 10.5061 44.2851 0.000541
0 49.5870 8.5162 41.7413 17.0323 0.000522
0 196.7899 194.0688 11.8625 44.3561 0.000374
0 308.1258 198.9803 31.2906 57.0477 0.000247
0 465.1210 198.5254 13.1195 20.4756 0.000204
0 6.9627 177.4703 13.8751 49.4100 0.000197
0 303.2481 195.9391 13.0806 33.8497 0.000156
0 461.2990 219.5142 11.1198 32.1874 0.000135
0 315.6882 204.6583 13.2347 43.6655 0.000133
