0 272.3419 272.8411 30.9624 33.7515 0.868182
0 558.0304 192.1580 21.6855 21.6072 0.000855
0 216.6500 350.8082 22.5819 16.7227 0.000796
0 16.8346 331.1660 33.4931 59.5114 0.000741
0 346.3943 507.4583 19.5846 9.0833 0.000513
0 178.0198 76.9332 17.1419 36.7739 0.000450
0 279.0881 331.7574 14.7065 18.0692 0.000382
0 25.6697 331.5194 16.4881 49.3336 0.000315
0 281.5868 280.9469 12.6077 17.7681 0.000283
0 49.2377 391.0206 16.1176 21.7097 0.000269
0 21.0883 48.4565 40.5530 49.3339 0.000260
0 332.7035 2.6435 17.2718 5.2595 0.000260
0 337.1616 507.3087 33.8298 9.3827 0.000220
0 2.8452 366.5241 5.6904 53.5153 0.000212
0 325.7489 508.9400 21.7443 6.1201 0.000211
0 30.3561 506.3141 19.1520 11.3718 0.000146
0 8.0467 335.8198 16.0934 62.1036 0.000141
0 279.4209 276.1585 16.5674 27.6421 0.000126
0 2.8589 71.7948 5.7178 45.1884 0.000124
0 5.4802 364.2774 10.9605 57.9208 0.000108
