0 269.4943 254.2731 14.7490 26.0069 0.815892
0 287.5004 190.9673 19.5837 19.8718 0.006433
0 431.8721 2.8378 18.2028 5.6757 0.002066
0 3.7896 318.1826 7.5791 23.3992 0.001418
0 251.7299 284.6538 12.4305 13.0474 0.001245
0 3.4861 330.3470 6.9722 48.2370 0.001036
0 3.5074 305.2134 7.0149 42.3865 0.000788
0 3.3600 350.9585 6.7200 50.3939 0.000712
0 192.8336 105.5078 12.5316 10.1879 0.000583
0 374.4761 508.2435 39.6545 7.5129 0.000559
0 340.1562 329.1982 15.2322 14.4055 0.000496
0 5.7057 424.2383 11.4115 57.9282 0.000455
0 385.7500 509.0610 24.8237 5.8779 0.000408
0 637.2762 478.4172 5.4476 35.9485 0.000346
0 2.5334 375.5546 5.0667 49.4294 0.000341
0 78.5876 408.2792 21.4915 27.0087 0.000298
0 437.2787 4.0910 27.8508 8.1820 0.000288
0 634.5949 477.7477 10.7428 35.4801 0.000268
0 358.1949 508.6909 26.2168 6.6183 0.000264
0 382.1143 305.1584 27.2204 30.3258 0.000262
0 623.7595 262.5599 32.0522 41.6656 0.000249
0 139.7153 508.9504 29.3269 6.0992 0.000239
0 384.1626 297.5537 23.5854 15.1656 0.000224
0 260.6154 209.0337 12.1295 15.7280 0.000211
0 426.4299 4.3420 29.3325 8.6841 0.000207
0 333.4109 312.0163 18.2852 21.2272 0.000202
0 236.6622 151.9813 20.2307 24.8950 0.000177
0 203.3997 254.7690 12.1798 11.4669 0.000169
0 308.4604 264.6048 12.1010 19.8732 0.000154
0 349.2332 508.8148 25.4296 6.3704 0.000149
0 3.0733 428.6166 6.1466 65.1835 0.000148
0 5.5831 374.4189 11.0779 52.0709 0.000144
0 235.2917 245.9108 13.9254 13.6917 0.000139
0 637.6100 260.4223 4.7801 35.1962 0.000138
0 304.8996 508.3228 13.7064 7.3543 0.000138
0 378.1011 314.8934 15.5914 20.1996 0.000137
0 390.1789 506.0162 36.5790 11.9326 0.000133
0 148.5760 508.7855 26.5275 6.4291 0.000132
0 190.7390 237.0676 16.4650 21.9240 0.000130
0 580.7781 4.7622 13.0266 9.3053 0.000129
0 15.2333 375.5716 30.4665 108.4156 0.000128
0 5.0033 404.5330 10.0066 66.2245 0.000115
0 379.3973 296.7555 27.9507 25.0820 0.000111
0 367.8711 375.8301 18.3767 26.0981 0.000110
0 197.6121 243.4764 24.3399 32.7857 0.000109
0 636.9935 272.6362 6.0131 42.4377 0.000108
0 4.3962 506.9808 8.7925 10.0384 0.000105
