0 128.3658 294.3788 23.2029 50.5558 0.857802
0 207.6096 288.2802 51.1874 34.9691 0.833873
0 73.7784 311.9859 54.9514 19.1471 0.061790
0 59.5365 314.4542 26.0228 18.2180 0.013204
0 85.8855 309.8514 33.3203 15.7543 0.001373
0 233.1613 279.5450 18.4210 24.7812 0.001312
0 237.1211 270.8397 23.6819 42.3777 0.001047
0 151.3716 296.3719 12.3427 30.0974 0.000787
0 97.5445 308.6959 31.4773 14.3282 0.000710
0 228.6933 280.1611 10.5451 19.8605 0.000321
0 196.0184 291.9991 28.1523 31.5940 0.000228
0 218.7790 286.1342 28.9293 31.7618 0.000224
0 53.0799 314.7123 12.8241 17.8387 0.000195
0 147.7647 291.0081 17.0446 43.2059 0.000136
