0 369.9989 278.2221 8.9923 74.4997 0.577314
0 377.7836 279.1537 13.3906 73.4174 0.021461
0 369.8704 260.4175 7.1165 37.6339 0.016518
0 362.9689 277.3923 20.6053 76.3047 0.001931
0 569.0461 284.5521 19.8235 27.0441 0.001781
0 368.2850 291.5857 6.5627 47.0050 0.000832
0 638.5147 273.2625 2.9706 25.1214 0.000412
0 638.3765 286.1149 3.2469 41.5342 0.000345
0 435.3932 330.9224 8.5193 79.1865 0.000289
0 373.3562 287.7439 9.4160 56.2961 0.000281
0 336.5921 254.7731 10.7815 46.0470 0.000213
0 380.0008 275.6994 24.4930 83.4407 0.000176
0 318.9179 224.8010 8.2634 18.8979 0.000165
0 486.9016 347.1727 5.7639 63.3719 0.000152
0 342.6375 278.6149 13.5430 65.6335 0.000143
0 434.1538 321.6142 13.0520 115.2479 0.000138
0 369.7563 300.5846 7.3641 30.5078 0.000136
0 375.8904 292.8950 9.2833 46.4170 0.000107
0 352.8825 276.2447 18.7380 74.5612 0.000103
0 345.9296 278.0239 9.0149 59.3748 0.000101
