0 569.1890 322.6078 16.9609 56.7643 0.839129
0 390.0222 294.8905 12.1945 67.7017 0.793042
0 258.9653 253.1132 10.7874 50.5907 0.000787
0 8.8811 310.6401 17.7622 71.9585 0.000596
0 390.4324 281.1123 9.2783 41.3807 0.000524
0 392.3702 269.5623 7.0985 20.6890 0.000487
0 637.6825 341.5821 4.6350 85.4352 0.000478
0 384.9428 259.9544 8.5309 32.2153 0.000360
0 389.5897 269.2553 6.7673 22.5476 0.000339
0 317.6591 255.1051 6.4384 24.2498 0.000247
0 385.8177 266.2413 6.9536 21.0604 0.000189
0 496.5865 277.6382 10.6031 51.6125 0.000180
0 2.4039 309.4383 4.8078 74.3417 0.000174
0 638.1808 320.5883 3.6383 56.4291 0.000134
0 386.6967 275.9711 6.2618 31.7411 0.000128
0 8.6405 5.6922 17.2810 11.3714 0.000121
0 2.4262 185.1353 4.8524 52.9026 0.000113
0 263.1502 254.4398 9.1117 48.2242 0.000109
