0 402.7051 261.1764 38.2969 108.4075 0.864465
0 368.1779 271.4394 20.4619 51.4689 0.003997
0 2.4185 314.1290 4.7630 112.1398 0.003303
0 3.5797 324.0957 7.0114 183.2165 0.001933
0 634.8953 245.4688 10.2095 90.4589 0.001058
0 2.2004 376.6029 4.3866 110.6826 0.000505
0 1.5297 283.7308 2.9623 88.3624 0.000476
0 636.7434 259.9372 6.5131 67.4054 0.000426
0 635.4148 281.9070 9.1704 146.0303 0.000370
0 3.4242 401.0214 6.8483 197.9747 0.000359
0 637.4653 285.7510 5.0694 100.7906 0.000289
0 390.9242 280.6075 18.8196 66.9765 0.000175
0 299.5554 509.8085 43.8483 4.3830 0.000160
0 6.3717 314.7885 12.1939 108.9543 0.000134
0 118.2377 270.0595 18.9963 36.7950 0.000133
0 633.4020 264.5084 12.5880 63.6790 0.000129
0 3.8611 267.7396 7.7222 186.2733 0.000116
0 9.9849 322.1843 19.9699 202.9038 0.000115
0 630.4767 278.0027 19.0466 154.5822 0.000109
