0 229.7642 150.6792 20.5093 53.1063 0.864058
0 119.6274 250.2972 24.2185 72.5756 0.804237
0 241.2303 295.6175 28.7054 68.0319 0.761419
0 563.1884 425.2932 24.2954 40.3971 0.470717
0 119.6868 266.4348 23.4621 37.2654 0.016838
0 98.8105 499.6577 20.2726 24.3964 0.002433
0 97.2954 505.8803 17.7880 12.2394 0.001384
0 112.5866 267.7126 12.1807 33.5547 0.001334
0 215.0448 508.1469 18.7048 7.7061 0.000937
0 637.7991 244.6039 4.4019 51.5544 0.000687
0 581.8918 509.1299 26.2340 5.7403 0.000577
0 245.6036 310.3677 20.5749 39.2566 0.000570
0 211.6173 505.8812 17.7839 11.9124 0.000369
0 1.8536 281.4690 3.7072 34.0062 0.000369
0 637.5826 180.3627 4.8348 48.3401 0.000362
0 507.7244 151.5300 26.2689 33.3512 0.000292
0 479.6662 198.9032 15.5295 23.7545 0.000284
0 622.3992 508.3138 25.7217 7.3724 0.000240
0 2.7407 358.3423 5.4815 47.7584 0.000237
0 263.6848 4.4740 27.6230 8.9480 0.000214
0 89.2740 506.8522 23.5822 10.2956 0.000213
0 396.5880 291.3019 24.7974 43.2058 0.000197
0 2.8147 289.4701 5.6294 43.8111 0.000194
0 125.2664 264.1312 16.1567 31.8823 0.000192
0 638.0158 226.7833 3.9684 45.2792 0.000189
0 637.9512 274.7349 4.0975 56.0732 0.000174
0 93.8221 503.4069 17.0079 17.1838 0.000166
0 588.3207 336.1396 12.6305 10.5625 0.000157
0 122.6856 508.5986 19.8247 6.8027 0.000153
0 637.6649 388.4005 4.6702 42.8233 0.000143
0 637.7614 327.8928 4.4772 37.8870 0.000141
0 573.4812 508.9245 29.4167 6.1509 0.000132
0 221.6250 507.4048 26.4608 9.1904 0.000128
0 200.6811 227.4935 26.5673 34.3887 0.000125
0 417.1841 3.3683 22.4015 6.7317 0.000121
0 635.2812 242.6456 9.3572 48.4122 0.000112
0 106.6342 507.9199 24.6767 8.1603 0.000106
0 114.0222 508.3334 23.3897 7.3333 0.000106
0 193.2576 226.2608 19.6201 32.4987 0.000105
0 173.8341 507.4490 16.2083 9.1019 0.000103
0 637.7029 161.8318 4.5941 51.5147 0.000102
