0 231.6052 341.1107 49.8233 163.7720 0.879138
0 353.8607 308.7815 60.5675 118.0255 0.862385
0 331.1329 277.6142 30.6965 95.0650 0.855584
0 160.7704 333.6787 23.6411 155.1939 0.761376
0 574.4763 426.4131 35.0068 109.6478 0.002803
0 625.0557 405.3749 28.8932 122.1061 0.002497
0 173.3944 334.2594 47.6921 158.6638 0.000829
0 2.2477 273.3998 4.4954 74.7804 0.000752
0 129.8177 12.1384 24.2373 24.2768 0.000629
0 634.5020 365.0800 10.8657 41.3553 0.000516
0 2.0264 248.5193 4.0528 78.7768 0.000422
0 636.9342 258.7346 6.1315 61.5398 0.000421
0 634.0955 388.6744 11.8090 88.6413 0.000357
0 637.1240 389.1484 5.7520 85.1118 0.000356
0 4.9549 275.0844 9.8999 75.7253 0.000309
0 1.3690 205.3097 2.7379 56.1896 0.000191
0 636.7037 356.0437 6.5927 46.3927 0.000134
0 104.7157 5.3741 22.1109 10.7410 0.000132
0 4.0671 246.8510 8.0178 83.6960 0.000127
0 104.6394 9.7635 26.5567 19.5270 0.000122
0 637.4226 342.2918 5.1548 59.9937 0.000119
0 4.7031 283.9141 9.4062 142.0884 0.000119
0 638.0167 271.7431 3.9667 76.0135 0.000115
0 635.2266 267.4878 9.1731 74.8972 0.000114
0 631.2401 371.6515 17.0256 54.3035 0.000111
