0 324.2770 335.5577 33.7153 124.5265 0.860843
0 378.3106 343.5532 17.9760 136.7133 0.702339
0 393.9213 322.6216 23.3397 95.9782 0.652559
0 374.8290 264.3823 9.1407 22.7430 0.429381
0 631.6609 166.9995 16.6783 82.7361 0.030195
0 383.7299 326.1049 19.2413 97.4932 0.008478
0 6.8362 333.9385 13.6725 87.3257 0.007095
0 387.7086 331.6480 9.9092 88.6667 0.003891
0 383.9207 288.7703 17.4688 31.9389 0.001244
0 377.6453 279.5249 12.8336 23.8532 0.000857
0 375.1805 255.1266 10.8837 41.7503 0.000748
0 637.4017 386.0372 5.1967 68.1471 0.000683
0 635.0863 157.9953 9.8275 64.6582 0.000533
0 365.2516 343.4098 44.8245 137.5282 0.000483
0 632.9479 198.6057 13.6206 28.8461 0.000407
0 7.1946 297.6067 14.3892 143.3584 0.000398
0 336.5568 341.2435 11.7180 108.0848 0.000392
0 637.7938 345.3314 4.4125 100.2186 0.000358
0 637.7107 146.0480 4.5787 45.9148 0.000331
0 381.5550 278.5447 16.2450 14.1709 0.000311
0 388.7692 293.2225 26.4724 41.1012 0.000311
0 2.6392 335.4022 5.2784 82.3523 0.000293
0 371.2548 261.0154 14.7231 30.6269 0.000276
0 6.8572 366.1942 13.7143 177.4736 0.000261
0 4.5422 319.9730 9.0845 68.1538 0.000257
0 378.3547 265.9241 14.4158 23.7769 0.000255
0 637.4885 115.6966 5.0229 59.0532 0.000248
0 2.9522 220.4538 5.9044 53.9197 0.000247
0 377.9622 369.8796 10.9553 84.9041 0.000228
0 1.7452 240.7752 3.4903 69.7265 0.000219
0 635.8394 345.0620 8.1731 104.7136 0.000190
0 633.6981 183.3033 12.6038 58.2340 0.000174
0 532.1481 4.0263 24.9403 8.0287 0.000161
0 637.6221 214.0238 4.7133 53.5173 0.000155
0 637.6024 270.3504 4.7953 55.1838 0.000155
0 374.1862 272.5410 10.8755 39.7279 0.000128
0 386.3213 350.7635 8.0450 60.0679 0.000127
0 633.1725 214.9485 13.5682 54.8415 0.000123
0 635.2798 121.6336 9.3503 63.5239 0.000108
