0 355.4354 286.4118 37.2708 128.9169 0.863833
0 320.6971 253.6358 28.7662 94.0014 0.695785
0 633.8419 247.4452 12.3163 93.4643 0.201435
0 367.7684 258.0323 12.2432 84.1765 0.108351
0 311.8794 242.8569 12.0611 70.8065 0.038290
0 623.5127 242.5000 32.8330 84.3257 0.016332
0 478.5609 6.3675 24.3976 12.7349 0.004858
0 4.7626 182.8044 9.5253 82.9606 0.003675
0 613.2666 242.0434 25.5011 76.7093 0.001647
0 635.9140 274.1842 8.1720 86.6987 0.001170
0 366.8346 227.4499 7.5771 32.6615 0.000923
0 638.0105 201.6348 3.9789 52.0319 0.000653
0 4.0948 163.4521 8.1895 48.7319 0.000472
0 486.4755 7.9441 37.9323 15.8882 0.000388
0 636.7946 236.1431 6.4108 72.6144 0.000301
0 516.7122 3.7008 17.3400 7.3266 0.000280
0 632.1680 275.4202 15.6346 152.4743 0.000277
0 637.6642 282.8182 4.6716 92.0424 0.000248
0 366.5141 242.3583 9.1843 56.8917 0.000196
0 354.0439 231.8724 17.0813 23.4607 0.000189
0 1.9355 296.5918 3.8711 62.4934 0.000149
0 2.6289 188.8056 5.2577 77.7710 0.000139
0 637.8327 224.1859 4.3346 52.2173 0.000138
0 626.9023 4.6528 24.2853 9.2818 0.000138
0 372.6101 260.0195 18.8466 96.4192 0.000132
0 466.0473 4.7536 40.2102 9.5072 0.000131
0 526.0713 2.9449 28.7408 5.8898 0.000126
0 635.9695 197.2932 7.9490 53.3520 0.000121
0 3.5186 142.9169 7.0372 56.9231 0.000121
0 529.9342 506.3907 27.6030 11.2186 0.000118
0 2.6204 347.0894 5.2408 82.2723 0.000116
0 295.8977 4.9717 32.4418 9.9395 0.000107
