0 383.3821 298.7242 24.9280 120.8340 0.829841
0 433.0769 263.6003 19.1993 74.7077 0.714015
0 3.2592 207.6883 6.5183 73.9147 0.003185
0 4.6841 193.3412 9.3682 68.0674 0.001460
0 4.3594 220.3187 8.7187 132.0160 0.000609
0 428.3240 216.3334 9.1803 21.0566 0.000554
0 192.1730 201.3488 24.8857 37.5750 0.000517
0 7.9086 209.3160 15.8171 72.0095 0.000505
0 609.0819 5.1520 27.6084 10.2548 0.000332
0 2.7035 185.5781 5.4070 68.8221 0.000291
0 631.4681 327.3820 16.7698 45.2584 0.000267
0 636.1909 329.4688 7.6182 49.5329 0.000253
0 617.2916 6.5846 37.6226 13.1692 0.000241
0 2.8534 235.6392 5.7068 90.3292 0.000169
0 232.2232 508.2703 17.9529 7.4594 0.000166
0 68.4525 4.9629 29.3447 9.9257 0.000112
