0 300.7510 269.1039 34.5944 66.7736 0.740225
0 492.9432 248.0032 29.6585 78.4899 0.736041
0 126.4952 9.0186 34.9004 18.0370 0.001633
0 2.6844 149.0392 5.3689 65.5190 0.001631
0 636.7102 320.5651 6.5796 26.6292 0.001555
0 525.6285 228.1470 20.0564 45.9916 0.001385
0 127.9584 230.5951 32.7745 72.1494 0.001384
0 2.1026 170.2988 4.2053 48.0859 0.001338
0 2.4352 192.2949 4.8703 85.0730 0.001250
0 11.5340 505.2385 23.0680 13.5229 0.000962
0 635.2719 311.1353 9.2659 46.0972 0.000730
0 616.8676 324.3809 35.7667 35.2224 0.000508
0 3.5346 174.8906 6.9277 54.4245 0.000507
0 188.5734 221.2197 21.2870 78.9370 0.000455
0 628.5991 320.6913 22.1781 32.7188 0.000412
0 16.6701 152.8441 31.7126 59.3247 0.000383
0 222.8212 16.8833 28.1051 33.7667 0.000371
0 188.4496 201.9790 20.3503 41.9631 0.000340
0 4.1056 186.4730 8.2111 123.5561 0.000291
0 125.5910 25.0856 36.6541 50.1350 0.000254
0 24.4525 133.1667 21.1624 30.7676 0.000230
0 163.5051 2.7539 19.8732 5.4731 0.000222
0 8.6601 151.8998 16.9848 62.3326 0.000205
0 17.0525 507.4586 31.3732 9.0828 0.000199
0 2.6556 124.5944 5.3112 73.7535 0.000190
0 169.1103 3.3677 26.0944 6.7353 0.000168
0 118.4876 6.2542 24.6557 12.4348 0.000162
0 7.3321 4.5227 14.6643 9.0196 0.000161
0 5.2207 122.8707 10.4415 75.8170 0.000147
0 244.7780 501.3847 23.5210 21.2307 0.000141
0 636.9899 330.0987 6.0203 50.8922 0.000131
0 5.7059 502.2410 11.4117 19.5179 0.000124
0 2.1567 220.3582 4.3135 72.8068 0.000119
0 243.0825 507.5790 23.9188 8.8419 0.000119
0 2.6258 309.5710 5.2517 71.7128 0.000104
