0 228.0826 243.5928 24.5168 89.5699 0.761077
0 121.8017 276.7645 17.7983 94.1640 0.755598
0 129.3526 277.3890 26.6138 94.5876 0.000541
0 4.5822 104.8861 9.1645 45.9661 0.000523
0 636.9304 310.4999 6.1393 86.2034 0.000472
0 2.3152 253.9571 4.6304 72.9455 0.000451
0 634.2790 298.8114 11.4299 75.5876 0.000248
0 5.8535 122.6064 11.7069 65.3247 0.000181
0 293.0489 310.2740 20.2072 38.8797 0.000174
0 371.7423 311.3922 12.1768 17.9849 0.000173
0 637.6140 49.6965 4.7721 55.8283 0.000156
0 7.7639 102.6432 15.5277 54.8286 0.000140
0 2.4206 288.6985 4.8413 85.4441 0.000114
