0 227.6404 150.1399 21.3279 51.1967 0.802346
0 188.3516 264.3907 30.4303 69.2484 0.769731
0 125.1568 144.8816 21.6398 48.2786 0.756422
0 559.9197 420.8275 22.5764 42.7426 0.126963
0 637.4108 231.8540 5.1785 54.9264 0.003403
0 49.7757 509.2257 22.2310 5.5486 0.001314
0 98.3556 490.0235 22.2883 42.6136 0.000694
0 40.9256 509.3339 29.1099 5.3322 0.000500
0 182.0423 220.7212 19.8595 24.2075 0.000474
0 2.1753 278.5561 4.3506 33.0975 0.000461
0 636.0547 219.8525 7.7783 54.0843 0.000417
0 236.4943 278.4850 25.0689 38.1840 0.000405
0 179.1199 241.7751 16.5187 28.3597 0.000393
0 192.0963 508.7648 17.0460 6.4705 0.000384
0 504.5893 149.2760 24.2329 32.8422 0.000323
0 618.4987 507.0790 26.5134 9.8419 0.000314
0 188.5034 222.3559 22.0535 26.2053 0.000310
0 632.3936 5.2740 15.2128 10.5480 0.000273
0 633.6252 427.7150 12.2256 24.3278 0.000267
0 262.9337 4.0868 30.0424 8.1736 0.000215
0 96.9166 507.2531 19.5878 9.4672 0.000194
0 2.0771 169.2986 4.1542 44.6588 0.000189
0 637.7596 353.1872 4.4807 39.7400 0.000184
0 626.9297 3.9514 26.1405 7.9029 0.000174
0 416.8710 2.7082 21.3157 5.3920 0.000173
0 2.2184 357.1573 4.4368 45.6521 0.000159
0 292.6171 264.6963 20.3571 30.6670 0.000158
0 637.9457 368.0293 4.1087 42.8511 0.000156
0 63.1046 508.8441 30.9165 6.3117 0.000154
0 4.9322 219.9357 9.8645 29.3968 0.000153
0 3.0567 285.4912 6.1134 41.7913 0.000153
0 594.4937 509.6883 32.0288 4.6234 0.000152
0 194.7941 224.3972 27.2826 31.9861 0.000142
0 637.5737 382.0915 4.8526 54.3139 0.000134
0 327.9083 509.8513 20.9482 4.2974 0.000130
0 1.9307 267.8923 3.8614 39.0644 0.000129
0 259.7861 266.7592 22.0023 51.0664 0.000117
0 581.6635 330.4226 12.3876 12.5886 0.000116
0 212.7019 504.6714 18.7921 14.6572 0.000107
0 631.1714 228.1254 17.3217 54.5938 0.000106
0 252.2858 4.3372 28.7777 8.6456 0.000103
