0 353.6706 158.0011 34.0469 96.3944 0.777855
0 280.2897 146.8491 36.3302 95.1322 0.765805
0 569.1740 508.7202 28.3235 6.5597 0.001108
0 560.6398 507.7128 34.4053 8.5743 0.000656
0 418.4896 14.4180 21.3672 28.8359 0.000398
0 633.8933 191.4360 12.1555 52.3541 0.000372
0 47.9235 3.7551 38.9674 7.5102 0.000361
0 346.5705 110.7155 23.8448 55.3672 0.000343
0 3.0659 335.7159 6.1317 75.9918 0.000332
0 4.9283 62.6277 9.8565 78.1239 0.000310
0 111.3259 509.2754 21.3184 5.4492 0.000285
0 131.2950 503.8223 21.7782 16.0966 0.000280
0 634.0408 204.5392 11.7467 29.0450 0.000272
0 574.6553 506.8342 35.4790 10.3316 0.000265
0 2.1499 66.4069 4.2999 77.3404 0.000263
0 2.4398 314.5981 4.8795 54.2695 0.000249
0 565.7673 501.1982 34.5117 21.6036 0.000207
0 637.0155 182.8997 5.9690 65.0845 0.000178
0 430.6844 14.7997 41.3586 29.5994 0.000178
0 2.4142 180.9569 4.8284 93.6772 0.000170
0 622.7954 508.5416 20.9156 6.9169 0.000147
0 12.8217 64.0831 25.6434 76.0045 0.000145
0 137.8143 505.8676 26.2982 12.2649 0.000145
0 205.3044 10.1936 34.2028 20.3872 0.000139
0 373.8995 3.5335 32.3726 7.0297 0.000136
0 418.0721 3.4395 18.3505 6.8603 0.000125
0 214.3109 11.7950 28.8198 23.5261 0.000117
0 8.3325 68.5855 16.6650 118.3353 0.000110
0 634.3129 222.7291 11.3741 81.5080 0.000107
