0 362.2625 271.2585 35.0459 109.5644 0.844568
0 275.2886 262.3391 34.8983 96.3846 0.795838
0 5.5969 225.7736 11.1939 42.8412 0.050608
0 10.2448 258.9940 20.4896 110.0038 0.031742
0 4.6094 245.1113 9.2188 81.2464 0.005413
0 4.0314 211.6820 8.0628 65.0766 0.001488
0 9.4874 222.7643 18.9749 55.7928 0.001142
0 7.5393 210.5563 15.0786 99.2917 0.000530
0 2.7869 265.4295 5.5737 105.2212 0.000239
0 90.0527 2.3651 22.4977 4.6831 0.000231
0 4.1281 142.5352 8.2561 45.7493 0.000149
0 17.5435 39.4328 34.6771 32.2317 0.000140
0 627.2742 265.8162 25.4517 149.2525 0.000129
0 299.4465 5.6139 21.5980 11.1753 0.000112
0 92.1296 4.6723 28.7025 9.3445 0.000102
0 3.4442 32.1240 6.8885 37.6644 0.000102
