0 522.9518 295.8059 42.4846 119.2778 0.882063
0 337.6036 250.6576 27.8154 78.2945 0.728310
0 236.4784 247.7982 23.6832 81.2247 0.726960
0 95.2199 18.5165 26.9328 29.6250 0.005128
0 12.5013 271.8039 25.0025 136.6135 0.002139
0 3.3136 229.7200 6.6272 46.4473 0.002064
0 8.1992 258.2915 16.3984 100.7914 0.001503
0 3.6232 258.3989 7.2464 99.8187 0.000983
0 2.6186 158.4623 5.2372 49.2878 0.000718
0 634.1842 379.6992 11.6316 184.6788 0.000519
0 8.5395 229.5478 17.0790 49.0320 0.000390
0 635.8082 357.7119 8.3837 106.1001 0.000256
0 2.4212 39.2998 4.8425 36.9476 0.000252
0 3.4115 172.5138 6.8230 76.8434 0.000197
0 5.2786 291.7170 10.5571 89.1788 0.000155
0 3.9082 149.8873 7.8163 51.4605 0.000151
0 2.1538 142.3020 4.3075 60.4664 0.000123
0 4.6243 42.3976 9.2485 37.0709 0.000111
0 5.3103 25.6860 10.6205 50.6096 0.000103
0 637.4458 370.7177 5.1084 93.3937 0.000101
