0 631.3324 379.5895 17.3352 97.6572 0.043262
0 636.1619 340.7636 7.6763 82.3917 0.002291
0 73.2172 219.3058 13.2154 28.8564 0.001760
0 632.8458 342.5366 14.3085 133.8209 0.001514
0 637.1899 388.3369 5.6202 88.1672 0.001336
0 604.0509 319.3826 30.4514 46.8869 0.001302
0 637.3503 322.4264 5.2993 88.7025 0.000952
0 463.0961 243.2993 22.7817 57.7204 0.000585
0 635.2654 306.8629 9.4693 73.8481 0.000559
0 2.3862 318.2503 4.7725 56.8033 0.000423
0 635.2491 362.7377 9.5016 66.8698 0.000381
0 637.3534 416.9917 5.2932 80.5691 0.000351
0 634.8867 408.9670 10.0660 99.6967 0.000181
0 630.5714 358.4384 18.8110 47.3401 0.000165
0 637.6665 296.0854 4.6670 59.4362 0.000163
0 629.8766 414.1729 20.2467 167.7110 0.000137
0 3.9796 307.2623 7.9322 72.9356 0.000132
0 629.9438 418.2654 19.7362 80.3110 0.000113
0 2.1596 339.8259 4.3191 54.6215 0.000102
