0 38.4233 256.0876 14.5350 43.9319 0.706523
0 125.3201 268.9781 24.4415 66.7781 0.688438
0 629.8702 304.9126 20.2490 75.7883 0.016592
0 629.8137 285.1409 20.2615 35.2292 0.005768
0 31.1200 256.2189 18.2785 44.9494 0.005297
0 2.1023 260.5618 4.2045 51.3878 0.002768
0 6.1089 259.5867 11.0969 52.4112 0.001922
0 629.5892 261.8156 20.8215 106.2759 0.001910
0 25.7791 255.8173 11.7412 48.9236 0.001764
0 2.4532 297.9236 4.9065 61.7094 0.000732
0 636.3052 303.7611 7.3897 80.6820 0.000560
0 636.3680 283.6699 7.2640 35.3408 0.000440
0 637.1514 271.3428 5.6725 63.1426 0.000296
0 2.6508 323.7138 5.3015 70.8193 0.000280
0 44.8161 255.6109 18.5828 44.4300 0.000177
0 631.1261 327.9405 17.7478 148.8372 0.000117
0 2.1534 354.8851 4.3068 81.7870 0.000112
