0 444.7377 362.9149 22.5327 42.5862 0.835101
0 382.2638 294.6792 17.6125 38.6128 0.818788
0 20.0073 353.8530 30.9047 40.3293 0.732503
0 93.9785 175.2742 21.9724 38.2611 0.725943
0 132.2451 183.5360 27.1569 41.4836 0.580299
0 13.7936 319.7352 27.5219 45.1131 0.038005
0 2.6356 355.2756 5.2711 40.7640 0.020428
0 12.0038 354.0878 18.2325 39.3768 0.015726
0 7.5530 348.5458 14.7877 30.5648 0.007802
0 17.1225 331.4991 34.2450 79.6268 0.006039
0 3.1843 342.6862 6.3685 30.7073 0.005351
0 6.6630 332.6515 13.3260 32.3271 0.002856
0 3.8018 327.3838 7.5402 40.8743 0.001859
0 5.2418 355.5955 9.8230 41.1755 0.001621
0 636.0760 332.4071 7.8478 25.8354 0.001459
0 5.9853 482.7305 11.9706 21.1580 0.000988
0 5.7655 319.6090 11.4790 47.3429 0.000938
0 3.5409 487.6035 7.0819 25.6345 0.000912
0 45.3992 131.7969 20.4599 33.8881 0.000898
0 637.7999 75.0213 4.4001 40.6032 0.000798
0 633.7476 93.2284 12.5048 47.5811 0.000745
0 637.1416 93.3379 5.7168 47.5890 0.000739
0 627.7451 500.0399 24.0349 23.7423 0.000583
0 550.0935 6.9698 21.4608 13.9396 0.000574
0 293.9606 2.8016 17.5099 5.5839 0.000540
0 637.3410 107.3284 5.3180 38.2216 0.000515
0 635.0375 79.3610 9.9249 47.0017 0.000508
0 633.9189 107.4394 12.1621 38.4449 0.000404
0 637.9225 177.8098 4.1549 49.5173 0.000394
0 1.9333 277.2024 3.8666 34.4504 0.000393
0 5.3586 492.6707 10.7171 34.3777 0.000392
0 637.0925 342.9692 5.8149 45.4485 0.000339
0 637.8405 61.4034 4.3191 37.1055 0.000327
0 556.2444 507.6910 27.5833 8.6180 0.000321
0 287.5045 3.2320 18.7604 6.3786 0.000320
0 73.8140 509.4608 19.6695 5.0784 0.000317
0 636.6823 165.2947 6.6355 39.9683 0.000276
0 86.7874 509.3476 21.8090 5.3048 0.000265
0 2.3224 371.1709 4.6447 50.8865 0.000252
0 552.9048 3.9847 21.8749 7.9694 0.000246
0 9.9762 479.8360 19.4946 20.1429 0.000237
0 636.3855 318.7655 7.2289 35.6898 0.000230
0 590.1495 274.4531 14.4609 24.6252 0.000226
0 195.6728 508.7631 18.6489 6.4739 0.000224
0 49.9219 123.3812 25.1954 42.8039 0.000223
0 278.8342 2.8423 25.2954 5.6155 0.000222
0 3.0665 496.5009 6.1330 30.9981 0.000219
0 593.9093 508.2828 26.6931 7.4344 0.000215
0 1.6812 115.1687 3.3624 45.1145 0.000209
0 10.8253 508.2779 21.6505 7.4443 0.000203
0 158.5665 316.8990 16.2499 27.4287 0.000202
0 634.1904 67.2030 11.6192 34.4197 0.000199
0 4.6490 506.2429 9.2980 11.5143 0.000193
0 242.6846 507.2029 16.8702 9.5943 0.000192
0 10.1465 499.0880 20.2929 25.8240 0.000192
0 205.4172 509.2133 16.3650 5.5734 0.000188
0 57.0234 111.2325 26.0603 42.6687 0.000177
0 66.5983 509.0319 22.5841 5.9362 0.000171
0 485.3871 2.2969 25.0400 4.5939 0.000169
0 638.2318 286.3116 3.5365 35.1891 0.000149
0 291.5313 4.5765 15.6294 9.1529 0.000149
0 145.7607 508.6981 18.8867 6.6039 0.000145
0 248.5390 507.4843 17.1866 9.0314 0.000139
0 21.0813 501.8491 36.4820 20.2939 0.000138
0 565.1309 507.5704 27.0374 8.8592 0.000133
0 53.8649 118.5814 40.6372 62.7433 0.000128
0 163.3064 509.4202 19.3497 5.1596 0.000126
0 591.4963 2.9941 19.1143 5.9881 0.000125
0 543.3248 7.6521 23.2010 15.3043 0.000124
0 34.3617 506.6088 25.7234 10.7823 0.000124
0 56.8951 508.7546 21.4361 6.4907 0.000123
0 637.9493 194.7315 4.1013 49.2688 0.000122
0 638.0264 46.6406 3.9473 31.4467 0.000120
0 541.1362 509.6024 28.0759 4.7952 0.000117
0 60.2879 3.2887 22.1201 6.5774 0.000116
0 153.4506 509.2457 22.8837 5.5086 0.000115
0 632.1768 503.1953 15.6464 17.6094 0.000113
0 630.7367 78.7870 16.1743 45.1755 0.000110
0 2.3831 287.8275 4.7662 56.5792 0.000109
0 633.1821 328.0980 10.9912 15.1609 0.000106
0 94.1405 509.3109 23.1836 5.3782 0.000104
0 186.3833 508.8215 24.2153 6.3570 0.000101
0 615.2025 374.5939 20.0593 22.6542 0.000101
