0 444.2938 362.7469 22.3549 42.7875 0.831805
0 381.7170 294.5039 17.4845 38.8245 0.821339
0 92.4901 175.6146 23.7814 39.3580 0.785004
0 19.5357 353.7658 30.9984 39.9268 0.722233
0 131.1954 183.2299 28.5547 41.0668 0.635609
0 2.4721 355.1183 4.9442 38.6052 0.015146
0 9.6666 354.0805 18.1619 39.0326 0.011290
0 13.3329 319.6270 26.6544 45.6198 0.011065
0 3.2035 340.6638 6.4070 29.4423 0.003811
0 6.5129 320.4886 13.0258 46.9500 0.003039
0 7.1554 343.0515 14.1271 23.0261 0.002757
0 4.1918 326.5201 8.3752 39.8696 0.001781
0 636.6038 333.6756 6.7924 28.5105 0.001611
0 16.8373 329.8494 33.6745 84.3500 0.001570
0 623.1494 500.2570 31.8306 23.4005 0.001339
0 5.1976 355.8037 9.9838 40.5026 0.001260
0 1.8599 278.0101 3.7198 35.0223 0.000809
0 44.1511 131.0199 19.4097 35.2312 0.000740
0 10.7890 330.5718 21.4507 30.3794 0.000673
0 550.4004 6.9836 21.2971 13.9620 0.000624
0 637.7068 105.2610 4.5863 41.7490 0.000552
0 637.4084 343.0043 5.1832 45.2736 0.000461
0 293.6721 2.6936 16.9669 5.3604 0.000459
0 635.0521 340.8722 9.8809 42.2195 0.000414
0 637.9180 177.3381 4.1641 46.9490 0.000414
0 157.8324 316.9540 17.0262 29.9779 0.000402
0 637.2130 90.5516 5.5741 49.3647 0.000382
0 637.9397 75.1783 4.1206 43.2649 0.000382
0 634.3451 104.1069 11.3098 45.3086 0.000378
0 278.3014 2.8417 24.4572 5.5964 0.000330
0 192.0555 508.8652 17.3417 6.2696 0.000319
0 635.1083 327.8751 9.5110 19.0645 0.000309
0 1.6520 117.5321 3.3041 42.7375 0.000309
0 287.7755 3.1808 17.2899 6.2821 0.000307
0 72.5892 509.2027 18.0183 5.5947 0.000287
0 589.8334 273.9551 14.3167 25.1479 0.000281
0 56.8770 508.7985 19.2909 6.4031 0.000281
0 558.3586 506.7278 25.0039 10.5444 0.000276
0 634.3245 88.4761 11.3510 48.5307 0.000247
0 64.6471 508.7596 24.0152 6.4807 0.000240
0 637.9508 60.8129 4.0983 37.9482 0.000234
0 617.6842 374.7188 20.8230 21.8241 0.000232
0 2.2014 370.9099 4.4028 51.9642 0.000231
0 636.7134 165.9989 6.5733 38.5070 0.000228
0 636.8488 319.2374 6.3025 39.0621 0.000215
0 57.8555 107.6685 24.3638 39.2079 0.000212
0 485.8319 2.3064 25.5039 4.6129 0.000192
0 84.6456 509.5166 21.0901 4.9668 0.000190
0 199.4838 508.9386 19.3799 6.1228 0.000183
0 591.2659 3.0467 18.3313 6.0933 0.000180
0 638.2241 291.2578 3.5518 40.0719 0.000174
0 59.7487 3.0371 22.0218 6.0743 0.000166
0 242.2617 507.0916 16.2236 9.8169 0.000166
0 52.5321 115.5985 24.9104 46.5061 0.000164
0 638.0365 45.8406 3.9270 33.1101 0.000160
0 542.4855 509.6830 25.9484 4.6340 0.000157
0 634.9401 73.6844 10.1198 44.0552 0.000149
0 551.4773 508.8358 30.2898 6.3285 0.000143
0 4.1656 499.5104 8.3313 24.9792 0.000142
0 270.4355 2.6446 21.6247 5.2285 0.000142
0 145.2353 508.5512 18.9288 6.8976 0.000141
0 162.9634 509.3848 19.4273 5.2303 0.000130
0 593.0948 508.5012 24.6121 6.9976 0.000129
0 68.6235 507.0427 20.2794 9.8470 0.000128
0 10.8941 500.6295 21.7882 22.7410 0.000123
0 637.8408 118.2166 4.3183 41.8436 0.000122
0 346.4899 256.1388 16.3534 36.2000 0.000122
0 637.9956 194.1807 4.0088 49.7933 0.000120
0 5.7709 505.2480 11.5419 13.5039 0.000119
0 544.6832 5.2633 20.8433 10.4348 0.000119
0 2.3150 288.5944 4.6299 57.5210 0.000118
0 137.1916 187.5212 17.1144 32.0354 0.000117
0 291.2361 4.4294 14.7379 8.8589 0.000116
0 153.9724 509.2762 22.0059 5.4476 0.000113
0 108.8962 3.7851 16.9552 7.4960 0.000111
0 67.0157 2.9280 21.5989 5.8559 0.000110
0 636.1374 178.3629 7.7172 49.9156 0.000108
0 4.1868 278.5145 8.2540 35.9922 0.000107
0 557.1579 502.0826 24.3748 19.3087 0.000107
0 53.3607 118.4056 40.8757 62.3064 0.000105
0 11.0694 506.7627 22.1388 10.4746 0.000105
0 632.2325 500.8540 15.5349 22.2921 0.000104
0 623.2438 3.7720 17.6023 7.5281 0.000101
