0 381.8730 294.4964 17.6642 38.5515 0.825658
0 19.2378 353.6159 31.2203 39.4795 0.716809
0 132.6094 184.1902 25.7321 38.7589 0.449565
0 436.2489 343.2869 17.2706 50.8858 0.231631
0 436.9664 328.8931 15.4069 21.9836 0.090073
0 2.5521 355.8976 5.1042 39.5687 0.015256
0 9.5068 353.9951 18.1504 38.5875 0.009492
0 14.0872 320.3378 28.1294 46.8719 0.006504
0 3.7673 340.2801 7.5138 33.2957 0.005129
0 6.6014 330.4115 13.2028 38.2695 0.004972
0 6.9490 342.7289 13.8688 28.0437 0.004336
0 16.9977 329.4493 33.9954 87.1802 0.003828
0 442.2797 335.4744 26.0681 36.0869 0.002888
0 636.0413 332.1339 7.9161 24.4054 0.001910
0 429.1238 340.0027 22.6163 42.9012 0.001653
0 4.9065 356.8056 9.3936 39.6877 0.001310
0 637.0813 339.9424 5.8373 39.5746 0.001092
0 637.8621 75.4870 4.2759 42.8035 0.001024
0 633.5890 93.3852 12.8220 46.9218 0.000801
0 636.9634 93.4260 6.0731 47.5434 0.000788
0 5.2176 319.0664 10.4257 49.9131 0.000764
0 550.8996 7.1346 21.8853 14.2653 0.000752
0 635.0278 80.0568 9.9445 50.4360 0.000628
0 294.4609 2.6524 17.4578 5.2646 0.000526
0 1.6063 272.2206 3.2126 36.4324 0.000516
0 158.5041 316.0509 16.9560 28.9221 0.000482
0 622.0887 500.1556 34.4536 23.6573 0.000452
0 637.4916 177.6299 5.0167 52.9133 0.000450
0 45.7557 125.5241 20.5916 42.6239 0.000428
0 637.3873 107.4184 5.2253 39.0235 0.000425
0 56.8851 113.0373 27.2569 44.7033 0.000403
0 636.1567 166.0320 7.6865 36.2855 0.000366
0 637.8667 61.7391 4.2666 37.4479 0.000357
0 590.4594 273.8584 14.6127 25.0822 0.000323
0 634.0599 107.7398 11.8801 40.0390 0.000321
0 288.7480 3.2810 16.7943 6.4192 0.000286
0 593.5706 507.7730 25.3225 8.4539 0.000278
0 555.9612 507.8036 28.0381 8.3927 0.000274
0 54.1050 118.3798 41.2666 61.5406 0.000274
0 73.9581 509.4393 21.0477 5.1214 0.000264
0 278.4646 2.9677 25.0067 5.8345 0.000253
0 636.3434 318.2154 7.3132 36.0719 0.000239
0 488.3027 2.3330 27.2804 4.6660 0.000228
0 633.7927 67.1222 12.2771 33.3843 0.000227
0 245.3699 507.0630 16.0754 9.8740 0.000202
0 602.1249 508.8214 26.1641 6.3573 0.000191
0 61.1856 508.9038 24.4369 6.1924 0.000181
0 1.8114 111.6437 3.6228 43.0832 0.000176
0 145.0456 508.2184 19.0331 7.5633 0.000167
0 15.7995 300.8576 31.5991 90.7639 0.000165
0 4.2895 499.4605 8.5789 25.0790 0.000162
0 205.5062 509.2302 16.1129 5.5396 0.000159
0 192.0928 508.9623 18.2585 6.0754 0.000158
0 543.3751 7.5387 25.0889 15.0774 0.000152
0 53.5879 508.7325 20.7221 6.5350 0.000149
0 614.4282 375.3269 19.8557 22.2186 0.000147
0 479.4948 2.1003 22.2415 4.1832 0.000146
0 633.3127 327.9062 10.8191 14.2134 0.000142
0 239.5172 507.3365 16.1412 9.3271 0.000141
0 292.0797 4.4862 15.8828 8.9724 0.000140
0 59.6571 3.2273 21.8690 6.4546 0.000137
0 139.4780 507.4256 17.5504 9.1488 0.000136
0 86.4807 509.4517 23.7651 5.0966 0.000134
0 5.7484 505.2100 11.4968 13.5801 0.000133
0 637.8655 196.0406 4.2690 49.1042 0.000131
0 623.3376 3.7492 17.6855 7.4971 0.000131
0 2.1173 372.1336 4.2346 51.0416 0.000129
0 638.1760 286.1552 3.6480 38.1857 0.000129
0 10.3278 500.8546 20.6556 22.2640 0.000123
0 153.5171 509.1852 22.3308 5.6296 0.000123
0 138.2911 185.0186 14.5782 34.5167 0.000119
0 162.6208 509.4338 19.4862 5.1324 0.000117
0 33.6044 507.9542 23.2492 8.0916 0.000116
0 632.6453 503.2362 14.7094 17.5275 0.000115
0 634.5338 343.9678 10.9325 46.6760 0.000115
0 2.2014 284.7744 4.4029 51.1514 0.000113
0 547.1818 509.5655 26.6389 4.8691 0.000111
0 638.0634 46.0279 3.8733 37.4291 0.000109
0 629.6254 70.6234 17.9207 34.9401 0.000109
0 346.7116 256.0352 16.3849 35.7048 0.000106
0 591.5725 2.8836 17.9506 5.7638 0.000104
