0 291.0151 322.3653 51.5764 90.5613 0.839829
0 134.8059 223.8102 30.1162 83.0172 0.786876
0 636.6875 173.8614 6.6250 60.9845 0.000587
0 235.8095 6.6347 30.5827 13.2694 0.000467
0 634.8864 162.6266 10.2240 60.1157 0.000408
0 635.4708 186.6326 9.0585 91.0630 0.000180
0 597.9499 492.9378 50.3309 38.1244 0.000174
0 247.5517 6.5094 36.7496 13.0188 0.000171
0 121.7747 10.0411 32.2447 20.0822 0.000167
0 635.5984 135.7233 8.8032 107.1209 0.000144
0 110.7048 7.6634 32.3437 15.3269 0.000138
0 315.2022 509.2790 18.4859 5.2748 0.000131
0 2.6522 90.0620 5.3044 69.3848 0.000129
