0 217.9216 235.5963 21.7474 55.6183 0.831494
0 10.1935 301.5120 20.3869 62.1931 0.088430
0 5.1667 302.6606 10.3335 60.6055 0.011825
0 9.1159 322.8447 18.2318 117.2665 0.002758
0 3.0035 310.5748 6.0069 68.2793 0.002660
0 70.8697 330.1758 65.0306 86.9514 0.001596
0 8.9734 276.4715 17.9468 116.7045 0.000830
0 549.6481 472.7983 58.2285 77.9255 0.000727
0 7.1962 215.1325 14.3924 67.0650 0.000496
0 3.0456 215.5812 6.0911 64.1878 0.000416
0 572.3089 473.4766 58.2067 76.7844 0.000301
0 75.0868 503.7429 37.9348 16.5050 0.000213
0 7.1713 238.3526 14.3426 137.1987 0.000184
0 17.4184 314.4306 34.7014 112.6953 0.000182
0 5.7714 238.9262 11.5429 62.2296 0.000156
0 546.1136 506.2580 42.4958 11.4839 0.000153
0 21.4073 494.0018 40.3429 35.9964 0.000151
0 86.1872 505.3848 44.2522 13.2305 0.000134
0 52.3589 321.8173 104.7177 106.5278 0.000128
0 12.2119 225.4801 24.1795 40.9554 0.000126
0 5.4522 281.3469 10.9043 75.8027 0.000124
0 22.9823 505.1465 36.7632 13.7070 0.000116
0 398.8282 506.0462 21.5034 11.8333 0.000105
0 68.8248 497.8226 41.8782 28.1665 0.000104
