0 550.8600 241.4523 81.9780 253.9999 0.863263
0 595.8784 155.4929 41.9064 82.5058 0.768727
0 338.5157 156.4255 34.1425 75.7244 0.687469
0 437.3331 489.5237 41.1296 44.8750 0.005569
0 274.0609 495.4514 47.0515 33.0045 0.004574
0 393.6447 231.0984 45.1698 50.6618 0.002981
0 295.6538 496.6912 44.3801 30.2147 0.001434
0 420.8023 486.7832 50.8463 50.1144 0.000899
0 435.7281 506.3457 36.1362 11.3085 0.000812
0 258.9333 504.1500 23.9012 15.6210 0.000548
0 427.8187 500.6979 36.9776 22.6041 0.000472
0 282.8410 494.6660 23.5667 33.9652 0.000379
0 26.8726 494.6369 31.9196 34.3952 0.000336
0 340.3750 500.4032 22.2138 23.1935 0.000278
0 584.3210 501.2485 33.4802 21.4705 0.000259
0 27.8205 504.4731 29.9034 15.0538 0.000205
0 363.5438 500.5173 39.1318 22.7529 0.000201
0 304.8568 500.1857 29.4707 23.2812 0.000200
0 408.1334 496.1604 23.8566 30.7353 0.000198
0 57.5739 509.6967 18.1470 4.6066 0.000190
0 546.2207 160.1497 66.2566 94.4758 0.000183
0 24.0982 408.0625 48.1964 108.3173 0.000180
0 247.2675 503.3410 51.6200 17.1877 0.000167
0 279.7971 501.1568 33.3889 21.6865 0.000161
0 267.1465 502.5683 35.0889 18.5918 0.000161
0 544.8705 504.0750 27.0389 15.8501 0.000157
0 443.7493 500.9975 56.6980 22.0051 0.000156
0 31.3391 507.6798 29.7584 8.6404 0.000155
0 638.1038 387.9348 3.7924 74.1821 0.000146
0 409.1912 481.7299 24.1694 47.5430 0.000131
0 374.6098 233.4507 88.0637 66.3355 0.000129
0 460.8453 262.1685 48.2233 103.1705 0.000125
0 19.8409 498.5612 26.4866 26.8776 0.000111
0 576.3962 504.9325 31.8071 14.1349 0.000110
0 450.7116 486.7494 73.5103 50.5012 0.000107
