0 460.4554 387.9079 63.6912 143.2161 0.882646
0 153.1875 331.9937 64.2529 118.5077 0.850089
0 175.9014 498.7606 42.8827 26.4352 0.002700
0 9.4867 435.1807 18.9735 67.2023 0.002455
0 2.7419 439.8219 5.4837 66.5568 0.000793
0 3.5759 456.8464 7.1518 84.5728 0.000531
0 2.1590 304.5489 4.3180 61.7723 0.000363
0 168.1268 504.5582 40.6564 14.8837 0.000334
0 5.8538 226.2750 11.6643 76.0003 0.000270
0 12.2395 455.2944 24.4791 113.4111 0.000260
0 7.2181 35.2705 14.4362 64.4120 0.000220
0 230.4057 380.4849 33.6223 55.2988 0.000206
0 1.8344 284.5583 3.6688 65.1675 0.000197
0 5.7607 213.0589 11.0542 39.6867 0.000195
0 3.0742 410.4819 6.1483 76.9865 0.000183
0 105.8540 324.8939 26.3982 138.2312 0.000162
0 278.2719 488.1737 38.5055 47.6459 0.000160
0 637.6177 375.7774 4.7646 62.1141 0.000130
0 6.9748 408.6767 13.9495 77.1315 0.000127
0 169.6489 331.5240 34.4012 116.8807 0.000120
0 5.9190 233.6763 11.8381 152.0463 0.000118
0 189.3581 498.7791 38.1243 26.2704 0.000111
