0 253.3749 332.4217 63.9891 189.3074 0.855057
0 369.4315 283.5390 82.4554 207.8483 0.849993
0 634.2951 287.4477 11.3149 73.6267 0.005080
0 637.4923 291.8974 5.0154 66.0822 0.002498
0 2.9987 409.7919 5.9974 92.4901 0.000371
0 635.8370 308.4344 8.0403 86.7002 0.000350
0 637.5868 317.8900 4.8264 95.6521 0.000291
0 634.8114 321.0918 10.3306 135.2792 0.000244
0 31.9330 505.0698 60.6528 13.8154 0.000189
0 622.9507 297.2604 33.7404 91.4987 0.000188
0 553.6788 498.0172 45.1775 27.9657 0.000168
0 150.1007 487.9546 23.2997 47.8019 0.000157
0 25.6246 507.5181 44.0470 8.9639 0.000140
0 349.5389 268.6870 46.9700 176.6879 0.000130
