0 212.8633 233.9019 62.2453 88.7835 0.875166
0 556.2842 383.4948 97.5441 179.3562 0.872307
0 311.1866 205.9068 18.0912 59.0986 0.780929
0 172.3073 94.1454 29.3491 53.3589 0.035510
0 171.4147 128.5191 33.3494 118.1114 0.022723
0 529.7987 384.1840 46.1407 174.6744 0.000444
0 9.6845 324.8629 19.2834 31.0941 0.000190
0 637.6714 413.8646 4.6571 68.6368 0.000142
0 247.4259 137.6424 58.7067 173.8123 0.000139
0 5.0905 505.8740 10.1809 12.2520 0.000130
0 629.9642 364.7962 20.0717 158.0450 0.000127
0 637.7284 337.2412 4.5432 92.8071 0.000113
