0 381.7966 293.9518 16.0123 39.1578 0.794881
0 413.0845 306.6746 19.9312 40.6791 0.794427
0 137.5296 188.1743 20.0108 32.5846 0.749031
0 552.4725 6.8086 21.3673 13.6172 0.008720
0 8.0916 366.2593 16.1833 25.3040 0.003348
0 11.0631 430.5121 22.0620 27.9199 0.001363
0 590.0348 274.2273 13.4580 24.3048 0.001142
0 293.8140 2.6454 15.9861 5.2638 0.001137
0 73.3372 509.7818 19.9857 4.4363 0.000725
0 288.7358 3.0052 18.3414 5.9155 0.000709
0 637.8929 74.3772 4.2141 46.2615 0.000634
0 636.7722 94.0871 6.4556 47.4152 0.000622
0 46.7637 126.3777 21.3649 41.0386 0.000619
0 2.7096 359.8246 5.4193 40.1826 0.000603
0 546.0726 4.8949 22.4723 9.7228 0.000585
0 56.5258 115.8638 26.9517 43.2941 0.000550
0 53.4927 118.7531 38.7762 60.3318 0.000432
0 633.8536 91.5903 12.2928 47.5369 0.000426
0 637.4385 336.9424 5.1230 34.6199 0.000425
0 1.6440 272.9505 3.2881 36.1285 0.000415
0 278.8060 2.5499 25.9671 5.0700 0.000393
0 80.9202 509.4195 25.7654 5.1609 0.000383
0 637.6359 107.4219 4.7281 38.7742 0.000382
0 6.2075 355.6558 12.4150 41.0855 0.000350
0 1.6883 348.0704 3.3765 32.3427 0.000312
0 66.9804 509.3071 22.3605 5.3859 0.000294
0 634.8257 74.0039 10.2454 47.2926 0.000266
0 157.9373 316.9862 16.9380 31.7802 0.000266
0 638.1097 176.1761 3.7805 44.3024 0.000262
0 3.7695 54.1614 7.5390 47.0053 0.000257
0 634.2205 107.7568 11.5591 40.2370 0.000249
0 142.4247 508.5742 16.2431 6.8517 0.000246
0 5.7278 375.3683 11.4556 39.3653 0.000239
0 149.1206 509.1885 21.7907 5.6230 0.000227
0 636.8819 325.1659 6.2362 25.9742 0.000225
0 1.7226 111.9810 3.4452 45.1604 0.000202
0 245.2235 506.9759 16.1300 10.0482 0.000201
0 158.5343 509.4330 17.8300 5.1340 0.000201
0 5.4829 506.6452 10.9658 10.7096 0.000199
0 627.9725 500.1097 23.5292 23.5117 0.000194
0 637.2303 166.4941 5.5392 36.4136 0.000191
0 323.7910 13.7569 23.1234 27.3195 0.000185
0 487.8112 2.4248 23.6931 4.8295 0.000182
0 4.5746 498.2303 9.1492 27.5394 0.000181
0 188.9649 508.6461 19.9506 6.7078 0.000176
0 1.7088 467.6542 3.4176 31.9229 0.000171
0 70.0477 507.3834 21.4775 9.2333 0.000167
0 270.9047 2.3492 20.7272 4.6984 0.000155
0 637.8268 15.5719 4.3464 28.4214 0.000152
0 635.2860 333.2188 9.2479 27.0757 0.000150
0 638.2297 287.2795 3.5406 37.8433 0.000146
0 2.2002 59.6929 4.4004 42.5697 0.000144
0 195.6794 508.5988 19.5240 6.8025 0.000140
0 1.8023 454.6274 3.6011 37.1154 0.000138
0 637.8460 59.9206 4.3080 39.7844 0.000134
0 580.6381 369.3861 19.2000 29.6164 0.000132
0 2.3002 284.2560 4.6003 52.3500 0.000131
0 624.2628 3.8388 18.2639 7.6729 0.000126
0 58.0032 508.8496 20.7434 6.3007 0.000126
0 7.5729 54.7915 15.1459 44.2246 0.000124
0 205.3016 508.9811 15.5210 6.0377 0.000122
0 10.2893 499.4975 20.5785 25.0049 0.000119
0 33.5263 508.4109 21.3344 7.1781 0.000118
0 136.7977 508.3402 19.3596 7.3195 0.000115
0 89.9865 508.7875 25.6235 6.4250 0.000113
0 636.8813 447.8404 6.2373 43.4349 0.000112
0 49.1355 508.6599 22.0435 6.6801 0.000108
0 4.3273 320.9269 8.6545 51.6523 0.000108
0 10.6307 507.6480 21.2613 8.7039 0.000108
0 637.1360 312.4548 5.7279 45.3875 0.000104
0 591.7810 3.2580 18.0493 6.5149 0.000102
0 2.5202 328.7522 5.0404 52.7257 0.000101
