0 261.9071 251.6542 67.5168 118.8710 0.878913
0 9.7980 288.6659 19.5959 91.7479 0.072820
0 562.0598 168.8946 38.3118 87.6227 0.000728
0 2.3777 60.9877 4.7554 75.9451 0.000482
0 206.2652 269.1548 25.3127 51.4502 0.000463
0 16.0816 273.6541 31.9602 114.0461 0.000378
0 10.6941 243.1237 21.3881 152.9701 0.000309
0 385.1328 402.9758 43.6350 24.3993 0.000303
0 144.6826 11.9570 41.9394 23.9140 0.000300
0 384.1959 392.4423 46.1471 50.2349 0.000296
0 27.3937 8.4544 35.3962 16.8802 0.000271
0 9.5212 319.0505 18.9846 30.2242 0.000269
0 9.6939 264.9099 19.0624 56.4877 0.000268
0 9.1366 333.3509 18.2731 159.1046 0.000149
0 569.6438 162.6248 23.9458 64.8876 0.000128
0 143.0131 6.6655 33.9281 13.3311 0.000120
