0 62.4842 182.9472 32.4094 79.9226 0.738169
0 194.0379 242.5180 31.0249 95.1666 0.722797
0 407.7397 256.4213 44.1379 56.4717 0.420783
0 431.4165 270.7415 42.8055 84.9789 0.318410
0 415.0101 280.1944 57.9148 103.1346 0.005470
0 177.4051 243.5256 63.5906 92.3423 0.000612
0 592.4254 404.5089 23.8682 52.9799 0.000545
0 183.0220 227.4389 43.6597 60.6786 0.000343
0 4.0341 19.9705 8.0682 37.9487 0.000250
0 39.1629 220.8208 78.3257 135.6395 0.000163
0 5.9710 327.6838 11.9420 100.3389 0.000161
0 395.1174 270.8993 67.7427 86.7347 0.000143
0 5.7559 307.8978 11.5118 46.9471 0.000142
0 6.4870 63.4181 12.9741 45.8663 0.000133
0 257.5882 206.8937 29.1731 51.0547 0.000114
0 498.4124 251.2989 32.8621 114.9526 0.000101
