0 463.8529 254.7170 50.1115 121.1667 0.004679
0 625.0756 215.4564 29.8489 147.2146 0.002795
0 633.0143 120.0708 13.9357 43.9143 0.002606
0 632.1822 143.2680 15.6356 93.3953 0.002103
0 478.9890 224.6536 22.1718 69.0191 0.001677
0 5.5429 436.8417 11.0858 90.5598 0.001595
0 262.5639 454.5699 40.8060 81.7272 0.001548
0 636.2853 251.1135 7.4295 62.4642 0.001505
0 3.2907 421.7492 6.5814 102.3815 0.001322
0 5.9670 400.0077 11.9340 148.9139 0.000840
0 632.6786 242.7142 14.6428 187.4254 0.000570
0 635.4010 270.7007 9.1697 96.0919 0.000357
0 635.9921 142.9457 8.0157 88.7985 0.000344
0 3.9241 456.4754 7.8483 79.5259 0.000258
0 48.5717 508.9890 37.9254 6.0220 0.000178
0 458.2359 225.9285 62.3054 84.7670 0.000157
0 618.9652 245.4996 42.0696 195.5351 0.000133
0 257.0709 428.1225 30.0352 30.8000 0.000118
0 96.6534 508.4975 32.1530 7.0050 0.000116
0 632.9796 246.4473 13.9197 61.0840 0.000113
0 631.0790 181.8575 17.8419 169.3337 0.000108
