0 325.3352 225.0786 57.9071 70.3459 0.709771
0 300.9744 198.9406 9.4249 18.3893 0.029264
0 288.7456 225.6003 36.4030 72.4937 0.010195
0 207.3669 388.2941 25.4371 47.9895 0.004726
0 3.9260 462.3623 7.8521 76.4600 0.001571
0 3.6893 489.0509 7.3786 40.7925 0.001031
0 107.4572 428.2463 62.8005 62.0861 0.000752
0 309.1663 226.3101 25.4355 73.0228 0.000407
0 7.3888 494.6939 14.7777 34.6122 0.000283
0 120.4485 423.2892 35.8737 40.9633 0.000210
0 118.6669 443.8840 41.1034 75.5492 0.000195
0 305.7677 208.4501 18.3912 36.9094 0.000176
0 20.9530 499.8421 41.9060 24.2557 0.000169
0 5.6718 456.3759 11.2384 111.2482 0.000163
0 637.5222 52.3449 4.9557 84.9023 0.000160
0 78.4736 329.6203 31.2023 59.4684 0.000149
0 193.5338 325.0435 37.6874 57.5977 0.000125
