0 401.2207 322.4887 82.4082 243.9274 0.953302
0 334.4039 287.4153 53.2824 151.7079 0.873385
0 294.8134 287.8757 31.4086 159.0413 0.802617
0 167.0652 496.2221 50.8980 31.5558 0.003408
0 444.7136 317.2290 48.8064 230.5773 0.001727
0 452.6982 318.0463 102.1726 237.8860 0.001509
0 164.9542 502.9978 44.1291 18.0044 0.001451
0 631.8842 434.5281 16.2317 84.8446 0.000230
0 636.7253 426.1267 6.5494 76.5013 0.000202
0 554.1362 213.0735 15.5638 52.2667 0.000182
0 633.2081 407.5868 13.4215 62.5641 0.000176
0 151.8566 506.9738 39.6330 10.0524 0.000119
0 425.1823 316.9988 31.2596 235.1106 0.000112
0 626.3663 442.5252 27.2675 114.3581 0.000111
0 290.0786 318.9709 17.6460 89.2385 0.000105
