0 342.8254 206.1726 17.2119 38.7660 0.821474
0 367.0082 248.2767 24.5177 32.6903 0.784764
0 5.7233 362.7586 11.4467 39.4530 0.012651
0 638.1140 78.6371 3.7721 39.9960 0.002566
0 5.7700 377.6008 11.5399 40.4776 0.001660
0 548.6146 6.9667 22.4685 13.9334 0.001557
0 638.0815 114.6426 3.8369 32.2317 0.001194
0 637.6689 89.8914 4.6621 51.7671 0.001160
0 638.3141 38.2128 3.3719 38.0881 0.001137
0 635.5038 77.7870 8.9923 43.1878 0.000861
0 637.9371 328.6632 4.1259 29.6345 0.000795
0 637.9789 282.0385 4.0422 34.0551 0.000628
0 545.2073 4.8520 17.6167 9.6980 0.000561
0 623.6958 500.8035 31.9417 22.3929 0.000554
0 12.3359 320.9230 24.6719 54.8985 0.000548
0 292.1731 2.6731 16.7578 5.3463 0.000522
0 53.8254 110.6350 25.0529 41.9401 0.000503
0 186.4337 508.9515 18.5116 6.0970 0.000464
0 634.0334 91.4956 11.9331 50.7767 0.000402
0 136.9151 507.9901 17.3743 8.0198 0.000366
0 585.7444 275.2648 13.4370 25.8475 0.000357
0 638.0142 22.9578 3.9717 38.9918 0.000356
0 638.1790 57.0135 3.6420 44.5466 0.000352
0 553.0093 3.5978 25.3228 7.1957 0.000332
0 539.8947 6.9574 22.9982 13.9148 0.000318
0 637.8261 343.3026 4.3478 50.6266 0.000250
0 3.0157 348.5017 6.0314 44.7632 0.000249
0 635.3014 106.4418 9.3973 43.3777 0.000237
0 638.2422 264.3327 3.5157 43.3034 0.000229
0 151.2221 318.2545 14.5569 28.4218 0.000228
0 49.2094 119.7631 22.1655 44.2819 0.000226
0 235.0851 506.8901 18.6186 10.2198 0.000226
0 283.4547 3.1924 17.2810 6.2358 0.000217
0 144.2120 509.0014 22.8801 5.9971 0.000204
0 221.2097 99.9653 9.0327 18.7806 0.000203
0 583.0026 3.8613 23.7515 7.7227 0.000191
0 289.4571 4.2559 13.7333 8.5118 0.000188
0 635.0023 329.4889 9.6340 26.1963 0.000187
0 49.0254 508.6560 18.4433 6.6880 0.000185
0 637.7125 177.3187 4.5751 43.0509 0.000176
0 178.4207 508.6623 25.3092 6.6754 0.000168
0 637.6866 419.7285 4.6267 35.8080 0.000164
0 4.8059 323.5105 9.6093 57.3611 0.000162
0 41.6545 508.8790 20.9015 6.2421 0.000159
0 635.9792 38.0792 8.0416 37.9068 0.000156
0 28.5441 508.3503 22.5400 7.2995 0.000153
0 635.6108 168.3226 8.7784 38.8798 0.000148
0 634.5038 63.6793 10.9924 44.6723 0.000141
0 637.8865 295.2628 4.2271 48.8234 0.000138
0 1.9182 116.1253 3.8364 44.7458 0.000138
0 274.8958 3.0601 21.5783 5.9652 0.000138
0 638.0787 316.8462 3.8426 39.9161 0.000137
0 132.3586 506.6154 17.2175 10.7691 0.000133
0 3.3784 487.6150 6.7567 35.1554 0.000131
0 637.0640 15.0820 5.8721 30.1640 0.000130
0 638.0787 407.9843 3.8426 39.2535 0.000129
0 244.0998 507.1664 19.6259 9.6673 0.000125
0 79.8828 509.5634 21.8840 4.8733 0.000121
0 67.3021 3.0319 23.9072 6.0638 0.000120
0 57.5344 508.1409 22.4870 7.7183 0.000120
0 56.8797 3.0730 20.8986 6.1460 0.000114
0 603.0538 509.4619 17.6458 5.0762 0.000114
0 8.6026 431.4654 17.2051 27.9236 0.000112
0 154.4689 509.4244 18.8267 5.1511 0.000111
0 25.2458 503.9550 25.4298 16.0899 0.000107
0 196.3334 509.1351 18.7122 5.7297 0.000107
0 36.1074 204.9963 30.6591 52.1987 0.000103
0 43.9930 125.5428 21.6280 43.5195 0.000102
0 5.7251 42.3790 11.4232 28.4675 0.000101
0 63.8545 299.7572 29.9068 48.5546 0.000100
