0 364.7003 185.8473 14.8240 38.1630 0.746602
0 287.8967 202.3051 19.8445 32.3525 0.719786
0 6.3775 8.8974 12.7550 17.7948 0.063266
0 5.5903 16.5871 11.1805 33.1742 0.004131
0 159.1816 509.0810 28.5222 5.8380 0.003964
0 230.4889 415.2386 30.5417 23.2249 0.002373
0 637.7296 30.8141 4.5408 48.6462 0.000481
0 634.9376 29.5142 10.0583 52.3890 0.000420
0 398.9768 6.4508 25.9531 12.9015 0.000238
0 14.1042 8.2202 27.5952 16.4404 0.000229
0 169.2862 507.9792 50.1075 8.0416 0.000228
0 3.1943 21.8433 6.3887 43.6867 0.000216
0 635.7193 15.5119 8.5614 31.0237 0.000209
0 399.3368 18.7946 30.1694 37.5380 0.000171
0 150.1543 508.0664 43.8485 7.7114 0.000157
0 540.6106 394.6306 27.3917 41.9086 0.000148
0 445.5909 14.8206 24.7909 29.6411 0.000116
0 405.1318 8.8005 32.5165 17.6010 0.000115
0 364.8923 3.4626 23.9436 6.8853 0.000103
