0 313.5091 255.7917 19.2224 36.7630 0.711495
0 238.1835 148.3242 17.1579 29.4435 0.665557
0 59.5674 5.7231 24.6666 11.4463 0.003327
0 307.5264 278.8246 13.6088 23.0968 0.002849
0 635.0991 241.3745 9.8018 39.7499 0.002018
0 46.4661 10.2767 36.5329 20.5533 0.001189
0 311.4016 275.7165 18.9028 29.8641 0.001096
0 65.6413 7.3107 23.8796 14.6214 0.000848
0 636.4161 230.4402 7.1678 53.4260 0.000822
0 68.8471 4.2196 21.0432 8.4392 0.000620
0 342.9079 219.1235 13.1513 13.2725 0.000598
0 38.1366 14.0948 27.8506 28.1897 0.000452
0 310.0002 283.6748 17.0137 18.1528 0.000397
0 636.6489 255.2094 6.7022 67.1983 0.000358
0 637.8656 328.0420 4.2688 66.8141 0.000291
0 636.5857 208.6329 6.8286 69.7890 0.000251
0 636.9763 286.0161 6.0475 52.1431 0.000241
0 244.0419 147.2422 17.6622 29.1965 0.000217
0 637.0676 466.6972 5.8648 62.3035 0.000184
0 636.7289 311.6509 6.5423 63.9371 0.000177
0 346.8605 220.4555 17.3015 16.1307 0.000164
0 9.6605 31.5245 19.3210 63.0489 0.000159
0 312.6782 246.3166 18.0388 19.5935 0.000153
0 124.0762 2.6950 24.7004 5.3051 0.000153
0 2.2297 223.3978 4.4594 44.7941 0.000121
0 635.6420 295.6180 8.6438 44.8384 0.000115
0 629.2219 3.5797 21.2175 7.0861 0.000114
0 635.8662 341.5186 7.8335 70.0708 0.000107
0 635.8397 481.7824 8.3205 58.5314 0.000100
