0 343.9127 245.0972 17.4099 30.9084 0.735585
0 287.0483 118.1000 14.0797 28.0262 0.675547
0 637.6518 335.3231 4.6964 58.0381 0.002257
0 635.7908 339.2029 8.0344 50.7835 0.000476
0 2.2554 115.9606 4.5107 47.7621 0.000399
0 590.8524 41.8572 21.2046 40.7834 0.000346
0 350.9042 246.5709 17.8051 30.7358 0.000337
0 391.9611 222.7635 18.6208 16.5538 0.000329
0 95.6992 6.4798 23.6960 12.9597 0.000267
0 631.3049 335.0059 16.2942 56.0088 0.000242
0 630.0670 161.2223 19.6812 30.0088 0.000242
0 357.3941 249.5500 11.1536 24.2502 0.000218
0 383.9944 220.4215 13.3599 12.6750 0.000209
0 100.9058 3.8276 24.4921 7.6551 0.000157
0 87.2522 3.5413 21.9138 7.0511 0.000142
0 637.1786 23.8413 5.6427 46.8611 0.000134
0 122.3463 3.4043 23.2721 6.7467 0.000124
0 637.5338 314.6370 4.9325 58.1110 0.000111
0 3.9122 38.4967 7.8244 33.9526 0.000106
0 345.2388 278.9970 19.3616 24.1807 0.000106
0 4.0378 119.4538 8.0755 58.5284 0.000105
0 631.0745 146.5293 17.7285 60.0559 0.000103
