0 287.6366 209.6451 16.9016 27.5535 0.688868
0 330.1551 238.7271 10.9870 20.9384 0.654192
0 133.1205 7.3566 36.7713 14.7132 0.005120
0 637.4180 113.4544 5.1641 54.2642 0.000732
0 332.0133 286.9745 16.6626 19.2732 0.000627
0 121.7516 6.5495 34.6680 13.0719 0.000590
0 635.7031 108.1761 8.5103 63.1983 0.000330
0 138.7528 10.8555 51.2851 21.5585 0.000298
0 139.8130 4.8094 38.2386 9.6137 0.000249
0 638.0275 129.3220 3.9449 52.5658 0.000204
0 567.2174 442.6948 23.6887 54.6817 0.000197
0 281.2324 210.9073 16.9642 30.6421 0.000197
0 229.3632 177.3997 17.9783 24.6786 0.000153
0 637.8358 208.6888 4.3285 52.0722 0.000138
0 636.6159 471.9581 6.7682 50.1360 0.000136
0 637.5101 170.4101 4.9798 78.9071 0.000124
0 1.7488 371.6130 3.4976 47.7103 0.000119
0 636.0233 131.0386 7.8857 59.8367 0.000101
