0 310.4285 207.3232 20.9659 20.9401 0.662922
0 282.4318 202.8805 20.7759 19.4036 0.660392
0 253.9407 218.8894 16.3484 18.1562 0.003182
0 609.1669 5.0057 27.0603 10.0114 0.000992
0 541.4570 5.4965 26.7771 10.9930 0.000587
0 218.0180 5.0485 26.4467 9.9687 0.000518
0 534.2065 4.6725 25.4353 9.2273 0.000278
0 637.5652 153.0975 4.8695 42.6956 0.000263
0 637.3922 71.0583 5.2156 49.3631 0.000237
0 454.6624 3.7573 22.1875 7.5145 0.000236
0 617.1606 4.1901 31.9426 8.3425 0.000232
0 446.7198 4.0615 22.1814 8.0421 0.000223
0 223.4531 8.9701 35.9435 17.8720 0.000221
0 635.2404 151.4080 9.5044 46.2805 0.000215
0 13.7683 507.9661 27.5367 8.0679 0.000209
0 545.8979 10.9970 34.5647 21.9941 0.000205
0 637.8478 136.7433 4.3044 63.1692 0.000196
0 604.0616 8.3469 30.7532 16.6938 0.000187
0 212.1221 8.0419 32.0415 16.0086 0.000159
0 449.5735 7.6415 29.0739 15.2830 0.000136
0 615.6805 8.8355 36.3317 17.6710 0.000127
0 549.0342 4.1687 31.9795 8.3124 0.000124
0 597.3770 3.9928 36.6499 7.9073 0.000123
0 497.2919 3.3493 21.2322 6.6386 0.000121
0 279.2875 3.1566 25.1464 6.2746 0.000119
0 206.6479 4.6969 32.7394 9.3875 0.000117
0 356.0626 229.9073 23.7876 17.5375 0.000103
0 2.3629 467.0611 4.7258 58.2831 0.000103
0 381.4437 9.1976 23.3217 18.1251 0.000102
0 637.8773 110.5766 4.2454 51.1696 0.000102
0 8.5338 392.4299 17.0677 66.5582 0.000100
