0 420.2872 271.1188 27.3997 50.3068 0.749183
0 392.0512 262.2820 29.4208 63.6333 0.709161
0 68.0223 269.7381 56.8213 58.0728 0.000500
0 2.5053 473.4275 5.0084 39.9133 0.000474
0 70.1831 510.1467 20.5747 3.7066 0.000389
0 1.5990 163.9633 3.1981 31.8190 0.000269
0 350.2740 3.4870 17.5777 6.9155 0.000237
0 1.9471 124.1991 3.8942 54.0438 0.000187
0 602.9070 52.9196 16.7708 18.7811 0.000184
0 256.1917 9.2142 20.9907 18.3926 0.000178
0 3.8565 481.5884 7.6109 45.5790 0.000167
0 188.4689 6.0973 26.9607 12.0270 0.000158
0 2.5471 185.8137 5.0941 33.5347 0.000148
0 638.0742 248.4379 3.8516 44.1922 0.000145
0 8.8347 184.5824 17.4581 31.5871 0.000130
0 193.8217 3.5438 23.2745 6.9592 0.000123
0 497.5317 198.7340 18.4780 22.1046 0.000115
0 358.1900 4.1479 23.8804 8.2477 0.000115
