0 385.6690 325.0148 28.0081 51.1729 0.751148
0 528.1427 186.9005 17.0637 49.0423 0.657929
0 229.6434 225.8397 17.3632 48.2578 0.640412
0 8.8395 251.9417 17.6791 54.4666 0.146408
0 240.6893 228.5099 15.3572 44.6115 0.037817
0 164.3081 496.0794 51.7147 31.8412 0.028391
0 3.8155 250.5320 7.6311 55.6925 0.007868
0 148.9693 496.5790 40.0066 30.8419 0.001645
0 2.3603 238.9807 4.7206 60.8981 0.000893
0 10.6139 222.1993 20.7856 47.4543 0.000568
0 6.2055 236.3732 12.3988 67.1824 0.000347
0 8.2678 262.5989 16.5357 103.0724 0.000296
0 379.1534 326.4844 15.6947 47.1298 0.000291
0 484.9155 3.1952 22.7092 6.2816 0.000290
0 1.6724 172.5729 3.3448 28.2139 0.000237
0 1.6466 157.4001 3.2932 31.4176 0.000210
0 11.3056 467.1951 22.6112 58.2316 0.000179
0 311.4044 3.6501 26.7999 7.2037 0.000177
0 247.3818 230.4109 27.1600 50.1592 0.000164
0 2.8646 221.0299 5.7292 47.2258 0.000160
0 255.9630 3.8173 21.4277 7.5616 0.000152
0 234.2554 228.3957 10.3199 43.4426 0.000139
0 145.7081 506.0507 33.4288 11.8986 0.000128
0 493.5123 3.7325 26.1472 7.2661 0.000122
0 638.3187 49.0296 3.3627 48.0256 0.000118
0 5.4941 461.2567 10.9882 53.0416 0.000106
0 146.4899 220.6043 29.9579 37.1725 0.000103
0 358.8720 501.9651 30.9913 20.0697 0.000102
0 1.7160 145.4261 3.4319 41.8568 0.000100
