0 356.2597 217.6951 21.3051 61.9067 0.731412
0 141.3146 347.2222 27.3127 81.0012 0.717033
0 79.5832 351.6922 22.5696 81.0208 0.621896
0 277.4274 7.3214 19.6429 14.6427 0.023945
0 284.1985 5.7235 29.1571 11.4470 0.016673
0 271.7357 5.5500 27.1419 11.0601 0.008972
0 291.7543 3.9364 28.8783 7.8727 0.004458
0 478.6513 4.6197 17.6716 9.2100 0.003058
0 477.0261 232.7397 38.1433 59.4202 0.002506
0 479.4189 11.6473 20.2355 23.2945 0.001940
0 481.8972 6.8524 22.3531 13.7048 0.001615
0 301.1534 3.4222 27.7869 6.8444 0.001608
0 291.9917 8.0750 27.6693 16.1501 0.001569
0 275.0294 12.0599 21.0724 23.8342 0.000815
0 472.8084 10.9819 18.8302 21.9616 0.000523
0 332.5161 4.5335 23.8613 9.0549 0.000515
0 488.5676 9.9489 33.0834 19.8978 0.000489
0 471.5055 4.4741 19.4385 8.8319 0.000461
0 459.7688 409.2125 30.2861 52.1215 0.000456
0 10.6914 308.9701 21.3828 45.1750 0.000451
0 322.1462 4.1372 27.1495 8.2569 0.000416
0 2.5979 306.1641 5.1957 47.2653 0.000388
0 5.2960 306.0448 10.5082 49.1537 0.000379
0 243.7541 5.8586 17.6816 11.5979 0.000364
0 262.2928 5.4679 29.5106 10.9358 0.000340
0 505.1541 9.0626 14.7606 18.1252 0.000271
0 327.2338 6.8055 23.9839 13.6109 0.000263
0 637.5275 181.0870 4.9449 59.1090 0.000222
0 248.0549 7.8205 23.2048 15.4436 0.000216
0 489.3867 16.4186 41.3452 32.8155 0.000210
0 340.3242 3.8461 23.1555 7.6923 0.000208
0 499.4799 12.1154 27.9701 24.1903 0.000195
0 580.4696 164.7706 15.5925 28.8000 0.000179
0 508.6765 12.2406 17.9316 24.4813 0.000170
0 635.3579 155.7162 9.0908 79.7121 0.000161
0 236.7768 4.4465 20.6841 8.8930 0.000161
0 239.7736 7.9681 19.8327 15.9233 0.000160
0 298.9898 70.4002 20.9757 22.2127 0.000151
0 637.6284 156.2317 4.7431 75.3581 0.000149
0 162.7906 10.1960 21.4370 20.3920 0.000146
0 133.4610 320.7561 17.1426 35.8643 0.000141
0 465.0821 232.0866 36.9618 46.8743 0.000141
0 492.8146 6.4796 27.6535 12.9531 0.000124
0 578.0167 153.5968 19.7498 55.0043 0.000121
0 501.8230 6.3637 17.2935 12.7137 0.000120
0 508.0127 5.9169 15.3328 11.8338 0.000118
0 3.2605 290.2957 6.5209 62.5118 0.000115
0 17.8042 506.6486 24.1910 10.7028 0.000109
