0 417.0885 173.8351 30.5456 40.1985 0.721841
0 323.8281 188.0213 21.3658 62.6428 0.536879
0 209.5465 504.5199 50.9614 14.9602 0.012903
0 260.8589 504.7421 43.0167 14.5158 0.012582
0 636.8248 300.7913 6.3503 41.0275 0.011743
0 635.9332 289.6927 8.0104 53.5666 0.002938
0 52.5896 4.4436 29.0479 8.8871 0.001762
0 635.5410 317.7760 8.8645 79.2092 0.001554
0 326.9559 198.4641 13.9203 42.3947 0.001255
0 470.1158 52.1072 31.6841 31.8490 0.001097
0 193.0513 505.4927 50.6813 13.0145 0.000575
0 525.7261 6.9658 32.2695 13.9317 0.000516
0 629.5750 299.6620 20.8500 38.1272 0.000475
0 62.5823 3.6451 41.6718 7.1763 0.000343
0 514.6727 5.1983 43.8977 10.3706 0.000341
0 49.1350 8.9777 30.6586 17.9553 0.000334
0 41.9105 3.9598 32.0582 7.7757 0.000319
0 476.1230 61.1597 47.9568 65.2779 0.000314
0 500.8631 5.5820 39.9974 11.1641 0.000273
0 468.2886 46.5381 41.0249 76.4563 0.000262
0 637.5420 28.2535 4.9160 56.5070 0.000256
0 159.6141 336.4992 319.2283 351.0016 0.000255
0 632.1119 311.0861 15.2363 58.6113 0.000236
0 462.6184 59.5807 24.6274 40.4496 0.000216
0 11.1964 2.7444 21.8551 5.4560 0.000215
0 633.5436 429.9242 12.9048 45.1036 0.000204
0 246.4739 504.3120 46.0906 15.3538 0.000201
0 82.2485 3.4014 22.3832 6.6844 0.000161
0 329.9145 205.0651 12.0231 32.0688 0.000151
0 296.0236 4.0730 18.9379 8.1166 0.000145
0 635.2933 28.3293 9.2969 56.6586 0.000135
0 10.8288 10.7849 21.4425 21.5697 0.000128
0 101.7608 10.5726 22.2639 21.1451 0.000102
