0 23.6581 320.3605 32.3049 36.4404 0.612039
0 203.6786 506.0137 22.0377 11.9726 0.025474
0 7.3568 282.1193 14.7136 44.3358 0.009730
0 418.1553 380.3749 16.5618 23.3702 0.007208
0 431.3821 361.3925 27.7070 56.8522 0.003669
0 103.1673 7.6041 39.4669 14.8061 0.002486
0 210.6176 504.6642 29.3561 14.2213 0.002087
0 3.9025 319.4071 7.7629 41.2413 0.001832
0 421.0319 374.5107 17.2678 30.8966 0.001668
0 116.7421 6.8219 27.5733 13.5917 0.001492
0 4.9248 272.2679 9.8496 45.6841 0.001321
0 124.8884 5.8928 25.6989 11.6797 0.000671
0 213.0635 508.0546 31.6259 7.8907 0.000638
0 2.0479 268.7057 4.0958 44.1763 0.000502
0 619.7517 386.8178 33.7094 66.7638 0.000423
0 1.5645 253.1012 3.1290 34.2295 0.000360
0 8.6822 296.9211 17.3645 60.4430 0.000353
0 194.6892 507.7398 28.8165 8.5203 0.000338
0 154.2072 2.8641 27.2255 5.6930 0.000304
0 518.3901 236.1295 11.6753 12.8209 0.000229
0 274.2989 45.6442 31.4579 47.6733 0.000205
0 2.2403 210.9590 4.4805 45.7311 0.000202
0 4.9536 303.2516 9.9071 46.5902 0.000162
0 637.1365 37.0287 5.7271 42.3493 0.000157
0 1.6620 238.5074 3.3241 38.4914 0.000152
0 635.7921 23.4806 8.4158 46.9613 0.000145
0 143.6800 3.1944 28.8806 6.3889 0.000138
0 533.0743 297.8206 45.6434 59.3176 0.000123
0 135.5712 3.8775 27.5730 7.7550 0.000114
0 9.9470 126.7736 19.8940 51.7315 0.000114
0 87.3615 8.0603 48.2890 16.1205 0.000113
