0 429.4378 356.1771 27.7043 73.3750 0.785830
0 358.0743 219.9589 32.8207 32.0978 0.740831
0 24.7815 322.1459 31.7554 38.6429 0.624242
0 4.9424 322.7098 9.8849 42.9694 0.017981
0 108.2664 9.3034 32.4866 18.4481 0.005032
0 8.3311 287.4953 16.6621 40.5464 0.004645
0 117.2047 7.7809 22.7578 15.5226 0.003579
0 124.2342 5.1729 25.9869 10.3458 0.001493
0 1.8678 264.0623 3.7356 29.0140 0.001246
0 374.4409 217.7394 13.2117 27.7086 0.001150
0 7.2838 274.4061 14.5116 35.6998 0.000813
0 367.4653 219.4597 22.3329 31.4169 0.000558
0 545.6116 6.0484 36.8632 12.0525 0.000545
0 16.4578 321.3469 32.9156 58.8010 0.000487
0 2.6276 271.7662 5.2552 39.6423 0.000480
0 531.8593 301.3732 43.9785 60.0286 0.000300
0 9.1699 128.7188 18.3399 53.6566 0.000249
0 207.1977 507.2408 24.1367 9.5183 0.000216
0 1.6860 252.9939 3.3720 31.9374 0.000213
0 134.1394 3.2046 25.8465 6.4092 0.000198
0 356.7721 40.8046 22.3761 32.2519 0.000189
0 4.5774 130.3754 9.1548 57.4749 0.000181
0 637.1418 64.0130 5.7164 50.7692 0.000175
0 637.6245 51.0520 4.7511 32.1463 0.000145
0 636.4718 24.9103 7.0564 48.9290 0.000142
0 3.4595 262.0279 6.8438 24.2410 0.000140
0 6.6279 311.0503 13.2558 47.0993 0.000135
0 8.4416 166.9226 16.8832 76.2422 0.000134
0 8.4008 301.8094 16.8016 96.6671 0.000133
0 3.0189 167.2175 6.0379 73.4459 0.000132
0 637.4037 36.2203 5.1925 41.3223 0.000118
0 536.9788 4.9970 30.6096 9.7989 0.000116
0 147.8128 3.0082 23.7937 6.0097 0.000114
0 556.6287 5.2420 37.1819 10.4404 0.000113
0 199.8053 508.0868 25.2207 7.8265 0.000105
0 354.3134 47.2247 16.7029 20.3241 0.000103
0 103.7280 17.2248 40.6059 34.2495 0.000102
