0 493.1212 337.9796 26.3489 65.0922 0.677868
0 354.8728 211.7253 22.7019 45.2208 0.632538
0 27.2675 322.2288 33.5126 37.3883 0.626080
0 5.8925 322.7353 11.7849 39.4979 0.046656
0 106.2461 9.4538 38.5584 18.8011 0.009093
0 115.2001 8.5576 22.6548 17.0983 0.005230
0 8.4024 285.7190 16.8049 41.3567 0.005154
0 124.0486 6.8342 26.6330 13.6671 0.002338
0 2.1946 264.7924 4.3893 32.4109 0.000876
0 207.1997 506.9218 20.3983 10.1565 0.000634
0 129.4201 4.3141 24.9809 8.6282 0.000564
0 5.3325 270.5262 10.6052 36.8359 0.000465
0 456.3170 377.1425 9.9883 21.2411 0.000421
0 487.4424 393.8312 16.0820 66.6154 0.000408
0 199.1408 508.4900 25.6385 7.0087 0.000404
0 468.3659 367.3909 27.9760 24.5771 0.000399
0 459.3270 373.6278 11.9017 19.6785 0.000309
0 271.6772 47.4190 38.4815 45.0156 0.000288
0 6.6797 205.6748 13.3471 38.0865 0.000209
0 6.4634 307.2652 12.9268 56.9295 0.000205
0 354.4365 47.0582 15.5955 21.0568 0.000175
0 14.5511 319.4149 29.1021 59.0045 0.000166
0 9.5702 167.5551 19.1405 77.5746 0.000146
0 139.0603 3.0985 23.9053 6.1969 0.000142
0 9.3086 128.2153 18.6171 53.4680 0.000133
0 8.5215 301.8185 17.0431 93.5995 0.000129
0 357.4510 41.3389 22.4269 31.5581 0.000120
0 636.7017 24.8607 6.5966 49.1677 0.000111
0 4.5863 129.8627 9.1725 57.2573 0.000102
