0 332.6940 229.1477 38.0702 54.5962 0.747732
0 577.0726 312.3895 22.9382 45.7648 0.004835
0 8.2316 420.7126 16.3746 51.3824 0.001566
0 263.5893 120.3491 22.5874 43.3758 0.001246
0 2.1354 416.5765 4.2707 47.1193 0.000514
0 121.9449 415.7847 7.3834 15.7227 0.000492
0 325.0627 222.2308 24.0768 40.7347 0.000475
0 247.9132 128.4841 24.2993 26.7448 0.000245
0 636.6613 8.5814 6.6776 17.1628 0.000234
0 4.6103 409.3476 9.2134 53.4623 0.000225
0 343.4637 226.1172 18.0969 47.6949 0.000223
0 251.4364 121.4052 30.6680 42.5433 0.000213
0 325.3983 210.7007 22.9397 19.3117 0.000190
0 629.6313 286.3829 20.5801 34.6671 0.000140
0 2.9894 277.5084 5.9789 51.2825 0.000127
