0 343.6908 238.1476 33.5041 39.7555 0.775157
0 291.8339 57.1884 23.9402 51.1585 0.020168
0 281.8288 6.9385 34.4419 13.8771 0.002692
0 2.7798 380.2402 5.5597 68.4309 0.001078
0 637.5795 84.1180 4.8411 71.3699 0.000683
0 69.4643 183.1272 18.5732 67.4988 0.000496
0 276.5521 4.5001 35.0039 8.9437 0.000477
0 635.4783 213.0875 9.0063 47.6722 0.000436
0 636.9634 17.5462 6.0731 35.0923 0.000349
0 327.3084 105.3357 18.7079 54.3444 0.000336
0 256.2627 3.8597 28.2391 7.6757 0.000308
0 4.1949 368.6187 8.3086 51.7712 0.000283
0 292.1804 7.0687 28.3630 14.1374 0.000245
0 2.5832 360.1448 5.1664 53.1569 0.000229
0 630.8539 181.5114 18.0973 51.0703 0.000226
0 21.9157 494.7468 38.0224 34.3151 0.000215
0 345.7171 134.0142 19.1720 22.8740 0.000214
0 61.8383 184.8211 25.9574 71.1888 0.000205
0 637.4260 55.7221 5.1481 86.6964 0.000189
0 635.9921 93.5805 8.0159 85.5271 0.000158
0 340.3801 122.4037 13.4545 30.9555 0.000154
0 631.1350 165.3210 17.7300 152.1894 0.000151
0 634.8452 51.4886 10.0125 93.1180 0.000148
0 227.8279 14.4466 26.2037 28.8931 0.000148
0 135.8855 384.7471 25.7928 62.2234 0.000145
0 2.9847 47.4362 5.9694 36.9937 0.000144
0 67.1480 170.4730 32.4767 104.0088 0.000137
0 2.7769 411.5625 5.5537 44.6555 0.000133
0 228.3734 4.4881 24.2121 8.9517 0.000132
0 245.3670 4.1157 26.3257 8.2035 0.000128
0 637.5714 243.4012 4.8571 71.4174 0.000120
0 1.9034 191.8307 3.8068 51.3678 0.000115
0 8.7994 374.4455 17.5988 57.9458 0.000113
0 439.5223 217.5939 12.2783 15.8666 0.000102
