0 280.3258 257.7526 26.9534 52.0181 0.787639
0 293.8147 336.4227 28.8387 95.3373 0.737018
0 483.7176 45.2257 21.4655 24.5023 0.200323
0 138.7681 258.1420 13.4677 24.6173 0.001162
0 1.7272 217.6800 3.4543 45.9835 0.000316
0 138.7046 246.8265 12.9122 51.7958 0.000240
0 2.9388 204.1049 5.8776 34.6942 0.000227
0 5.4623 200.5788 10.6874 26.0402 0.000189
0 637.8849 487.4813 4.2301 49.0374 0.000163
0 4.2408 211.1978 8.4816 44.8046 0.000161
0 480.4443 191.8516 319.1113 383.7032 0.000161
0 632.9904 483.6783 13.8895 56.6433 0.000144
0 184.9875 15.3259 11.3910 20.7673 0.000144
0 1.9072 257.3779 3.8144 48.2112 0.000134
0 312.3956 5.8028 21.0040 11.5679 0.000126
