0 252.8628 236.2256 42.8071 71.9304 0.810030
0 365.2512 273.9885 29.4799 37.5398 0.793217
0 124.6706 503.4383 42.8482 17.1234 0.022452
0 118.3683 506.5981 40.4444 10.8038 0.006341
0 111.4720 508.3443 38.7935 7.3115 0.001488
0 508.3819 400.1996 45.2857 78.8994 0.000324
0 140.7461 506.4387 42.6722 11.1226 0.000295
0 464.4840 175.7943 351.0320 351.5886 0.000256
0 142.3719 503.3622 58.0936 17.2755 0.000247
0 106.5858 504.8793 63.3331 14.1873 0.000206
0 2.7615 246.6190 5.5230 53.2371 0.000115
0 3.0355 198.9600 6.0710 47.1182 0.000112
