0 216.3076 96.8750 25.6555 32.9857 0.777863
0 317.6757 142.3607 27.5881 23.1040 0.713132
0 100.0099 37.7684 31.0237 51.3836 0.581743
0 52.9085 52.4985 58.4876 40.2303 0.581019
0 36.0598 50.7604 27.6671 38.4096 0.521751
0 101.2930 24.5524 33.0583 32.4754 0.058347
0 39.8970 8.6834 34.5938 17.3668 0.020713
0 26.1831 5.0437 26.7650 10.0819 0.004072
0 354.5030 462.2771 29.0839 39.1584 0.003089
0 570.2688 507.3734 34.0503 9.2531 0.002575
0 28.0010 9.3889 40.4222 18.7779 0.001701
0 261.9303 18.7736 45.3072 37.4125 0.001516
0 23.9419 48.3433 47.8837 47.3627 0.001471
0 527.0342 507.7893 34.5298 8.4214 0.001433
0 636.5008 281.6701 6.9984 51.9354 0.001394
0 230.7664 7.9714 32.1115 15.9428 0.001352
0 90.5477 3.5947 34.7024 7.1894 0.001082
0 439.7165 3.5030 35.2767 6.9767 0.000959
0 4.4002 40.0899 8.8003 43.9402 0.000856
0 18.9988 4.0288 27.0157 8.0341 0.000849
0 637.0678 266.8451 5.8644 34.7856 0.000745
0 55.1155 8.9976 46.2459 17.9953 0.000641
0 354.8625 475.6814 33.9022 70.6679 0.000587
0 447.7387 5.3943 56.0109 10.7885 0.000532
0 222.2829 10.8343 25.7962 21.6686 0.000487
0 541.4690 3.8694 20.4573 7.7388 0.000435
0 635.6610 295.9493 8.6602 62.3320 0.000421
0 98.7033 2.7735 24.9676 5.4391 0.000407
0 564.5582 504.7563 42.1936 14.2588 0.000365
0 90.5528 7.9332 37.7461 15.8663 0.000347
0 12.8222 3.1033 25.4671 6.1736 0.000332
0 243.3421 10.1415 44.4439 20.2829 0.000329
0 637.3082 297.6110 5.2229 50.9621 0.000322
0 538.7843 8.1677 16.4526 16.1096 0.000291
0 143.8159 470.1905 29.5231 45.2397 0.000285
0 79.6426 5.0462 29.0500 10.0647 0.000263
0 266.1381 313.1116 27.4503 40.0513 0.000256
0 581.7017 508.3500 41.2175 7.3000 0.000256
0 559.5237 508.1743 41.3979 7.6198 0.000241
0 532.9333 6.5569 25.5830 13.1139 0.000241
0 428.6595 4.4900 37.9002 8.9800 0.000208
0 637.7371 36.1601 4.5258 44.0001 0.000205
0 2.1606 469.9318 4.3211 33.2159 0.000195
0 254.6426 13.7183 30.9131 27.3407 0.000186
0 219.6231 5.4782 27.2089 10.9098 0.000183
0 108.1545 18.4650 25.9550 22.3553 0.000173
0 12.7552 11.5527 25.2389 22.5421 0.000170
0 3.4829 54.8338 6.9657 60.4104 0.000169
0 74.2698 9.4042 27.7853 18.8083 0.000168
0 7.7655 46.2606 15.5311 46.2741 0.000167
0 2.3960 33.1751 4.7920 47.4547 0.000154
0 70.5428 4.7993 24.2206 9.5599 0.000153
0 3.1320 389.8608 6.2641 33.6761 0.000151
0 235.6058 4.0186 31.7490 8.0005 0.000151
0 61.1389 5.3836 35.5801 10.7672 0.000142
0 252.1053 7.5924 30.6132 15.1848 0.000137
0 2.3361 17.7377 4.6721 31.0536 0.000136
0 6.6135 138.2904 13.2270 54.7379 0.000134
0 298.4592 318.8772 21.5299 22.4108 0.000125
0 386.8251 249.2215 20.0387 25.0261 0.000123
0 4.9570 4.8414 9.9140 9.6828 0.000121
0 637.7426 19.5152 4.5148 34.8794 0.000119
0 99.7323 6.1148 28.8681 12.2296 0.000112
0 449.9698 10.3814 57.8611 20.7628 0.000111
0 255.2576 421.1044 57.5576 152.9462 0.000110
0 8.2644 7.0976 16.5093 14.1952 0.000109
0 2.8665 88.9413 5.7329 71.5604 0.000108
0 464.6169 246.5970 36.1033 84.7653 0.000105
0 66.8223 55.4360 31.2537 28.1230 0.000103
0 637.9998 409.3770 4.0005 46.2459 0.000101
