0 189.7185 275.3170 45.3898 108.1836 0.872771
0 451.4119 258.7997 24.2610 88.2872 0.810699
0 297.3483 266.7155 29.2366 83.0302 0.782899
0 4.1414 6.5768 8.2088 13.1535 0.000596
0 3.4846 19.0996 6.9692 38.1992 0.000453
0 6.6287 16.8552 13.2574 33.7104 0.000417
0 9.4095 4.6771 18.8191 9.3542 0.000339
0 93.9719 507.3957 24.5294 9.2086 0.000181
0 89.7968 275.2365 27.1985 61.9838 0.000142
0 133.3509 13.5416 24.3409 26.9400 0.000135
0 10.0426 23.2201 20.0719 46.4402 0.000134
0 3.1449 504.7838 6.2899 14.4323 0.000107
