0 80.7047 283.4415 19.3629 44.6659 0.850629
0 451.7711 152.1603 14.9124 42.6021 0.812972
0 292.4545 143.1534 18.9692 31.8526 0.790280
0 262.9423 103.2640 15.5799 37.2900 0.785047
0 637.5962 458.3230 4.8076 28.9738 0.000848
0 638.4877 46.1364 3.0245 42.6446 0.000316
0 636.2583 452.4482 7.3628 35.6322 0.000228
0 633.8575 8.4023 11.9824 16.8046 0.000207
0 1.4236 63.8007 2.8473 35.3861 0.000137
0 637.1623 28.4599 5.6754 56.9198 0.000124
0 637.6047 443.0394 4.7905 47.6899 0.000124
0 636.3944 12.9036 7.2112 25.8071 0.000104
