0 365.7402 173.1493 18.0032 40.7896 0.849123
0 318.9731 185.1955 13.7079 37.5590 0.792656
0 317.1587 139.3658 12.2159 37.8698 0.728341
0 209.1705 238.2633 12.8377 23.1168 0.704506
0 636.7489 502.6297 6.5022 18.7407 0.067314
0 636.2541 494.0604 7.4918 35.8792 0.025761
0 632.6703 505.3472 14.6593 13.3056 0.006183
0 633.4111 498.2319 13.1777 27.5361 0.001964
0 637.4996 480.2653 5.0007 45.2165 0.000706
0 62.1335 15.5604 23.6100 31.1208 0.000265
0 637.9750 105.6437 4.0499 72.9266 0.000262
0 348.7414 509.7545 19.0931 4.4911 0.000211
0 628.9818 507.2699 20.0101 9.4601 0.000167
0 629.0962 502.7750 21.8076 18.4500 0.000138
0 584.9430 509.0080 34.6670 5.9839 0.000117
0 175.8391 336.2837 351.6782 351.4326 0.000108
0 131.1478 509.8151 21.7260 4.3699 0.000107
