0 189.3407 117.8751 18.9048 33.8999 0.854677
0 145.6000 141.8714 13.3230 28.1139 0.786869
0 253.1504 132.9698 13.5255 29.8367 0.706836
0 4.0441 487.2708 8.0370 22.9243 0.004776
0 3.4698 476.2951 6.9396 36.9400 0.001630
0 6.1836 493.5980 12.3672 34.7146 0.000737
0 5.8449 482.9629 11.5618 19.6183 0.000526
0 613.8583 427.0001 23.4297 26.6623 0.000280
0 367.9547 352.4604 478.1913 319.0793 0.000273
0 8.6473 472.0739 17.2592 41.5649 0.000254
0 637.8331 239.6274 4.3339 71.7819 0.000167
0 223.8370 352.3138 447.6739 319.3723 0.000152
0 258.2578 509.8814 19.3608 4.2372 0.000142
0 464.4000 336.3302 351.2000 351.3397 0.000141
0 12.2393 495.7460 24.4786 32.5080 0.000127
