0 306.1426 118.5329 16.1842 39.8548 0.812024
0 275.4407 181.4718 12.5423 31.8650 0.728857
0 635.1711 494.4682 9.6577 35.0635 0.191580
0 5.3794 12.1646 10.7589 24.3292 0.040083
0 11.5748 12.3161 23.1496 24.6322 0.001666
0 631.0842 498.2061 17.8317 27.5877 0.001664
0 102.5769 2.5479 24.6889 5.0957 0.001455
0 636.2805 482.3453 7.4391 56.5264 0.001447
0 145.7435 6.2326 18.4671 12.4652 0.000546
0 5.0251 23.8505 10.0501 47.7009 0.000503
0 274.6887 173.0009 12.1533 16.3757 0.000407
0 125.9456 4.9129 53.2326 9.8257 0.000395
0 632.6335 486.1355 14.5321 50.1790 0.000343
0 175.7812 320.4575 351.5625 383.0851 0.000288
0 95.1458 3.0865 28.8438 6.1729 0.000275
0 471.9720 3.0666 17.7104 6.0938 0.000263
0 628.5419 505.0385 22.9163 13.8710 0.000236
0 115.1887 3.3892 42.4267 6.7783 0.000215
0 240.2272 352.3976 478.6477 319.2049 0.000175
0 624.3355 482.1870 30.9169 58.9893 0.000146
0 514.6878 3.5783 13.2463 7.0904 0.000128
0 421.2421 3.1301 15.3914 6.2030 0.000117
0 523.9213 12.0877 27.8694 24.1753 0.000114
