0 24.7314 247.6508 33.3998 97.0243 0.827095
0 356.5066 293.2446 36.0949 58.6889 0.697847
0 216.4720 271.7045 30.9819 35.9353 0.666943
0 225.3802 247.9646 53.0613 85.6468 0.467067
0 2.4802 255.2758 4.9604 75.4314 0.028947
0 4.1025 247.8418 8.2051 93.2682 0.003971
0 629.1248 15.2873 21.7104 30.5747 0.003474
0 623.6659 24.9708 32.6683 49.9416 0.001807
0 632.5226 26.6646 14.9548 53.3293 0.001421
0 1.8445 232.3444 3.6890 72.3456 0.001205
0 607.4384 27.1814 65.1232 54.3628 0.000879
0 586.5608 3.1689 26.4474 6.3172 0.000778
0 12.8811 250.2240 12.3702 90.2764 0.000549
0 1.3434 220.1652 2.6868 49.6669 0.000486
0 592.9686 4.9166 42.2971 9.8333 0.000428
0 636.2578 24.6270 7.4845 49.2540 0.000410
0 530.9102 243.7130 18.6256 37.3141 0.000319
0 6.5856 253.6662 13.1711 107.5323 0.000299
0 626.8174 7.4542 25.3916 14.9085 0.000249
0 611.1346 12.6645 57.7307 25.3290 0.000162
0 583.3651 7.1425 33.6313 14.2849 0.000145
