0 492.7981 147.3785 20.0458 49.3727 0.862302
0 477.9880 375.3877 20.3713 54.8361 0.860075
0 410.2961 359.3746 28.5735 45.3849 0.840803
0 21.3529 20.7380 42.7059 41.4760 0.136107
0 9.2234 20.8771 18.4469 41.7541 0.001405
0 20.3995 6.5357 40.7990 13.0714 0.000636
0 4.5676 21.7138 9.1353 43.4276 0.000500
0 402.6377 359.4236 13.5713 44.7767 0.000442
0 9.5952 6.7941 19.1904 13.5698 0.000353
0 570.8054 7.8439 21.3948 15.6879 0.000294
0 2.9117 32.8678 5.8235 44.5712 0.000177
0 159.8038 336.3489 319.6076 351.3022 0.000176
0 6.4696 13.1613 12.8628 26.3227 0.000175
0 5.7352 38.7442 11.4705 45.3910 0.000122
0 579.4026 6.7164 35.7931 13.4329 0.000114
