0 477.8883 373.5749 20.2441 55.0575 0.850758
0 472.0462 133.2408 19.1527 46.5820 0.827509
0 410.4279 357.9059 28.8389 44.9734 0.817833
0 20.7090 20.3522 41.4181 40.7044 0.174406
0 9.3510 20.5010 18.7020 41.0021 0.001553
0 20.0919 6.9620 40.1839 13.9240 0.000809
0 4.4908 21.3526 8.9816 42.7051 0.000531
0 11.8582 10.6325 23.7165 21.2650 0.000363
0 575.2179 8.1036 29.3394 16.2072 0.000309
0 175.7573 336.5855 351.5146 350.8290 0.000292
0 402.5040 357.9877 13.3741 44.3181 0.000274
0 6.2210 10.1544 12.3523 20.3088 0.000262
0 3.0940 32.8139 6.1881 43.6917 0.000158
0 585.2193 9.7233 48.1342 19.2945 0.000150
0 569.5847 6.3344 19.2317 12.6113 0.000114
0 6.0484 38.0973 12.0967 46.6251 0.000109
