0 181.0470 298.8302 31.7289 32.3341 0.836128
0 183.8652 213.7210 22.2480 34.0161 0.800287
0 538.8230 8.4042 19.9814 16.8025 0.597561
0 633.9849 175.0580 12.0303 27.3738 0.067731
0 634.5707 162.6873 10.8586 50.5547 0.018204
0 613.2612 176.5402 53.4777 32.5228 0.003359
0 636.0793 185.4777 7.8413 44.8477 0.003339
0 595.1083 180.9196 17.5793 15.9619 0.001906
0 547.1764 8.7179 39.1685 17.0036 0.001655
0 331.1992 269.6720 29.7704 29.1760 0.001425
0 613.9038 161.2620 52.1923 58.3806 0.001165
0 526.1451 410.8045 33.5024 31.8409 0.000885
0 637.1567 153.2241 5.6866 66.6655 0.000540
0 532.0626 8.2086 28.7329 16.4172 0.000226
0 632.8619 190.7205 14.1809 46.7812 0.000156
0 178.2644 207.5525 11.2291 21.3465 0.000118
0 597.5829 175.9145 22.3652 26.3850 0.000106
