0 174.9472 435.4856 66.5923 153.0289 0.865158
0 3.2459 355.5745 6.4918 59.0912 0.009348
0 4.8241 366.4572 9.6482 62.8209 0.001725
0 271.4357 249.4200 31.5268 104.1184 0.001129
0 88.7288 16.0556 26.8422 32.0275 0.000468
0 9.5308 351.1245 19.0616 62.5051 0.000442
0 1.8636 343.3480 3.6921 66.1478 0.000169
0 422.9384 434.1253 22.2911 24.5809 0.000168
0 5.9405 368.0118 11.8810 104.0480 0.000168
0 616.5428 279.1240 27.5750 35.4797 0.000164
0 629.5337 160.0196 20.1299 53.6001 0.000156
0 147.7717 508.2703 40.4595 7.4595 0.000151
0 462.2452 326.3559 21.1473 15.4213 0.000121
0 556.9043 508.6756 24.0886 6.6487 0.000108
0 3.3519 175.3342 6.7037 57.2990 0.000101
