0 207.9080 235.1335 33.7155 66.9378 0.784406
0 628.4065 464.1323 19.8948 25.5288 0.225568
0 34.4512 479.7000 51.2967 64.6000 0.043868
0 81.5946 142.8826 18.8921 19.0189 0.006975
0 3.4698 281.6769 6.9395 52.5901 0.004334
0 427.8832 172.8174 24.3684 60.8690 0.001202
0 4.2414 300.8922 8.4828 77.7732 0.001096
0 4.3627 264.2322 8.7254 84.4878 0.001001
0 3.7376 50.7073 7.4752 42.4236 0.000975
0 31.3508 500.9619 61.8525 22.0763 0.000699
0 48.2337 93.9217 19.8779 30.2679 0.000548
0 173.5107 508.1039 25.4215 7.7921 0.000544
0 1.7999 54.2381 3.5997 54.9059 0.000466
0 401.3688 497.0251 39.0852 29.9497 0.000391
0 176.6219 505.7593 31.0190 12.4814 0.000362
0 216.0561 501.5317 20.9548 20.9366 0.000301
0 34.4768 505.8878 51.4486 12.2244 0.000285
0 166.4409 505.0833 35.5833 13.8334 0.000275
0 635.9705 107.0920 8.0366 58.8493 0.000254
0 180.4951 501.4600 35.0781 20.9993 0.000233
0 158.0368 3.1120 30.1848 6.1971 0.000212
0 630.1457 92.8462 19.0201 27.8407 0.000210
0 242.8873 508.4586 20.5471 7.0828 0.000187
0 5.8904 286.9281 11.5560 48.0007 0.000186
0 188.7230 498.4058 21.6746 27.1885 0.000185
0 637.1013 293.5510 5.7974 62.3230 0.000167
0 213.2353 506.2562 21.3459 11.4877 0.000165
0 638.0434 229.0314 3.9132 34.6404 0.000164
0 3.2877 334.2268 6.5755 41.1007 0.000156
0 631.5396 108.0130 16.8207 59.5168 0.000156
0 87.0984 508.5938 27.8164 6.8123 0.000155
0 503.0455 7.4687 27.7327 14.9374 0.000131
0 1.6913 150.5261 3.3801 51.9635 0.000117
0 195.7834 502.9945 24.9494 17.9692 0.000114
0 638.1903 329.8022 3.6194 39.4371 0.000105
0 5.1808 310.1169 10.3616 129.7839 0.000104
