0 273.1919 208.3434 22.5602 50.0005 0.798202
0 176.5155 503.8607 27.0643 16.2786 0.015378
0 637.3836 346.5309 5.2328 71.4874 0.012894
0 492.7029 92.2691 37.5279 66.0250 0.004416
0 12.4537 418.9731 24.9073 72.7483 0.002686
0 637.6130 325.6457 4.7739 67.8804 0.002105
0 637.3282 232.4085 5.3435 48.2653 0.001371
0 637.0482 250.2684 5.9037 52.4483 0.001265
0 385.7707 109.6102 28.9680 31.0575 0.001093
0 635.5959 317.2462 8.5514 80.7881 0.000733
0 186.9547 505.3445 45.3578 13.3110 0.000666
0 163.3833 502.9526 52.1215 18.0948 0.000509
0 167.0148 506.4869 38.0776 11.0261 0.000453
0 137.6326 501.4058 36.2113 21.1885 0.000403
0 637.1818 411.2017 5.6364 52.0998 0.000373
0 636.2644 349.8978 7.4711 113.3737 0.000351
0 627.2773 137.6843 24.7322 36.8510 0.000334
0 131.6688 505.5420 38.2579 12.9160 0.000222
0 631.1964 121.2402 17.4006 59.8146 0.000220
0 631.8124 353.0903 15.8066 76.8357 0.000200
0 401.7580 103.9633 61.8565 66.2074 0.000195
0 630.6465 503.0087 18.7070 17.9825 0.000180
0 622.3754 173.6513 34.3601 105.3251 0.000170
0 635.5929 400.7538 8.5720 29.6603 0.000166
0 11.0049 448.2960 22.0098 127.4080 0.000157
0 142.6846 506.0362 25.0259 11.9276 0.000157
0 626.1385 21.6608 27.7229 43.3217 0.000144
0 474.3170 474.1014 47.6381 67.0238 0.000140
0 455.9217 94.7983 29.7754 59.0053 0.000132
0 637.4582 397.3244 5.0836 33.7700 0.000130
0 630.8854 146.7324 17.9529 58.6357 0.000124
0 636.6049 123.3173 6.7422 60.0109 0.000113
0 5.2825 417.3442 10.5650 71.3211 0.000109
