0 374.4362 336.7811 48.3763 71.3469 0.877891
0 384.9332 284.1734 33.4727 69.1362 0.811328
0 11.7769 328.4233 23.5537 109.7759 0.785816
0 424.4869 476.3832 32.5900 71.2336 0.095027
0 4.0760 362.9887 8.1520 56.9080 0.004346
0 609.9595 340.0082 26.4490 71.1642 0.003263
0 6.5465 374.2010 13.0930 67.3636 0.001890
0 7.7376 352.5211 15.4751 56.7101 0.001636
0 116.0196 352.3858 31.6638 53.0804 0.001121
0 627.5947 297.4092 24.5332 64.3943 0.000673
0 329.7996 501.8094 44.2391 20.3813 0.000633
0 5.3546 337.3493 10.7093 79.0939 0.000537
0 427.1200 495.0734 33.1929 33.7667 0.000401
0 637.0413 342.6277 5.9174 80.6932 0.000395
0 86.3545 506.9070 42.0149 10.1861 0.000376
0 75.0574 507.9234 30.2091 8.1531 0.000358
0 420.9042 507.4178 26.4996 9.1644 0.000320
0 636.0327 297.5639 7.9346 63.2737 0.000316
0 552.9823 506.2277 23.1058 11.5433 0.000277
0 633.9570 285.5148 11.9819 55.8868 0.000277
0 501.3608 501.2535 34.0997 21.1808 0.000270
0 637.3975 369.7953 5.2051 91.9451 0.000260
0 634.8458 329.7101 10.2532 83.6882 0.000246
0 369.9991 504.1599 26.3398 15.6317 0.000211
0 626.5305 268.7632 26.9391 106.1544 0.000190
0 618.2086 346.9693 40.6705 93.3887 0.000184
0 635.1406 364.2480 9.7150 95.6282 0.000175
0 3.4805 387.0099 6.9610 86.3616 0.000170
0 637.5958 316.7177 4.8083 85.8929 0.000159
0 547.3406 508.0854 23.8177 7.8292 0.000147
0 417.7447 502.3706 31.8461 19.1846 0.000145
0 7.6088 469.5472 15.2176 84.5261 0.000142
0 339.2271 504.1603 32.9026 15.6794 0.000135
0 627.2468 362.5149 25.4248 120.5026 0.000130
0 560.6074 506.8519 27.0840 10.2446 0.000125
0 2.4075 439.2216 4.8149 67.6100 0.000121
0 6.2903 447.0475 12.5806 68.4171 0.000119
0 2.2580 289.5015 4.5160 31.6378 0.000117
0 458.1060 487.9962 26.9413 47.3918 0.000117
0 492.2658 503.9212 26.4122 16.1304 0.000115
0 294.3257 3.9681 20.3091 7.8715 0.000109
0 558.0950 503.0601 26.1058 17.0644 0.000106
0 527.6106 508.6349 26.8943 6.7302 0.000103
0 2.4036 192.2362 4.8073 62.0391 0.000102
