0 146.0740 342.1891 46.3466 116.0796 0.847881
0 601.2966 280.4333 42.4031 97.5046 0.837387
0 334.1413 295.4631 32.4413 64.8729 0.770873
0 17.4542 499.4174 34.9083 25.1653 0.005321
0 6.7276 499.8559 13.4553 24.2881 0.004515
0 240.2609 257.5210 21.6084 33.6055 0.004296
0 236.9780 506.2051 23.2549 11.5897 0.003877
0 3.7694 495.9954 7.5387 32.0093 0.003771
0 626.2652 216.3092 27.4684 80.6926 0.003767
0 10.7639 504.4099 21.5277 15.1803 0.002448
0 64.3615 498.3849 28.4293 27.2301 0.001978
0 26.4197 501.6435 17.4680 20.3979 0.001287
0 5.6240 489.2179 11.2479 45.5641 0.001281
0 11.8574 488.8534 23.7148 46.2933 0.001216
0 83.8885 469.3487 49.1175 85.3007 0.001194
0 246.9731 506.4874 37.9088 11.0252 0.001068
0 634.5076 213.7986 10.9848 79.8113 0.000846
0 2.9952 483.9059 5.9903 56.1882 0.000629
0 68.0456 506.3459 26.2784 11.3082 0.000609
0 228.1250 503.3206 40.9938 17.3588 0.000599
0 567.8257 501.7816 33.9277 20.3823 0.000581
0 133.4834 496.9086 44.4473 30.1827 0.000568
0 235.4903 501.1890 21.2662 21.1246 0.000496
0 128.5518 485.9038 40.7543 52.1920 0.000481
0 501.1334 498.4262 46.2748 27.1476 0.000437
0 622.4934 239.5479 35.0132 130.1112 0.000436
0 271.1761 506.9482 28.7083 10.1035 0.000417
0 316.9655 487.1002 33.8484 49.7540 0.000345
0 598.0914 498.9324 39.7889 25.5198 0.000311
0 573.1542 505.3314 25.4722 13.3372 0.000307
0 34.2339 501.0226 32.8834 21.9547 0.000305
0 75.3821 501.1714 36.0163 21.6573 0.000304
0 635.9921 500.9753 8.0159 22.0495 0.000263
0 243.8439 499.7528 33.5927 24.4943 0.000251
0 339.8314 309.1451 21.3508 35.5510 0.000238
0 578.5469 500.5406 37.9863 22.6225 0.000220
0 557.9054 503.9804 35.2644 16.0392 0.000220
0 207.6828 502.7644 34.7565 18.4712 0.000207
0 546.4509 505.4576 25.9349 13.0242 0.000206
0 604.4163 233.7860 17.1354 20.7734 0.000206
0 172.6470 441.0854 16.7684 20.9104 0.000194
0 637.6436 193.6352 4.7128 42.3201 0.000185
0 611.2859 499.5158 36.2520 23.9611 0.000164
0 616.2332 208.2987 47.1484 82.2917 0.000159
0 332.5617 252.1470 40.8831 73.8335 0.000158
0 284.3965 506.4809 35.9214 11.0381 0.000155
0 628.8270 503.9774 22.3461 16.0452 0.000154
0 636.4514 471.0172 6.9905 65.9537 0.000148
0 253.6862 503.6324 50.4905 16.7351 0.000147
0 636.9731 490.6539 6.0503 42.5598 0.000145
0 64.7491 484.1579 23.8481 55.6842 0.000142
0 79.0941 506.1791 36.1053 11.6417 0.000138
0 202.4645 505.6246 27.8231 12.7507 0.000138
0 499.0679 504.0716 38.9729 15.8568 0.000125
0 609.4474 506.8268 29.2932 10.2668 0.000124
0 612.7205 222.0467 32.5007 49.3195 0.000120
0 218.2680 499.1532 53.9658 25.6937 0.000118
0 637.6811 288.6291 4.6378 51.9336 0.000112
0 629.3814 492.8572 21.0066 38.2126 0.000111
0 632.2512 472.1003 15.3367 68.7126 0.000104
0 4.8547 468.6451 9.7094 86.7099 0.000102
0 154.3637 370.8616 31.1186 57.9794 0.000102
0 51.9703 496.6107 46.8746 30.7786 0.000101
