0 254.4561 264.2820 45.8536 108.5577 0.853908
0 326.0454 297.1263 29.1233 92.3619 0.785802
0 347.3448 257.5082 28.7629 42.4714 0.697100
0 626.5389 329.2604 23.7070 62.5524 0.017753
0 257.8480 227.9441 42.2433 35.8076 0.011722
0 6.9851 211.8988 13.9701 72.2624 0.007260
0 2.8577 321.7979 5.7154 72.5414 0.002592
0 3.4612 224.6087 6.9225 96.8318 0.002221
0 11.8622 321.0883 23.4669 85.0735 0.001915
0 6.3345 188.3034 11.5456 25.9412 0.001494
0 5.4186 321.3964 10.7696 82.2594 0.001388
0 636.5441 433.6107 6.9119 84.0053 0.000953
0 376.4868 504.7295 28.3732 14.5410 0.000701
0 330.6544 499.6807 29.0711 24.0537 0.000660
0 637.3423 416.5026 5.3155 55.9939 0.000589
0 5.7544 166.0829 11.4558 62.4716 0.000469
0 622.9373 346.4651 31.2778 98.0530 0.000463
0 637.7797 330.5458 4.4406 59.4441 0.000433
0 635.2254 410.4314 9.5376 55.7769 0.000401
0 636.5997 478.2683 6.8005 67.4634 0.000369
0 633.9043 451.8545 12.1915 120.2911 0.000355
0 9.1175 232.3072 18.2205 115.9152 0.000215
0 365.4861 505.5143 38.7905 12.9713 0.000213
0 632.8105 335.0303 14.3789 71.6700 0.000208
0 212.7516 3.7966 26.0467 7.5428 0.000205
0 633.6458 482.9202 12.7086 58.1595 0.000179
0 1.6997 264.2387 3.3994 88.1068 0.000162
0 521.6850 500.1718 29.9476 23.5670 0.000157
0 511.0836 503.0498 27.0966 17.9005 0.000147
0 631.6981 432.4835 16.3922 76.4265 0.000145
0 555.8530 489.2456 34.2048 45.5089 0.000126
0 381.8237 435.4438 41.4320 54.5075 0.000122
0 627.2684 454.6765 25.4631 114.6470 0.000118
0 526.3803 506.2052 27.3063 11.5897 0.000117
0 22.2354 14.7375 25.3559 29.4224 0.000113
0 632.5529 499.3780 14.8943 25.2440 0.000106
0 274.3313 505.7033 27.5059 12.5933 0.000106
0 252.1151 294.6722 37.8926 45.3708 0.000105
