0 185.5046 312.5128 54.8484 163.8727 0.890828
0 258.3201 263.8922 17.3929 67.4887 0.793012
0 318.0029 296.3077 18.5892 38.8074 0.723024
0 380.8572 292.2935 27.5005 58.7023 0.047588
0 635.9952 343.9402 8.0096 64.8993 0.045491
0 25.2241 249.8693 21.5721 51.2827 0.002894
0 298.8165 251.4506 18.0261 57.7805 0.001606
0 637.6095 360.7824 4.7811 100.9215 0.001604
0 634.9485 362.6954 9.9608 104.3914 0.001352
0 632.1333 343.4478 15.1648 64.0443 0.000959
0 626.7919 346.9509 24.1648 83.4009 0.000445
0 633.0550 380.3010 13.8900 149.7630 0.000354
0 367.8399 396.8864 18.8695 21.3987 0.000347
0 18.3811 259.1691 33.4358 67.3597 0.000258
0 2.4234 316.6196 4.8467 65.7528 0.000236
0 2.4940 217.0419 4.9880 60.2421 0.000196
0 567.5117 504.7945 32.6958 14.4110 0.000179
0 4.9289 318.1716 9.8579 70.6140 0.000120
0 636.6693 321.6841 6.6613 73.0463 0.000117
0 348.8409 502.7643 31.3486 18.4715 0.000110
