0 317.4512 246.2366 39.4441 102.8187 0.270597
0 284.2890 183.4843 36.2968 80.6865 0.075127
0 284.4888 164.4766 31.9214 42.2960 0.013550
0 630.5667 489.1733 18.8666 45.6533 0.008632
0 351.1785 504.3525 38.6537 15.2949 0.001561
0 316.8414 211.9141 33.1722 33.3409 0.001087
0 403.8230 270.4471 18.4083 30.4975 0.000807
0 628.1661 184.6440 23.5210 41.7928 0.000420
0 294.4429 172.8431 20.3716 56.6254 0.000248
0 422.9393 509.1019 26.8303 5.7962 0.000178
0 362.1540 506.4061 44.4003 11.1879 0.000125
0 634.8062 485.5231 10.3876 48.1830 0.000121
0 494.0706 507.1585 26.9753 9.6830 0.000105
