0 245.1160 218.2612 25.5963 106.1089 0.824830
0 317.4763 297.9637 47.1052 57.8484 0.003309
0 6.4156 202.7664 12.8311 63.8475 0.002563
0 10.1060 190.8348 20.2120 67.2290 0.000798
0 2.4445 211.7896 4.8890 68.4563 0.000494
0 1.6617 76.6443 3.3234 52.6983 0.000424
0 7.7441 401.0752 15.4882 71.0438 0.000421
0 4.0383 433.1889 8.0767 56.6991 0.000368
0 4.1190 190.2866 8.2380 74.2399 0.000334
0 16.3908 391.2683 32.7816 51.7269 0.000328
0 16.3616 358.7183 32.7232 119.9751 0.000277
0 6.2906 384.8348 12.5813 55.2332 0.000232
0 3.0983 387.6193 6.1965 55.3199 0.000229
0 7.2682 214.8598 14.5364 119.4093 0.000193
0 9.0556 216.7171 18.1111 66.0511 0.000187
0 1.7031 308.5681 3.4062 66.6476 0.000176
0 1.7263 232.5235 3.4526 89.4015 0.000134
0 10.1788 497.3429 20.3576 29.3141 0.000122
0 3.2774 336.7083 6.5549 83.2042 0.000111
0 5.2194 225.0287 10.4056 83.3885 0.000110
0 10.3968 5.9063 20.7937 11.8126 0.000102
0 638.2737 344.7698 3.4525 51.6796 0.000101
