0 336.4279 215.7045 34.9496 77.6625 0.813879
0 515.8108 495.5521 37.0711 32.8958 0.033074
0 520.9442 212.0119 25.5284 55.9537 0.021573
0 332.3770 184.0756 20.9703 40.2806 0.018751
0 623.7217 191.9493 17.5042 34.5378 0.009629
0 637.5345 190.2943 4.9308 40.4156 0.003072
0 403.7010 499.3144 43.8169 25.3712 0.002970
0 463.9042 499.7163 32.4432 24.5674 0.001502
0 390.3300 483.1815 32.3488 57.6370 0.001089
0 451.7588 495.6829 50.9583 32.6343 0.001078
0 635.2421 193.2462 9.5158 37.9210 0.001012
0 397.7927 505.0354 31.3075 13.9292 0.000875
0 504.3301 495.9369 27.4557 31.9147 0.000860
0 285.4932 293.8857 32.8621 64.1392 0.000824
0 217.0274 304.1408 30.4190 63.2203 0.000552
0 391.3666 500.6039 33.7833 22.7923 0.000516
0 633.0856 202.4331 13.8288 50.4460 0.000505
0 637.7451 170.5833 4.5098 63.1179 0.000485
0 406.3153 485.4815 41.1616 53.0370 0.000464
0 637.6766 205.0152 4.6467 51.2929 0.000413
0 470.8551 490.6161 28.0477 42.6611 0.000405
0 208.1603 215.1479 27.8983 42.4797 0.000381
0 132.1827 499.0276 44.6583 25.9447 0.000348
0 336.7877 235.9999 36.4795 40.6879 0.000345
0 479.1205 498.7372 46.8696 26.5256 0.000332
0 6.6032 112.2787 13.2065 55.5815 0.000325
0 136.0835 505.5476 36.9969 12.9048 0.000297
0 411.8729 503.5001 40.6583 16.9999 0.000260
0 415.8278 494.2174 34.2872 35.4368 0.000259
0 565.8134 506.6902 27.4056 10.6196 0.000254
0 471.4222 504.0612 35.3301 15.8776 0.000251
0 284.2708 307.5763 30.1555 33.7706 0.000248
0 523.6022 504.0864 33.2122 15.8273 0.000203
0 497.9487 493.5213 74.4052 36.6924 0.000196
0 527.8676 497.9691 42.8109 28.0193 0.000195
0 628.5564 214.1974 22.7598 54.8876 0.000178
0 638.1491 152.8608 3.7018 54.9625 0.000177
0 584.5356 507.4964 36.0880 9.0072 0.000169
0 7.1077 314.2143 14.2154 35.9785 0.000168
0 452.1365 503.1051 44.3043 17.7898 0.000167
0 6.8913 293.1721 13.7825 55.8672 0.000166
0 173.4020 508.6099 23.4470 6.7803 0.000154
0 635.2960 175.7901 9.4080 62.7501 0.000153
0 203.3795 508.7726 22.2101 6.4548 0.000150
0 431.8093 496.4677 44.0577 31.0645 0.000148
0 8.1375 15.1440 16.2751 30.2880 0.000148
0 557.6163 505.7756 25.7334 12.4488 0.000146
0 252.0211 4.5809 24.7915 9.1617 0.000142
0 424.2699 503.9475 38.0084 16.1050 0.000131
0 6.9059 341.0642 13.8118 90.2726 0.000115
0 211.1799 508.0988 24.3918 7.8024 0.000111
0 4.2961 20.5967 8.5923 41.1933 0.000109
0 494.9719 502.9230 30.7698 18.1540 0.000105
0 5.6592 506.6381 11.3183 10.7238 0.000103
0 483.7862 504.9669 36.1958 14.0661 0.000103
