0 295.7359 253.4849 47.6643 102.9330 0.862704
0 283.7072 203.0266 29.1609 42.1871 0.735986
0 629.6372 358.5519 20.7178 55.7415 0.000449
0 514.8845 508.9451 24.3046 6.1097 0.000428
0 11.4767 95.9134 22.9534 81.4729 0.000414
0 284.8522 214.2254 28.7928 23.3297 0.000304
0 637.8248 353.0103 4.3503 44.2634 0.000250
0 522.7433 508.2486 30.4011 7.5029 0.000208
0 634.4655 362.7663 11.0176 63.1375 0.000202
0 637.2407 369.0807 5.5187 75.5702 0.000196
0 4.7150 94.6833 9.4300 80.1028 0.000137
0 637.1041 236.9246 5.7917 42.6560 0.000126
0 284.0526 229.1707 29.2673 75.4019 0.000101
