0 164.6073 222.3882 35.8719 75.4683 0.808990
0 233.6763 222.3916 41.8002 85.8543 0.807650
0 550.1631 331.9707 15.4526 14.9140 0.015161
0 490.7782 504.7982 29.6632 14.4036 0.000428
0 627.7382 489.6472 23.7852 44.7057 0.000340
0 244.6309 96.3374 31.7564 36.3216 0.000321
0 3.0654 447.4105 6.1307 74.9008 0.000254
0 634.0398 484.1968 11.9204 55.6063 0.000243
0 556.8961 336.2169 29.1169 24.7659 0.000239
0 7.8079 375.4668 15.6159 87.1476 0.000220
0 623.7344 498.9327 24.6399 26.0229 0.000215
0 2.7099 469.5114 5.4198 62.9197 0.000200
0 458.3308 3.1714 26.4713 6.2699 0.000169
0 3.8766 373.7189 7.7531 87.2684 0.000149
0 3.6478 422.2549 7.2955 75.8208 0.000143
0 285.9832 93.9476 10.1857 15.6304 0.000139
0 6.4496 504.8516 12.8992 14.2968 0.000119
0 5.6172 470.7832 11.2345 67.1440 0.000119
0 109.9722 508.4128 23.6418 7.1745 0.000118
0 6.5527 416.1068 13.1054 84.5847 0.000110
0 555.2157 361.2432 28.9890 76.3903 0.000105
