0 365.9531 286.5746 35.9774 166.0911 0.810003
0 46.5418 284.9027 34.5380 67.3878 0.777491
0 390.4933 322.5669 69.4380 96.0712 0.020484
0 596.7824 239.8192 23.1230 60.3129 0.004544
0 2.4976 285.5151 4.9951 72.9565 0.004378
0 537.3890 248.1751 37.8192 57.0251 0.003885
0 6.5512 247.9440 13.1024 75.7789 0.003723
0 2.9767 253.1172 5.9534 84.2969 0.002896
0 4.0369 274.5378 8.0313 65.1524 0.000901
0 416.4255 316.6870 73.0986 84.4821 0.000527
0 4.7968 230.5174 9.5935 41.2421 0.000315
0 5.0642 193.0818 10.1284 91.9181 0.000274
0 4.7801 282.6657 9.5602 130.6805 0.000264
0 3.6107 221.9970 7.2214 25.8719 0.000261
0 7.2128 282.3296 13.8908 70.9005 0.000182
0 10.4259 257.9538 20.8325 97.0244 0.000162
0 2.2432 183.8108 4.4864 64.9877 0.000159
0 3.0999 209.3558 6.1998 52.6353 0.000136
0 1.8955 338.4612 3.7910 71.8262 0.000109
