0 181.4629 240.6680 52.9268 129.4860 0.864892
0 404.8007 253.8667 30.2457 92.2697 0.755095
0 232.9689 155.7468 32.9679 48.3589 0.743327
0 210.9846 507.7607 30.7567 8.4786 0.001115
0 180.3695 14.2385 23.1495 27.8458 0.001049
0 550.3943 210.5832 24.4158 43.4376 0.000285
0 220.1768 506.5246 44.2811 10.9508 0.000265
0 169.2822 14.2855 45.3158 28.4961 0.000222
0 632.5519 122.9624 14.8962 62.9912 0.000209
0 207.6722 505.2025 38.8752 13.4598 0.000150
0 636.2383 123.7532 7.5234 61.6811 0.000147
0 637.7113 105.7485 4.5775 62.7307 0.000121
