0 162.9923 239.5904 57.0797 129.6386 0.875128
0 412.1589 264.6630 31.5780 97.8613 0.818243
0 219.6769 155.5728 22.7108 46.0870 0.712504
0 197.1693 506.2771 33.2264 11.4459 0.000829
0 536.1427 211.8195 20.9883 48.4883 0.000334
0 636.9316 345.5307 6.1367 65.8597 0.000257
0 3.1917 368.3239 6.3835 109.9806 0.000247
0 4.6478 353.4753 9.2957 154.7507 0.000199
0 210.8009 506.5182 49.4815 10.9635 0.000192
0 636.9096 378.7090 6.1808 70.6371 0.000172
0 2.4009 289.0196 4.7814 110.0630 0.000153
0 2.7549 322.4158 5.5099 102.6975 0.000140
0 634.3190 340.5913 11.2224 57.1096 0.000136
0 183.1507 506.8951 42.7257 10.2098 0.000120
