0 197.4019 234.4628 45.1679 140.8340 0.842611
0 461.6294 297.5504 47.1664 56.8284 0.825167
0 7.4948 329.9116 14.9895 106.7899 0.033422
0 8.5575 363.7512 17.1150 187.8963 0.005156
0 8.5790 289.9540 17.1579 195.5787 0.001119
0 66.5642 13.2137 26.3247 26.4273 0.000724
0 5.8148 289.7267 11.6296 73.3763 0.000564
0 6.2842 393.4401 12.5684 115.7863 0.000562
0 3.2213 389.9702 6.4427 115.8289 0.000379
0 561.4518 213.3609 42.2262 67.0923 0.000361
0 19.6311 363.4071 39.2623 183.2487 0.000295
0 250.4687 153.8664 27.2655 49.6731 0.000220
0 298.0020 501.1568 50.9394 21.6864 0.000193
0 294.9942 506.8266 40.8842 10.3468 0.000183
0 571.6630 214.6055 22.0188 51.7474 0.000173
0 285.6060 507.9313 34.4208 8.1373 0.000170
0 3.6713 269.4774 7.3427 104.4282 0.000167
0 3.7360 358.6379 7.4720 95.5340 0.000144
0 77.5352 260.3708 42.0911 122.7613 0.000125
0 14.7665 39.8096 29.5330 79.6193 0.000124
0 13.5541 21.5952 27.1081 43.1905 0.000103
