0 221.7789 261.7957 53.7472 104.1605 0.852297
0 429.9188 257.0962 33.0375 93.9816 0.802325
0 296.8022 192.3920 31.1313 37.6579 0.003971
0 297.9431 508.9419 25.0012 6.1163 0.000831
0 17.3913 289.4387 34.5776 178.7375 0.000487
0 1.5746 33.5125 3.1492 57.3585 0.000446
0 636.6336 343.0858 6.7328 70.5452 0.000431
0 311.9894 498.6418 41.2866 26.6881 0.000372
0 308.5305 507.3749 33.3516 9.2502 0.000335
0 9.8813 274.4995 19.7626 185.8103 0.000193
0 289.9675 507.3099 34.6650 9.3802 0.000170
0 595.6823 208.9911 24.0115 46.7310 0.000169
0 298.8596 504.5814 34.5090 14.8372 0.000143
0 6.4725 325.8801 12.9450 60.9056 0.000124
0 7.3839 296.5724 14.7679 73.0519 0.000113
0 204.8710 246.3590 24.0699 58.6663 0.000111
0 2.7085 24.9932 5.4170 49.9864 0.000109
0 361.2759 507.1328 28.7631 9.7345 0.000103
