0 401.3941 250.1364 57.7003 181.4570 0.872615
0 475.1199 241.9979 46.4116 127.0649 0.861104
0 495.1157 211.2545 25.2345 95.3934 0.029413
0 494.5446 175.5639 23.8656 23.2571 0.007654
0 64.4056 6.1786 27.7980 12.3573 0.003223
0 516.9451 7.9574 23.8612 15.9148 0.002153
0 65.2283 10.3822 38.7484 20.7474 0.000891
0 528.7812 7.9835 45.7872 15.9574 0.000888
0 623.5896 201.1420 32.7883 54.0650 0.000273
0 332.5460 245.4525 37.2422 61.0561 0.000269
0 75.1660 4.7961 38.4683 9.5903 0.000255
0 54.9609 5.1724 31.5571 10.3337 0.000253
0 196.1890 23.4245 19.0099 46.8323 0.000190
0 77.1222 8.2566 48.0201 16.5131 0.000177
0 404.8670 316.4883 35.1577 49.1526 0.000146
0 495.9171 189.1129 28.0211 50.1291 0.000141
0 223.2789 2.4203 20.8242 4.8007 0.000122
0 562.7847 507.3034 29.2130 9.3932 0.000110
