0 280.8120 218.8641 80.5194 173.2459 0.883441
0 455.7286 254.6565 66.2140 208.7323 0.857334
0 599.8081 351.9006 30.1675 81.6964 0.041908
0 434.7880 6.5859 21.3812 13.1719 0.004066
0 7.4770 407.3615 14.9540 41.1532 0.001702
0 303.4350 186.0180 36.3851 106.7241 0.001643
0 50.7044 340.4376 29.5681 81.0203 0.001230
0 424.9108 5.5064 36.7094 10.9975 0.001080
0 441.1928 4.7906 30.0369 9.5812 0.001028
0 631.0336 337.8517 17.8102 64.1644 0.000629
0 217.0841 6.2136 29.5970 12.4272 0.000618
0 456.0629 306.9237 65.0416 98.5219 0.000598
0 247.0830 198.1649 14.4495 67.6678 0.000564
0 60.0531 504.6275 35.8626 14.7450 0.000462
0 587.8838 359.7647 50.4365 97.9959 0.000408
0 72.4407 508.3575 37.1160 7.2849 0.000333
0 7.6443 388.8071 15.2886 54.0625 0.000313
0 10.4143 509.4983 20.8285 5.0034 0.000304
0 102.1579 499.4095 28.5224 25.1411 0.000277
0 54.3086 500.7538 48.4605 22.3234 0.000245
0 88.6917 508.0999 26.5048 7.8002 0.000244
0 6.3428 506.3104 12.6856 11.3792 0.000229
0 93.6747 504.6938 32.1828 14.6123 0.000226
0 206.4855 6.0681 35.3183 12.1362 0.000225
0 2.6476 302.3644 5.2953 50.2369 0.000212
0 226.2234 5.2641 33.9238 10.5281 0.000191
0 152.8552 509.3968 26.1712 5.2064 0.000170
0 2.2571 114.3298 4.5142 62.7121 0.000167
0 36.7132 508.5670 34.4665 6.8660 0.000157
0 446.6623 8.0769 41.2569 16.1538 0.000147
0 11.4513 422.7942 22.9027 52.9921 0.000137
0 3.4987 279.2947 6.9975 74.6385 0.000134
0 8.9129 501.8688 17.8258 20.2623 0.000132
0 144.8474 12.4015 35.5990 24.8029 0.000128
0 631.4803 496.5020 17.0393 30.9960 0.000124
0 115.6413 508.5150 27.2365 6.9699 0.000121
0 250.1860 507.0667 24.9698 9.8665 0.000121
0 5.0619 498.9901 10.0861 26.0197 0.000119
0 105.5422 504.8736 27.5557 14.2528 0.000118
0 430.2708 508.1743 40.1321 7.6515 0.000118
0 4.8027 236.8044 9.6055 80.7211 0.000111
0 638.1716 237.5406 3.6569 69.5600 0.000106
0 4.3022 116.0238 8.5435 65.3358 0.000105
0 9.0380 388.2047 18.0760 106.5164 0.000101
