0 461.3511 233.9791 61.8004 176.7509 0.802731
0 92.2422 496.6600 34.7776 30.6631 0.084880
0 563.5792 4.4757 20.2065 8.9515 0.025202
0 108.4581 52.7331 47.9494 79.0881 0.014454
0 96.0662 31.0268 23.5086 33.6922 0.010441
0 410.8522 202.4458 60.0280 139.5726 0.006519
0 559.2980 6.3365 26.8068 12.6730 0.006375
0 570.2382 5.4591 33.8912 10.9183 0.005816
0 107.2903 30.8808 45.7607 34.9512 0.001091
0 566.6490 9.7371 30.7634 19.4741 0.000505
0 76.0343 498.2252 56.2181 27.5496 0.000463
0 106.3307 30.4583 52.9546 60.9167 0.000437
0 398.5257 208.5073 36.2022 106.5660 0.000421
0 548.4799 5.4693 42.5530 10.9385 0.000279
0 153.7878 4.3757 36.8896 8.7497 0.000259
0 554.6547 10.1529 38.4808 20.3058 0.000213
0 446.6146 507.0580 26.0589 9.8840 0.000186
0 104.8174 18.9449 42.9449 37.8898 0.000141
0 542.9585 255.0684 43.1826 81.6904 0.000125
0 149.4085 507.6094 39.6322 8.7812 0.000120
0 2.4927 405.5769 4.9855 59.6986 0.000108
0 633.2603 68.7517 13.3632 48.4470 0.000106
0 149.0890 496.4655 41.9867 30.1027 0.000104
