0 267.4850 242.5263 58.1511 164.2116 0.871849
0 302.8182 191.3083 31.0933 98.7094 0.783034
0 12.6219 37.8885 25.2439 59.9516 0.109583
0 4.7674 492.0571 9.5349 39.8858 0.013748
0 6.1210 38.5182 12.2420 62.7760 0.012824
0 414.7834 16.1238 34.5426 32.1699 0.004800
0 11.9967 492.6646 23.9934 38.6708 0.002898
0 5.6204 18.8299 11.2025 31.9865 0.002452
0 11.5202 19.2863 22.9363 35.1368 0.002448
0 22.7406 496.5494 40.6218 30.8141 0.002269
0 37.0123 496.1519 37.6260 31.6002 0.001064
0 458.0212 103.3507 38.1885 39.1277 0.001053
0 13.5082 503.9649 27.0165 16.0702 0.001016
0 532.5985 3.4612 22.9572 6.8825 0.000719
0 584.0158 75.4231 24.0587 34.0021 0.000715
0 2.8294 482.7321 5.6589 45.4266 0.000662
0 29.8971 490.8864 59.7942 42.2271 0.000499
0 402.7745 13.0772 27.4786 26.1545 0.000435
0 3.0827 46.2963 6.1654 60.9644 0.000415
0 197.6073 3.9881 25.8490 7.9761 0.000325
0 426.5153 16.0855 33.6864 32.1710 0.000316
0 538.0685 4.7590 32.4283 9.5179 0.000287
0 63.5529 24.4233 25.4281 47.8953 0.000244
0 2.9386 440.9233 5.8772 63.7675 0.000206
0 630.3457 384.1053 19.2340 66.8221 0.000203
0 458.5727 138.3895 45.3481 111.5957 0.000181
0 43.6777 402.1458 31.7678 72.9523 0.000151
0 91.0423 501.3505 29.9611 21.1993 0.000148
0 49.9532 495.1863 25.5009 33.3330 0.000147
0 311.1743 4.1743 31.0330 8.3199 0.000144
0 65.1592 36.0676 23.8579 26.7068 0.000134
0 12.2545 64.1364 24.5091 118.5627 0.000134
0 4.4816 430.1799 8.9632 43.6956 0.000134
0 236.6975 8.3107 31.1874 16.6213 0.000126
0 540.7241 9.9624 37.9331 19.9248 0.000124
0 394.2447 13.8034 26.2206 27.6067 0.000117
0 60.9559 498.2091 38.4599 27.5818 0.000109
0 636.5761 386.7990 6.8478 60.5487 0.000107
0 84.2763 504.5640 30.8170 14.8720 0.000105
0 8.4719 54.8103 16.9437 67.6650 0.000104
0 20.6614 29.8111 41.3228 59.3852 0.000104
0 4.1305 472.1589 8.2611 63.0932 0.000103
