0 64.8412 422.3268 129.6824 178.5795 0.794539
0 4.4772 88.2850 8.9544 65.4950 0.010423
0 304.5663 243.2959 35.5854 80.3433 0.008979
0 9.9034 381.1996 19.8068 102.3572 0.007632
0 4.5166 66.9845 9.0332 35.6213 0.006224
0 14.6883 419.1423 29.3766 183.0488 0.003477
0 4.5820 378.8856 9.1640 102.9042 0.003411
0 5.3485 91.4243 10.6971 119.4474 0.002257
0 588.7930 505.4317 41.6853 13.1367 0.000977
0 3.7741 52.8114 7.5482 61.5736 0.000627
0 9.3515 58.4652 18.6459 48.1915 0.000506
0 112.1969 443.2130 53.9183 135.8899 0.000485
0 598.4471 507.6985 38.1804 8.6030 0.000363
0 6.9839 422.5713 13.9678 102.2614 0.000314
0 579.0716 502.1434 39.5406 19.6748 0.000306
0 2.2579 231.5855 4.5158 74.1188 0.000187
0 21.3294 374.2167 42.6148 160.2383 0.000138
0 10.0248 80.5665 20.0497 108.0728 0.000113
0 3.4224 402.0898 6.8448 102.9238 0.000112
0 23.2815 505.6281 38.6587 12.7437 0.000110
0 631.8231 485.6391 16.3521 51.7189 0.000101
