0 321.7052 244.2245 42.4749 67.9913 0.770952
0 465.1944 10.6287 29.4681 21.2575 0.003485
0 21.5975 62.3216 31.7811 36.2033 0.001534
0 607.8491 502.4537 47.3999 19.0925 0.000860
0 630.4987 181.5592 18.8333 34.5039 0.000666
0 636.9097 187.4037 6.1805 47.8235 0.000636
0 631.4545 168.0102 16.8618 45.0678 0.000534
0 636.0394 175.7047 7.7600 34.2729 0.000357
0 617.9326 505.5986 38.7827 12.8029 0.000329
0 91.6738 34.0877 28.0135 43.8572 0.000323
0 632.0345 197.7149 15.8350 68.9277 0.000282
0 157.5538 6.7849 21.2346 13.4423 0.000281
0 19.4288 79.1239 36.0444 82.0923 0.000277
0 455.9676 10.5351 25.1666 21.0702 0.000212
0 164.6667 5.6184 25.3060 11.2368 0.000165
0 476.9046 10.2856 42.3706 20.5712 0.000152
0 628.8849 181.7903 22.2302 91.2204 0.000151
0 636.0394 476.7935 7.9213 46.9012 0.000142
0 637.3566 164.0728 5.2869 51.2361 0.000123
0 2.8906 255.2033 5.7812 97.0374 0.000119
0 624.9484 507.4469 30.1033 9.1062 0.000115
