0 335.5189 231.6647 56.4106 87.8509 0.890907
0 16.3665 56.1618 27.9431 33.4550 0.038715
0 636.9590 186.2483 6.0819 70.6607 0.008483
0 2.8893 408.6872 5.7787 72.6565 0.006015
0 2.6042 433.4964 5.2084 71.1233 0.005975
0 637.5850 128.6215 4.8301 64.9948 0.005653
0 637.5901 167.6286 4.8198 56.8763 0.002100
0 3.7975 434.2941 7.5950 136.1843 0.001743
0 4.1023 389.2982 8.2046 101.0955 0.001498
0 637.4048 109.2119 5.1903 49.9648 0.001440
0 15.2463 65.3236 30.4926 61.1898 0.000649
0 636.2667 136.9949 7.4665 85.8545 0.000561
0 634.9943 499.0479 10.0114 25.9042 0.000468
0 7.8957 404.3575 15.7914 76.2745 0.000387
0 636.6754 478.5460 6.6492 62.1796 0.000381
0 5.0606 355.4529 10.1212 172.0020 0.000203
0 632.9781 476.5898 14.0436 70.5836 0.000199
0 6.9434 432.1010 13.8867 78.9155 0.000170
0 2.9272 182.4283 5.8543 58.6196 0.000166
0 635.7712 199.6425 8.4575 116.1348 0.000161
0 635.4379 279.2125 9.1243 74.2577 0.000150
0 2.6427 53.3083 5.2854 37.9822 0.000140
0 9.9663 373.0776 19.9327 154.8192 0.000128
0 637.3282 347.2336 5.3435 54.0050 0.000123
0 632.1290 191.8934 14.9309 83.1092 0.000112
0 11.8303 419.8076 23.6607 154.4171 0.000106
0 635.9287 102.3315 7.8955 53.4675 0.000104
