0 93.6428 271.8143 116.1154 304.6771 0.958595
0 509.6434 227.6457 45.1135 113.2680 0.875410
0 8.0723 43.7038 16.1446 59.8537 0.004655
0 22.7832 242.7076 45.1688 161.4109 0.002045
0 14.9573 215.5795 29.8406 107.6154 0.001005
0 36.3802 281.5185 72.7604 247.5692 0.000938
0 619.3983 481.4993 41.2035 61.0015 0.000337
0 9.2782 247.1808 18.5564 167.7411 0.000325
0 2.8425 270.7704 5.6851 90.1413 0.000294
0 8.2496 65.6072 16.4993 115.7023 0.000244
0 6.9015 216.4749 13.8030 107.8637 0.000236
0 30.0691 212.3062 49.2324 102.3195 0.000164
0 2.3504 174.5945 4.7007 66.5995 0.000139
0 638.0397 175.0561 3.9207 57.9578 0.000134
0 3.2316 226.2318 6.4633 93.6072 0.000133
0 2.4935 199.9425 4.9870 73.1674 0.000115
