0 423.1026 343.2786 85.0581 143.1257 0.914752
0 312.0127 313.5722 67.5903 171.0291 0.877059
0 337.5283 229.1123 21.5269 56.5163 0.594010
0 636.8239 374.8896 6.3522 73.3617 0.008418
0 635.0421 333.8909 9.8500 97.2526 0.001564
0 635.3323 397.9409 9.3355 131.3718 0.001458
0 338.0065 215.4451 19.5927 30.0508 0.001401
0 637.1221 350.4133 5.7559 79.6714 0.001145
0 637.3817 400.7259 5.2367 110.1817 0.000746
0 636.8803 319.6365 6.2394 86.2864 0.000364
0 294.8891 308.1495 34.2047 159.9932 0.000350
0 633.0859 375.5135 13.7595 75.3729 0.000339
0 629.8698 332.5813 19.7986 85.5121 0.000337
0 2.3517 170.6028 4.7035 53.3990 0.000311
0 630.3545 395.8622 19.2910 130.6523 0.000278
0 631.4591 354.7194 16.9692 77.3800 0.000250
0 637.4937 302.4118 5.0127 53.7186 0.000219
0 5.0073 133.1509 10.0145 76.9060 0.000214
0 341.9175 210.1050 12.7731 19.9593 0.000194
0 2.2337 199.8506 4.4674 91.6968 0.000173
0 324.0909 228.8946 47.8072 59.4595 0.000168
0 4.1660 46.3199 8.3319 76.7708 0.000159
0 231.5400 115.3552 19.8758 57.9420 0.000156
0 593.5397 257.5091 33.7671 65.0063 0.000139
0 454.1153 242.4743 16.8660 14.6801 0.000130
0 3.9692 184.7438 7.9385 78.5517 0.000120
0 5.6352 498.7422 11.2705 26.5156 0.000119
0 2.7404 137.7747 5.4807 77.1036 0.000115
0 114.5540 297.6919 32.9459 85.8340 0.000110
