0 412.4677 214.8911 29.5470 106.8854 0.830038
0 204.1857 191.3026 39.1632 64.3416 0.778066
0 418.9408 245.9398 16.4310 43.5250 0.001927
0 466.8162 229.9194 11.0765 31.8292 0.001074
0 449.6284 203.4401 11.9794 47.1411 0.001018
0 617.3195 502.4384 45.3611 19.1231 0.000822
0 412.9688 242.4533 26.7629 50.8716 0.000726
0 10.8338 88.5378 21.6677 80.5983 0.000592
0 637.4399 281.7521 5.1202 70.4800 0.000505
0 637.7257 260.5225 4.5486 46.3173 0.000409
0 575.3645 503.5892 36.9343 16.8217 0.000229
0 215.3216 508.9669 26.6808 6.0663 0.000193
0 10.9988 349.5255 21.8503 65.6792 0.000190
0 636.1902 253.7055 7.3577 52.0935 0.000178
0 105.3395 138.6118 12.0988 26.7551 0.000176
0 637.9523 201.6064 4.0953 55.5643 0.000156
0 638.0285 241.8431 3.9430 60.5103 0.000137
0 4.3251 351.7638 8.6501 69.7505 0.000132
0 582.7147 505.8535 29.1388 12.2930 0.000132
0 567.7941 507.5106 37.8990 8.9788 0.000122
0 6.6595 45.2933 13.3189 64.2959 0.000120
0 3.2897 92.9201 6.5793 74.9680 0.000112
0 424.6194 242.1242 26.2286 52.9595 0.000102
0 6.6740 72.5825 13.3480 51.0489 0.000101
