0 371.5368 256.6398 33.3160 127.4493 0.855546
0 110.6999 245.4001 37.7979 137.9892 0.832991
0 248.3555 229.4775 18.0129 47.8913 0.816809
0 283.8975 254.4779 31.0844 80.4514 0.782779
0 106.0821 189.5052 19.6344 31.5694 0.099745
0 47.7006 111.3839 33.5447 33.9497 0.001096
0 276.3857 234.4722 16.7749 38.2849 0.000962
0 24.0893 204.2399 31.5145 48.0497 0.000892
0 2.1396 233.3542 4.2793 49.7830 0.000796
0 2.5556 262.6071 5.1112 43.6656 0.000745
0 111.0273 278.9092 32.5393 70.6539 0.000735
0 7.7382 104.9258 15.4765 153.7958 0.000673
0 614.6298 14.4797 29.4861 28.8223 0.000665
0 6.3176 93.9614 12.6351 49.4019 0.000638
0 4.6312 105.9769 9.2506 51.8566 0.000567
0 6.9330 159.6611 13.8659 43.9686 0.000538
0 637.6371 110.0436 4.7257 39.0365 0.000533
0 4.6348 233.1169 9.2696 50.9026 0.000429
0 4.0844 166.4471 8.1687 46.7996 0.000424
0 29.0056 204.9109 21.2513 26.8674 0.000364
0 4.0858 245.3146 8.1717 33.7182 0.000334
0 12.3655 153.9660 24.6076 54.3012 0.000298
0 65.1169 228.8406 11.0970 40.2743 0.000292
0 634.2077 106.5522 11.4447 36.6217 0.000284
0 4.2569 79.2647 8.5138 77.4232 0.000282
0 2.2513 174.5427 4.5026 58.1777 0.000278
0 20.4690 207.2519 38.0719 79.8683 0.000273
0 5.7760 261.7013 11.5521 35.4008 0.000263
0 614.7170 6.0303 28.6443 12.0379 0.000251
0 6.6127 125.0190 13.2254 85.3060 0.000216
0 6.1957 60.9375 12.3914 74.0897 0.000198
0 71.5872 293.6693 14.3849 41.3226 0.000198
0 77.5314 283.8699 25.9997 61.6959 0.000196
0 8.6579 228.6725 16.6342 36.4585 0.000195
0 363.5477 279.1775 15.9219 82.1717 0.000192
0 1.8357 194.2385 3.6714 68.8583 0.000186
0 637.6055 297.0345 4.7891 76.1113 0.000163
0 2.7956 35.9777 5.5912 57.4547 0.000139
0 10.8589 73.0501 21.7179 89.1477 0.000138
0 4.5930 43.6865 9.1860 44.3879 0.000134
0 4.6852 274.1185 9.1657 63.9747 0.000133
0 8.9706 173.7444 17.9412 55.4361 0.000128
0 9.1892 256.8835 17.7121 22.0908 0.000116
0 2.7629 207.7127 5.5257 82.5774 0.000115
0 4.8167 144.2186 9.6335 77.0597 0.000109
