0 341.3718 256.4330 33.4099 127.7267 0.860842
0 79.6563 245.3153 36.8741 141.6564 0.840044
0 218.4129 230.1727 18.1803 48.4825 0.797202
0 253.2406 255.2462 32.1752 79.5689 0.789716
0 76.0602 189.3412 22.7008 32.8432 0.045109
0 4.7192 220.8051 9.4384 58.2355 0.021621
0 18.5664 142.1569 36.9171 93.5737 0.005667
0 242.1478 234.8041 13.7458 36.3633 0.005622
0 4.4135 206.2202 8.8269 27.3554 0.004835
0 4.6625 131.8157 9.3249 62.1705 0.002226
0 244.5756 243.5390 16.5540 53.2613 0.001814
0 2.5148 225.6771 5.0295 60.6933 0.001256
0 33.0491 229.8975 11.6155 40.7761 0.001206
0 3.1139 148.0450 6.2277 87.4893 0.000920
0 587.5054 7.0544 25.5615 14.1080 0.000674
0 331.7618 278.4508 12.3845 81.8804 0.000528
0 579.2761 4.7383 36.1670 9.4026 0.000437
0 3.8814 191.3920 7.7384 48.9448 0.000418
0 586.4443 13.9161 27.1753 27.6989 0.000370
0 5.5046 153.6359 11.0091 99.0895 0.000353
0 237.3289 233.4341 13.9798 39.4139 0.000311
0 5.7714 115.8453 11.5428 35.8047 0.000276
0 637.9291 279.6320 4.1418 62.7789 0.000268
0 40.5899 292.0717 15.2873 45.2130 0.000240
0 4.9610 237.0840 9.9220 105.7845 0.000236
0 72.1750 270.4880 22.9748 87.2139 0.000216
0 2.0174 246.9216 4.0348 72.2769 0.000200
0 13.5951 114.3542 26.9339 38.0001 0.000166
0 46.0465 285.2575 26.6852 60.7386 0.000133
0 635.2719 279.0204 9.4562 71.2299 0.000127
0 5.5074 202.9958 11.0147 117.2430 0.000124
0 2.5962 301.4145 5.1925 33.9469 0.000108
0 12.6796 168.5557 25.3592 143.6125 0.000106
