0 222.6481 253.1979 20.8564 35.7690 0.747980
0 165.5505 298.2842 27.4818 20.5241 0.710734
0 421.0354 223.1170 16.0219 34.9388 0.441897
0 10.0595 109.6287 19.9874 21.5255 0.013485
0 268.3239 183.7484 12.3416 19.3318 0.002255
0 543.8135 266.9794 15.5031 30.8804 0.001946
0 179.1581 496.1719 52.4977 31.6561 0.001917
0 637.3822 312.7689 5.2356 65.1532 0.001134
0 412.3227 224.7190 10.7917 38.4755 0.001061
0 19.0978 116.1416 37.9222 29.9916 0.000875
0 7.0496 96.9435 13.9342 20.9587 0.000614
0 2.5056 91.5173 5.0113 18.2911 0.000573
0 5.4179 92.4034 10.7747 13.3848 0.000571
0 499.8643 376.5125 33.1870 61.8263 0.000557
0 9.7147 92.9616 17.8962 10.9332 0.000514
0 10.7959 100.4991 21.0901 26.4248 0.000450
0 4.7683 88.1923 9.5367 15.7584 0.000396
0 2.2252 81.6132 4.4504 22.5642 0.000396
0 150.6559 195.8323 13.0694 23.4406 0.000372
0 4.4565 115.0922 8.8069 41.0596 0.000296
0 233.7170 256.9960 10.2369 28.8552 0.000276
0 3.4867 101.9785 6.9343 34.4404 0.000231
0 236.5234 259.4070 9.5011 22.9224 0.000161
0 185.4283 33.8159 41.7609 53.1016 0.000148
0 292.1122 505.0527 27.0143 13.8837 0.000148
0 417.5784 211.7522 14.1902 15.7666 0.000146
0 5.4686 5.0557 10.9372 10.1114 0.000137
0 168.0638 485.1488 33.6487 31.8617 0.000135
0 1.9369 69.8673 3.8739 32.8788 0.000135
0 4.4759 82.5709 8.9518 20.4316 0.000133
0 144.5425 35.2259 34.2648 52.1651 0.000128
0 183.4084 104.7132 10.9603 20.0558 0.000119
0 2.3166 140.9901 4.6332 45.6309 0.000109
0 9.7323 3.6532 18.9466 7.2164 0.000104
