0 270.9495 253.8261 15.5497 29.1674 0.692282
0 312.8592 245.8685 16.9640 37.5549 0.658626
0 232.9132 283.6314 25.8981 27.6842 0.622664
0 408.2469 479.6008 44.1104 34.9772 0.553736
0 317.2847 223.4252 11.9843 17.0610 0.149626
0 631.7544 502.7854 16.4912 18.4291 0.061229
0 258.0662 238.5835 16.3398 41.9308 0.043271
0 309.7924 228.9726 13.7791 13.1132 0.024487
0 312.3622 225.7029 16.5322 17.8170 0.013221
0 392.6561 499.8412 22.2374 24.2292 0.006847
0 309.0603 238.9337 13.2419 28.2371 0.004425
0 261.9488 230.6761 14.7123 31.6035 0.004139
0 262.2459 247.2983 12.9220 27.6174 0.003801
0 264.8195 237.4564 13.0293 36.4257 0.002662
0 223.0378 290.1937 18.4927 22.3763 0.001907
0 267.5010 230.2693 14.1482 31.6860 0.001719
0 216.4096 292.5948 18.0998 16.3765 0.001351
0 489.6702 505.0345 31.8342 13.9309 0.001107
0 16.6075 504.3561 22.8730 15.2878 0.000756
0 624.5352 504.1745 30.9296 15.6452 0.000755
0 2.3720 392.5128 4.7440 43.6235 0.000701
0 262.7698 217.0930 10.6082 16.3890 0.000657
0 321.0347 226.1019 17.3357 21.4180 0.000641
0 267.8407 250.0993 11.8527 22.6282 0.000626
0 265.5852 220.9562 14.0078 24.8534 0.000599
0 637.6937 416.0477 4.6125 45.3143 0.000575
0 637.7991 227.7962 4.4019 43.0031 0.000511
0 269.1413 215.3174 19.0050 33.1459 0.000471
0 1.8835 373.4395 3.7669 42.6371 0.000465
0 636.3551 497.7002 7.2898 28.3217 0.000449
0 272.2062 204.8365 25.3932 39.6172 0.000346
0 507.1451 509.0995 21.0081 5.8010 0.000337
0 2.3637 275.8174 4.7275 58.8220 0.000333
0 305.2589 242.9332 17.2564 33.5702 0.000312
0 271.5303 227.6503 14.8520 31.4073 0.000303
0 256.9557 228.4761 13.6074 22.7344 0.000294
0 24.8881 504.5865 28.3706 14.8270 0.000260
0 2.0466 406.5164 4.0933 49.5308 0.000260
0 492.9010 508.0538 27.2887 7.8924 0.000255
0 87.4196 4.0953 22.7231 8.0634 0.000246
0 569.5858 506.8174 23.3179 10.3651 0.000246
0 2.1133 236.8206 4.2267 71.6360 0.000230
0 268.9628 242.7949 13.6077 28.5921 0.000224
0 317.6769 231.3555 13.2682 24.7170 0.000221
0 259.9532 213.9005 11.4241 16.4377 0.000202
0 260.2997 252.3354 10.3021 21.3999 0.000172
0 4.6743 397.4839 9.3486 50.3544 0.000167
0 277.2749 221.8290 17.8412 39.5384 0.000160
0 265.5796 208.2082 14.7570 28.8606 0.000157
0 487.3019 499.1950 33.0956 25.4724 0.000156
0 66.7630 503.5359 26.4449 16.9283 0.000152
0 1.9292 131.7798 3.8585 47.6346 0.000150
0 2.1077 211.6139 4.2154 53.7458 0.000141
0 634.2128 493.9569 11.5374 34.7004 0.000135
0 637.7274 492.6992 4.5453 34.9444 0.000129
0 309.1491 249.5968 12.6694 30.8724 0.000129
0 271.7758 500.4129 32.4937 23.1302 0.000123
0 635.2739 220.5393 9.2454 59.2972 0.000121
0 92.4571 5.9773 21.5269 11.9545 0.000116
0 262.0645 209.6516 10.8013 23.5310 0.000115
0 2.3963 193.1694 4.7927 67.0106 0.000114
0 621.7228 508.6775 32.7175 6.6450 0.000112
0 629.8972 223.8928 19.5537 52.8499 0.000110
0 212.5719 287.8961 18.5169 21.0878 0.000109
0 214.0909 10.2124 22.8877 20.2558 0.000106
0 637.7030 400.2568 4.5939 49.9989 0.000104
0 1.9261 148.1732 3.8522 48.6614 0.000104
0 4.5559 276.2258 9.1118 66.2518 0.000101
0 312.5100 215.0430 17.5641 28.8325 0.000100
