0 417.6730 377.1078 22.3209 36.2166 0.749477
0 177.4255 176.0319 34.4981 43.9001 0.735182
0 307.4318 135.3360 17.7834 44.5352 0.670404
0 256.0979 118.5470 21.4455 30.7262 0.654184
0 635.9750 287.7542 8.0500 37.9493 0.004472
0 52.3471 97.6702 27.0630 40.7273 0.004328
0 149.8551 506.0688 22.6632 11.8624 0.003521
0 4.1934 305.5024 8.3868 45.3997 0.002041
0 261.4200 127.1558 11.4775 36.0162 0.001706
0 626.3351 401.5225 26.7212 36.0278 0.001691
0 626.2688 420.0248 27.4624 76.8092 0.001574
0 637.6396 82.2861 4.7208 45.8321 0.001430
0 264.3326 130.0469 8.3194 31.1671 0.001156
0 3.4346 290.8677 6.8693 45.6099 0.001114
0 1.8330 411.0316 3.6660 37.0388 0.000695
0 158.0543 505.7205 29.9367 12.4739 0.000507
0 87.6510 450.7215 27.5560 41.3083 0.000498
0 634.5439 402.6105 10.9001 37.1342 0.000478
0 308.6152 120.6657 17.0705 21.7391 0.000466
0 637.5034 97.4577 4.8540 47.0104 0.000406
0 635.4259 86.7580 8.9890 51.1821 0.000360
0 2.6186 279.8866 5.2373 48.2308 0.000353
0 140.2889 505.8156 44.6799 12.3688 0.000313
0 108.9488 508.7332 20.2923 6.5337 0.000295
0 66.2283 90.3430 12.8198 35.0989 0.000294
0 6.6348 415.3367 13.2695 37.2424 0.000292
0 254.3719 107.3844 18.6013 21.7808 0.000269
0 264.7500 138.9052 10.2085 21.4627 0.000212
0 625.9957 100.5043 24.8218 44.7356 0.000211
0 10.9130 3.5046 19.8014 6.9767 0.000201
0 261.2961 117.8802 13.5527 27.6609 0.000188
0 313.8445 119.7371 15.1306 21.6097 0.000156
0 265.7593 120.2013 15.0504 31.1612 0.000147
0 316.9945 508.4849 33.3453 7.0302 0.000144
0 2.4466 264.7360 4.8933 46.9804 0.000141
0 632.6793 285.8817 13.3252 35.2715 0.000137
0 251.6660 113.0814 17.0102 21.9456 0.000136
0 3.9692 408.8117 7.9384 39.1605 0.000135
0 18.0944 4.2161 25.7570 8.3631 0.000135
0 2.3637 422.3985 4.7273 43.3518 0.000131
0 595.3632 120.1746 18.6329 24.0699 0.000131
0 5.0983 318.9492 10.1966 60.6410 0.000128
0 418.3210 11.4999 27.8871 22.9705 0.000122
0 255.7104 130.6454 18.8693 39.7266 0.000122
0 1.9951 122.3220 3.9903 48.4497 0.000121
0 342.7268 297.3015 13.1031 11.8804 0.000118
0 189.8356 177.5683 26.6119 39.2593 0.000118
0 574.7681 3.3270 20.9832 6.6105 0.000117
0 1.8613 97.0025 3.7226 59.3367 0.000117
0 637.8375 112.8364 4.3251 53.2844 0.000111
0 627.3415 85.3500 24.3016 53.9951 0.000111
0 637.9517 66.6154 4.0967 39.9015 0.000110
0 6.0303 7.5974 12.0607 15.1948 0.000107
0 85.6493 461.6166 21.5885 17.9634 0.000107
0 10.4078 9.6257 19.8994 19.2514 0.000106
0 622.6902 115.3224 32.1560 87.1414 0.000103
