0 547.2551 384.5731 24.3293 39.5976 0.721254
0 276.5663 384.5388 30.5331 44.5127 0.606431
0 4.9056 354.7900 9.8112 50.5095 0.020635
0 503.6542 194.2849 15.7445 38.1030 0.009173
0 430.6512 4.2223 22.3204 8.4446 0.007630
0 5.3291 419.2380 10.6581 32.7648 0.006209
0 424.9220 8.3208 30.2751 16.6415 0.003431
0 437.4819 6.6706 29.7700 13.3412 0.002156
0 8.5092 505.0123 17.0184 13.9754 0.002111
0 636.5975 289.7141 6.8051 51.2073 0.002020
0 519.9478 2.9423 16.1816 5.8745 0.001792
0 2.9423 362.6696 5.8846 41.3127 0.001780
0 636.5615 325.9272 6.8064 43.1317 0.001488
0 4.7637 501.5187 9.5275 20.9625 0.001451
0 56.1679 149.1384 15.2341 27.7552 0.001271
0 431.1488 12.8893 28.8423 25.6786 0.001178
0 523.2266 5.0599 21.4705 10.1198 0.001050
0 3.5554 429.8444 7.1108 46.1154 0.000956
0 2.8138 90.5302 5.6275 33.7851 0.000781
0 7.6625 497.0122 15.3249 29.9755 0.000706
0 79.7648 509.4482 27.0980 5.1035 0.000658
0 516.3472 5.2710 19.5471 10.5421 0.000538
0 280.1789 399.4108 28.8286 21.0654 0.000524
0 637.2017 274.3466 5.5966 51.8898 0.000506
0 413.6287 9.2981 34.1178 18.5962 0.000487
0 631.4447 328.8328 16.8347 44.0377 0.000454
0 3.8865 491.9518 7.7731 40.0963 0.000451
0 636.4868 307.3902 7.0264 45.1984 0.000371
0 520.0447 8.7937 18.8201 17.5874 0.000347
0 202.4553 3.7493 23.6595 7.4823 0.000345
0 12.9465 508.3615 25.8930 7.2770 0.000341
0 2.4487 445.5923 4.8974 45.0529 0.000302
0 629.8987 369.3186 20.2027 108.8086 0.000280
0 52.8116 144.6300 11.4642 22.4190 0.000272
0 630.5601 345.5618 18.8798 53.1450 0.000268
0 3.2155 145.1244 6.4310 36.8477 0.000242
0 4.8207 83.7843 9.6414 35.7419 0.000236
0 444.2163 10.8378 41.4418 21.6756 0.000234
0 508.8199 195.4952 19.1077 42.0722 0.000226
0 530.7876 4.0803 30.4087 8.1606 0.000213
0 200.1999 6.3938 25.5414 12.7876 0.000199
0 635.0591 304.5785 9.8818 111.4639 0.000198
0 13.3784 502.0148 26.7569 19.9703 0.000185
0 637.0984 341.9738 5.7073 54.1216 0.000180
0 211.7391 3.1210 23.5313 6.2295 0.000176
0 4.8745 373.6282 9.7489 54.8513 0.000172
0 542.5092 396.2589 21.1021 21.1595 0.000170
0 285.4933 380.7766 18.5560 39.7821 0.000162
0 135.1849 508.5952 36.9069 6.8096 0.000156
0 393.7111 3.2695 16.8893 6.4829 0.000156
0 3.9548 97.7692 7.8433 46.0476 0.000139
0 10.9894 491.0296 21.9788 41.9409 0.000128
0 501.1437 509.3874 20.2589 5.2252 0.000123
0 2.7673 316.7764 5.5347 55.3854 0.000123
0 3.1292 407.1835 6.2583 45.4661 0.000121
0 2.3871 484.8225 4.7743 43.3256 0.000121
0 447.3467 5.7064 38.4427 11.4128 0.000120
0 2.4355 105.2523 4.8710 53.2334 0.000118
0 631.3302 281.8441 16.4729 49.4982 0.000105
0 420.4316 15.0466 38.4045 30.0931 0.000100
