0 95.6055 408.2866 47.6941 41.0382 0.766754
0 637.4962 60.1324 5.0076 41.4351 0.003898
0 606.1304 283.2350 18.6140 32.4248 0.002207
0 637.2146 272.2400 5.5707 45.2315 0.001785
0 634.8474 322.5831 10.3053 50.1749 0.001606
0 386.1636 149.1903 30.6904 51.3371 0.001403
0 635.3116 61.6088 9.1177 39.8293 0.001098
0 633.5264 273.8966 12.9473 47.5695 0.001019
0 634.7375 361.4928 10.5249 56.0141 0.001013
0 489.7838 500.3230 24.6317 23.1941 0.000544
0 83.4408 508.5626 25.2367 6.8748 0.000536
0 58.7785 400.0617 24.6871 34.3063 0.000389
0 636.7008 286.0059 6.5942 50.2269 0.000376
0 543.9562 84.9845 24.1742 60.6378 0.000348
0 635.1842 263.6859 9.6317 41.2018 0.000342
0 621.4639 3.0838 27.0593 6.1430 0.000338
0 626.6464 305.4513 26.3276 55.4755 0.000330
0 636.9780 253.8608 6.0439 49.4892 0.000318
0 89.9259 165.0518 35.0804 60.0733 0.000318
0 630.4243 338.3989 19.1515 125.9645 0.000280
0 630.9441 287.9256 18.0547 55.8479 0.000269
0 437.1401 487.8193 10.4543 15.7841 0.000248
0 73.3755 8.4643 24.1952 16.9286 0.000242
0 631.6453 4.0363 16.7094 8.0727 0.000233
0 636.8961 301.3822 6.0267 50.3676 0.000193
0 488.4097 358.8174 14.2502 19.9689 0.000186
0 625.9847 4.9960 28.0249 9.9920 0.000182
0 623.7367 262.4063 15.6779 19.6162 0.000179
0 86.0105 3.2765 27.4979 6.5531 0.000179
0 23.7107 3.6635 26.3546 7.3009 0.000176
0 612.6743 2.9441 25.0135 5.8403 0.000171
0 633.9010 13.9654 12.1979 27.9308 0.000161
0 96.2046 507.5438 40.5310 8.9124 0.000157
0 5.7110 4.6759 11.4219 9.3519 0.000153
0 3.4623 97.8319 6.9246 43.2916 0.000152
0 620.8765 335.3098 38.2471 138.6047 0.000150
0 637.0059 47.1416 5.9872 57.1450 0.000143
0 2.1079 414.9768 4.2157 39.0450 0.000139
0 632.6454 52.0596 13.7795 56.3517 0.000137
0 66.0265 398.4840 22.3503 38.5932 0.000132
0 637.4286 362.4416 5.1427 58.4583 0.000131
0 69.5632 4.9361 22.0593 9.8276 0.000122
0 2.5155 484.2187 5.0310 29.7511 0.000116
0 636.7604 436.4116 6.4792 47.1554 0.000111
0 12.0063 4.2996 23.4443 8.5992 0.000110
0 170.5945 3.5130 19.5245 6.9955 0.000109
