0 465.5391 238.5764 33.7682 55.5280 0.676477
0 489.8829 171.4533 28.7850 57.6892 0.653804
0 375.6396 200.4780 15.8541 30.6209 0.199234
0 316.2712 366.3715 23.0017 41.7186 0.172281
0 298.7375 23.5086 27.6322 20.1506 0.119279
0 318.4588 506.3107 34.0348 11.3786 0.068533
0 627.5314 487.5666 24.9372 47.8993 0.049948
0 309.9829 507.4736 25.5289 9.0528 0.014019
0 327.9810 504.3062 25.7500 15.2789 0.006997
0 421.3913 254.8369 19.2696 13.9863 0.002175
0 395.5016 161.7530 26.1237 30.2569 0.001201
0 373.0777 208.0159 19.8699 18.9132 0.000672
0 638.0551 421.1674 3.8898 37.0416 0.000490
0 308.9063 367.0948 18.1555 40.2036 0.000446
0 339.8600 507.7186 28.0851 8.3927 0.000429
0 32.9024 506.6841 43.5451 10.6317 0.000406
0 73.7088 6.9940 24.7872 13.9880 0.000387
0 574.2216 496.8242 27.8721 30.3516 0.000312
0 399.3281 172.5271 19.4537 50.9474 0.000270
0 568.4800 465.5051 16.6238 14.4829 0.000267
0 347.9664 509.0291 25.7786 5.9006 0.000259
0 636.9550 32.4673 6.0900 58.2429 0.000251
0 338.2728 503.9720 29.1686 15.6472 0.000241
0 2.3879 154.5612 4.7757 37.6616 0.000215
0 77.8703 3.9180 23.1753 7.8283 0.000214
0 630.4299 498.9941 19.1403 26.0118 0.000179
0 363.8229 162.0368 20.3539 14.5657 0.000176
0 637.6625 161.8695 4.6750 81.7803 0.000174
0 638.0186 407.2217 3.9630 46.9481 0.000164
0 316.4574 501.0477 30.3691 21.2705 0.000164
0 370.4297 508.7429 17.8699 6.4276 0.000159
0 625.4073 16.1197 28.9110 32.2393 0.000155
0 635.3096 161.8075 9.2551 83.7501 0.000144
0 633.6742 23.3192 12.5781 46.6383 0.000135
0 637.3749 209.8678 5.2502 62.5839 0.000127
0 279.8650 2.7120 20.2693 5.3171 0.000123
0 638.0619 328.9094 3.8762 56.7841 0.000123
0 226.0098 505.9056 16.4455 12.1888 0.000107
0 635.9020 419.8750 8.1805 38.8197 0.000105
0 549.3651 509.2753 29.8621 5.4494 0.000102
0 298.2048 508.4558 26.6858 7.0884 0.000102
