0 367.3721 249.9388 37.4297 133.9813 0.879610
0 230.0982 232.5933 30.7535 87.5008 0.761581
0 244.7040 237.6691 14.7912 34.2418 0.595908
0 12.6705 213.6939 25.3410 76.3644 0.222904
0 13.2098 167.5479 26.4197 89.2086 0.041274
0 5.5038 212.2976 11.0076 78.8304 0.008414
0 66.3099 64.9698 27.8370 53.7735 0.006154
0 12.6842 199.3934 25.3684 37.9779 0.005924
0 6.7456 165.6067 13.4912 84.1435 0.003661
0 93.6788 184.6861 25.7016 32.0615 0.002743
0 2.5171 167.6230 5.0342 70.8640 0.002507
0 235.8530 243.3957 17.4003 67.4671 0.002361
0 2.3314 216.0573 4.6629 70.3054 0.002327
0 2.8683 186.8469 5.7367 51.5344 0.000702
0 83.3713 209.6198 45.3660 83.3885 0.000681
0 5.8075 185.1938 11.6151 54.6818 0.000620
0 2.0724 236.6958 4.1448 56.0498 0.000563
0 221.6143 233.3568 14.6786 79.6151 0.000492
0 4.5549 229.0972 9.0703 47.7614 0.000398
0 2.2372 256.3122 4.4353 64.7037 0.000393
0 241.2455 223.4136 18.1313 62.8528 0.000388
0 565.4583 19.1487 16.8059 17.9054 0.000208
0 331.8752 210.1405 22.8760 25.1834 0.000179
0 83.5090 186.4315 44.1378 37.2461 0.000171
0 92.1271 199.0896 28.8542 60.7979 0.000166
0 636.8260 321.5635 6.3478 69.8234 0.000123
0 3.9071 248.2114 7.7088 64.4867 0.000123
0 637.4419 299.0110 5.1162 66.8829 0.000106
0 192.6355 238.3772 23.0891 18.6737 0.000104
