0 468.3200 416.2301 44.9420 88.6396 0.885598
0 292.3959 434.2459 40.3821 91.6560 0.860596
0 21.0627 234.4342 40.6044 100.9235 0.832112
0 121.7422 347.2833 38.8771 96.4019 0.824587
0 5.6536 229.8394 11.3072 96.8895 0.074265
0 637.2827 245.1971 5.4347 94.8599 0.015823
0 325.4196 4.3434 28.0203 8.6869 0.006796
0 638.0946 267.6023 3.8107 59.8284 0.004153
0 638.0134 288.3581 3.9733 67.0816 0.003517
0 303.7233 508.7650 18.4967 6.4700 0.002220
0 507.3802 340.7875 38.9014 45.5916 0.001839
0 317.4355 3.7488 23.8868 7.4527 0.001639
0 334.4803 4.2854 25.5800 8.5707 0.001326
0 227.6100 2.9341 25.3173 5.8682 0.001138
0 274.5144 509.0397 23.8104 5.9207 0.001129
0 3.8453 248.8414 7.6906 85.4652 0.000714
0 636.3041 290.9941 7.3918 78.4790 0.000633
0 300.3238 507.1171 14.6215 9.5946 0.000596
0 108.6871 302.7225 19.5367 18.7156 0.000513
0 2.7003 267.1273 5.4006 82.8629 0.000442
0 635.1177 226.3508 9.7646 132.6862 0.000407
0 222.6653 4.5510 26.2103 9.0454 0.000364
0 9.4962 266.8495 18.9923 126.1448 0.000336
0 452.0092 507.7429 31.0596 8.5142 0.000325
0 635.7830 463.1267 8.4341 44.6716 0.000294
0 2.9161 158.0140 5.8323 54.7051 0.000293
0 629.6152 234.1974 20.7695 117.6865 0.000272
0 3.3315 98.0006 6.6631 40.2725 0.000252
0 19.8977 274.8549 39.1135 102.6371 0.000231
0 6.4984 157.8263 12.9968 53.7112 0.000201
0 637.8317 313.1833 4.3365 86.7703 0.000198
0 309.8321 4.8484 30.7695 9.6969 0.000195
0 295.6439 508.7707 18.3285 6.2723 0.000175
0 1.8826 179.0785 3.7651 53.4958 0.000169
0 320.4621 6.4264 23.2611 12.8527 0.000169
0 306.4803 505.7644 22.9095 12.1826 0.000141
0 2.2413 289.3392 4.4827 68.0632 0.000131
0 635.6065 308.5563 8.7870 130.5649 0.000127
0 382.3029 3.1283 18.6669 6.2416 0.000117
0 4.9884 274.5135 9.9768 76.0945 0.000106
0 3.8535 212.7790 7.7070 59.4907 0.000102
0 342.0990 5.3514 27.3651 10.7027 0.000101
