0 147.4108 280.2257 27.2191 79.2604 0.819924
0 92.3541 212.7070 29.2864 75.9632 0.734968
0 320.0196 296.6450 39.0060 68.0688 0.003363
0 477.6880 507.8411 25.0519 8.2983 0.002149
0 339.6409 508.3839 20.2350 7.2323 0.001549
0 2.5234 13.9159 5.0468 27.8319 0.000656
0 2.0340 204.3564 4.0680 49.4158 0.000635
0 230.4087 508.8964 26.0160 6.2072 0.000553
0 210.3858 166.2684 21.6390 40.5609 0.000530
0 2.4441 217.5009 4.8882 49.5528 0.000397
0 333.2344 296.5590 25.8975 66.1415 0.000342
0 101.2709 509.2020 21.4879 5.5960 0.000314
0 244.6393 3.2629 26.8617 6.5158 0.000242
0 366.6133 8.6979 23.5735 17.3695 0.000207
0 4.8345 216.6935 9.2787 48.3707 0.000206
0 469.5753 431.0760 35.8974 35.4984 0.000204
0 360.0431 508.8658 19.4997 6.2683 0.000185
0 348.4494 508.9194 23.5229 6.1613 0.000183
0 2.6980 169.2031 5.3961 57.9534 0.000171
0 1.8868 240.4294 3.7736 70.0511 0.000167
0 8.9854 166.6166 17.9707 60.7010 0.000166
0 637.0555 470.0687 5.8889 47.1924 0.000154
0 312.5599 507.4898 22.0413 9.0204 0.000144
0 177.3001 508.7963 27.4363 6.4075 0.000131
0 115.1227 509.1728 27.0627 5.6544 0.000124
0 422.0070 283.4526 22.8453 49.3726 0.000124
0 528.4464 333.6100 22.6321 16.8779 0.000115
0 226.5269 504.9654 26.6124 14.0277 0.000108
0 538.6727 348.7311 45.1322 49.0222 0.000108
0 537.3122 358.4726 32.6547 23.0378 0.000105
