0 74.7872 210.3994 26.8282 70.6588 0.768147
0 79.8201 145.1022 25.6830 63.7664 0.671597
0 2.3498 209.5201 4.6996 61.2206 0.000607
0 2.1623 182.7820 4.3246 64.8372 0.000568
0 2.4101 123.1360 4.8202 58.5494 0.000444
0 84.4128 192.6463 10.2753 32.7959 0.000416
0 89.5202 147.8360 28.5310 61.8105 0.000369
0 636.7545 438.0446 6.4911 46.2074 0.000309
0 504.9045 317.6843 34.4446 41.5762 0.000297
0 4.2381 214.3389 8.4317 66.3117 0.000235
0 238.5923 4.4671 20.6018 8.9343 0.000205
0 4.4247 126.5626 8.8494 66.0991 0.000200
0 637.1350 421.1228 5.7300 35.7805 0.000188
0 92.5359 165.5502 27.6589 36.1342 0.000183
0 303.4459 509.1311 18.4512 5.5396 0.000175
0 4.7075 182.3286 9.4150 67.0811 0.000171
0 633.7377 276.4941 12.5245 67.3777 0.000168
0 636.7690 266.7048 6.4619 72.5294 0.000165
0 3.5868 108.8978 7.1736 51.3986 0.000165
0 2.2438 232.6766 4.4877 65.2671 0.000163
0 637.1755 456.8596 5.6489 45.6072 0.000139
0 3.8308 6.2679 7.6615 12.5358 0.000123
0 167.8106 509.1331 22.9446 5.7338 0.000110
0 59.2806 3.0278 23.5072 6.0555 0.000104
