0 265.5892 431.9996 41.0432 103.5941 0.872131
0 212.8350 161.8929 26.7043 68.3259 0.747689
0 627.4954 279.6087 25.0093 46.7874 0.698542
0 602.4043 338.7358 30.2102 78.7642 0.631227
0 633.8401 280.2513 12.1455 45.7084 0.009280
0 325.5614 497.9033 19.0793 27.8594 0.000845
0 636.6567 286.0651 6.5955 34.5766 0.000760
0 1.7620 182.2557 3.5239 55.0100 0.000661
0 381.6818 333.3785 10.9449 21.4945 0.000489
0 269.5093 7.6645 26.6766 15.3290 0.000342
0 628.1592 300.9775 23.6815 92.8669 0.000336
0 480.0829 505.5938 27.7932 12.8124 0.000281
0 3.9473 498.8886 7.8946 26.2227 0.000265
0 284.8252 79.8661 12.6892 21.2953 0.000243
0 2.2766 90.8244 4.5531 45.2736 0.000228
0 249.9541 77.3842 12.7079 29.3863 0.000226
0 637.7810 399.2810 4.4380 41.0714 0.000186
0 3.5943 181.0761 7.1021 59.8886 0.000158
0 638.0156 310.7256 3.9689 48.7568 0.000157
0 323.8972 24.7075 17.7266 39.1809 0.000156
0 324.4285 34.5932 15.9543 18.8352 0.000145
0 518.1313 153.0857 37.8098 51.6145 0.000145
0 277.6384 6.2711 23.9224 12.5362 0.000138
0 2.3440 333.4402 4.6879 45.9124 0.000116
0 331.3470 494.7791 28.1458 33.9818 0.000113
0 449.2113 4.5048 28.2964 8.8965 0.000110
0 3.5179 108.4736 7.0357 42.0303 0.000105
0 6.6548 502.5119 13.3096 18.9763 0.000100
