0 374.8180 202.5884 23.7048 75.2261 0.828766
0 455.2706 218.9541 31.7064 67.5016 0.817637
0 2.6386 259.7390 5.2772 86.5846 0.012840
0 2.3522 235.7319 4.7045 43.1646 0.002458
0 4.4793 273.6502 8.9586 88.9149 0.001891
0 2.5662 219.8009 5.1324 58.0220 0.000942
0 4.1251 240.2768 8.2502 129.4463 0.000496
0 4.3151 211.9308 8.6301 67.7073 0.000459
0 12.5731 5.8706 25.1462 11.7411 0.000336
0 253.1955 3.8765 35.4713 7.7136 0.000180
0 257.0725 12.3257 44.5053 24.6513 0.000180
0 257.6425 6.6935 40.1159 13.3871 0.000175
0 202.3716 3.7874 26.1183 7.5427 0.000174
0 11.8867 11.5916 23.7734 23.1833 0.000124
0 638.1952 218.9997 3.6096 64.7493 0.000121
0 634.4950 365.0552 11.0099 52.8693 0.000109
0 281.4306 4.2089 34.2401 8.3905 0.000107
