0 373.4781 196.0559 36.9156 58.6147 0.603867
0 444.3616 318.2644 27.1080 59.1717 0.332618
0 4.1908 272.3826 8.3816 90.1955 0.021748
0 15.3212 277.3697 30.6425 91.8521 0.003971
0 3.4884 245.0627 6.9768 36.1716 0.002267
0 512.9085 396.2634 29.9896 21.9307 0.001610
0 429.6093 246.1235 19.1275 39.6376 0.001190
0 2.0017 456.9904 4.0034 63.7000 0.001101
0 301.8141 8.5108 20.6396 17.0215 0.000538
0 335.3148 4.1207 20.0979 8.2243 0.000476
0 443.5021 255.3567 26.9795 35.7894 0.000462
0 289.2030 8.9628 30.1241 17.9256 0.000462
0 437.7868 250.4476 18.5567 37.2616 0.000437
0 527.0209 389.7070 48.4051 31.4110 0.000409
0 5.7922 4.5172 11.5844 9.0344 0.000402
0 445.7322 300.4359 34.7048 95.0627 0.000382
0 635.1680 503.5059 9.6641 16.9883 0.000363
0 204.1243 3.9894 19.6031 7.9381 0.000315
0 409.8287 3.0686 23.9365 6.1371 0.000314
0 358.7599 200.1917 59.7404 69.0838 0.000306
0 612.9005 508.6651 29.8726 6.6698 0.000270
0 329.9205 5.4495 25.6644 10.8990 0.000263
0 9.7569 2.8820 19.2434 5.7640 0.000262
0 628.1440 503.7762 23.7119 16.4407 0.000193
0 637.8428 150.0952 4.3145 61.4892 0.000176
0 2.8993 378.4965 5.7986 44.6611 0.000174
0 341.1956 5.3954 22.3073 10.7908 0.000162
0 2.3027 229.1219 4.6054 43.6436 0.000153
0 614.0854 27.6409 22.0029 45.0120 0.000146
0 2.0883 434.0291 4.1766 71.9506 0.000134
0 4.9293 10.1790 9.8011 20.3581 0.000129
0 2.7006 162.5120 5.4011 46.8849 0.000115
0 637.1662 495.0493 5.6676 33.9013 0.000108
