0 274.0453 262.5209 19.7809 56.5129 0.814150
0 353.2401 233.2369 39.5208 50.1959 0.663243
0 495.0521 215.4051 26.3186 37.6124 0.649078
0 6.2086 191.2773 12.4172 80.1501 0.015541
0 363.3598 232.8790 21.5303 48.8649 0.002734
0 14.8023 193.6571 29.6045 69.5808 0.001599
0 2.5729 194.9702 5.1457 71.7164 0.001568
0 1.7970 305.4305 3.5941 38.5258 0.000909
0 2.8462 395.0119 5.6925 40.1619 0.000764
0 59.1242 504.7786 30.9979 14.3823 0.000744
0 3.1725 365.4669 6.3450 64.9449 0.000428
0 634.9284 492.9254 10.1432 38.1491 0.000359
0 4.1714 382.5895 8.3428 43.6652 0.000326
0 3.9985 176.2651 7.9971 90.6660 0.000324
0 3.1410 409.1602 6.2819 54.1400 0.000320
0 71.5261 505.6311 30.0654 12.7377 0.000304
0 483.4098 215.8294 23.9261 37.0803 0.000291
0 72.4140 501.3792 39.8888 21.1805 0.000252
0 540.1742 507.7524 28.6167 8.4951 0.000240
0 4.6046 305.2060 9.1740 38.7313 0.000236
0 1.9872 326.1844 3.9744 89.2481 0.000225
0 630.7825 491.5795 17.4938 40.8409 0.000217
0 4.5303 348.0424 9.0472 92.9293 0.000208
0 339.4506 406.6764 29.9189 27.3378 0.000187
0 46.4827 504.8389 30.1377 14.1824 0.000178
0 1.7862 207.4848 3.5717 55.1800 0.000171
0 298.2771 507.6238 20.5346 8.7524 0.000137
0 632.0610 501.9778 15.8779 20.0444 0.000132
0 354.8336 267.1036 20.9528 32.9351 0.000124
0 628.5144 505.5692 21.6418 12.8615 0.000118
