0 425.9235 338.7377 23.7925 71.9701 0.623169
0 330.8693 281.1263 42.7694 80.4541 0.579237
0 294.4031 289.0403 25.7819 32.4385 0.286108
0 530.7869 251.2265 24.8760 58.8907 0.103702
0 409.1541 393.4713 16.3649 29.3979 0.058153
0 325.8752 301.0578 16.4095 35.7653 0.048021
0 318.4887 272.4935 20.0693 55.8893 0.028279
0 52.0861 271.3651 24.6515 30.3074 0.007416
0 134.0765 315.0494 17.3561 22.6041 0.004546
0 494.6811 311.0289 15.0037 49.9877 0.002427
0 5.5812 384.7057 11.1625 33.8573 0.002131
0 487.7443 378.3963 20.5518 38.8873 0.002034
0 519.6091 248.3268 26.8287 54.9867 0.001492
0 385.8574 387.1036 20.5465 34.3604 0.001322
0 2.9132 388.6379 5.8264 39.8949 0.001097
0 531.6119 234.8113 23.0046 26.0582 0.001049
0 143.3528 313.8418 22.8960 29.2537 0.001045
0 612.0244 290.3541 13.0554 23.3137 0.001030
0 315.4011 266.4429 15.5120 37.2227 0.001025
0 129.4922 3.5383 24.7787 7.0765 0.000912
0 322.2360 287.0935 21.7191 61.6654 0.000730
0 139.1419 3.3064 25.2188 6.6077 0.000631
0 318.2520 299.4194 15.2601 33.5672 0.000580
0 40.4879 508.6082 19.2623 6.7835 0.000529
0 501.6713 425.5050 25.1820 41.5477 0.000526
0 166.9849 3.5464 27.1961 7.0912 0.000494
0 10.1594 388.1411 20.3188 38.1983 0.000446
0 630.9781 13.1374 18.0436 26.2748 0.000428
0 2.3272 214.3131 4.6543 45.0179 0.000425
0 315.3379 137.5910 12.8338 46.2710 0.000414
0 177.1625 3.3134 25.3365 6.5908 0.000370
0 340.4742 295.4542 20.0342 48.0192 0.000359
0 151.5118 4.3414 36.8641 8.6299 0.000304
0 2.7750 375.9454 5.5500 33.3647 0.000298
0 2.1316 314.4562 4.2632 49.9943 0.000294
0 119.8949 4.1920 30.1070 8.3841 0.000288
0 532.5692 264.9667 24.9900 35.2766 0.000284
0 614.6504 295.7991 16.2488 35.2880 0.000277
0 99.4188 271.5862 23.5772 49.1257 0.000273
0 514.2811 239.2806 18.8947 37.8207 0.000264
0 147.8315 308.4636 21.2598 23.1334 0.000253
0 537.2585 233.9751 12.2334 24.1709 0.000250
0 1.8222 203.6652 3.6444 40.3547 0.000223
0 301.1779 508.2892 16.7804 7.4215 0.000221
0 1.9700 468.3698 3.9400 38.2029 0.000215
0 18.5891 2.7879 19.4960 5.5024 0.000202
0 499.0640 311.1657 23.5994 67.1736 0.000197
0 160.8268 508.0338 25.6964 7.9324 0.000192
0 73.3867 242.5366 31.5732 30.7255 0.000186
0 3.4132 5.3841 6.8265 10.7682 0.000180
0 1.7173 171.1051 3.4346 28.8224 0.000180
0 500.7216 403.0172 37.2903 86.6521 0.000179
0 300.8990 287.8961 13.2089 28.8217 0.000174
0 441.6782 508.9509 20.7473 6.0256 0.000165
0 2.0297 82.9188 4.0593 41.5887 0.000144
0 2.7528 358.4128 5.5057 48.1435 0.000141
0 2.7123 458.3835 5.4246 53.6727 0.000138
0 1.9900 398.3228 3.9800 42.0836 0.000136
0 2.4215 10.5708 4.8430 21.1416 0.000135
0 1.9363 485.3334 3.8726 50.5208 0.000131
0 511.7039 230.3061 14.4507 24.4340 0.000131
0 149.2364 300.8412 22.9199 26.0748 0.000127
0 6.4257 461.8598 12.8515 49.0536 0.000121
0 521.7622 239.8961 16.8390 33.3428 0.000121
0 635.7188 16.0162 8.5624 32.0324 0.000120
0 632.6232 27.4950 14.7535 54.9901 0.000120
0 5.7127 77.3546 11.4255 37.1718 0.000109
0 309.0959 508.8308 24.5659 6.3384 0.000107
0 6.1481 3.5287 12.2962 7.0573 0.000107
0 4.2556 314.6343 8.5112 54.1637 0.000106
0 57.2335 480.4255 45.5746 49.0799 0.000106
0 168.4972 7.1203 32.3315 14.1429 0.000103
0 181.8626 4.9638 30.1599 9.9205 0.000102
0 611.1952 303.7284 14.8667 49.4626 0.000102
0 328.2724 236.4407 12.5851 16.8083 0.000101
0 160.8421 5.2607 29.9233 10.4460 0.000101
0 477.9590 327.5223 17.0901 27.7395 0.000100
