0 561.7859 445.6248 29.9642 52.9240 0.052120
0 298.5787 182.6363 29.8523 59.6587 0.014572
0 599.9078 426.2961 25.2231 27.8464 0.013615
0 603.5503 404.9621 20.8256 33.1604 0.004537
0 599.7042 413.2217 26.6426 48.2605 0.002895
0 291.7299 170.2450 44.8419 89.3799 0.002525
0 330.5531 159.2686 28.4028 48.3164 0.000783
0 553.2445 508.0075 20.9377 7.9849 0.000626
0 156.9453 160.3597 23.3646 36.4099 0.000613
0 337.6758 160.1304 43.1041 63.7555 0.000538
0 426.4906 208.2768 22.4796 36.8912 0.000440
0 352.1537 503.3776 28.1664 16.9283 0.000413
0 2.0904 192.6103 4.1808 66.9629 0.000385
0 637.1686 459.9101 5.6627 54.2172 0.000362
0 563.9238 508.9417 25.7191 6.1166 0.000318
0 561.6387 431.2160 30.9589 26.0591 0.000304
0 243.1533 188.2895 18.6060 47.8516 0.000267
0 515.7274 509.0909 20.1461 5.8181 0.000258
0 2.6179 174.4945 5.2358 60.2759 0.000238
0 573.2672 509.1057 24.6284 5.7886 0.000221
0 434.2997 205.9024 15.6805 33.3994 0.000210
0 95.2788 5.5467 22.7526 11.0934 0.000207
0 592.3513 508.1868 18.4941 7.6265 0.000194
0 377.5375 230.2029 22.7300 34.2069 0.000184
0 151.8815 233.7001 19.7796 28.2017 0.000181
0 555.6246 503.6988 22.3400 16.3687 0.000179
0 2.5204 354.0643 5.0409 64.9574 0.000172
0 585.9311 508.7237 20.5334 6.5526 0.000167
0 636.9288 474.6125 6.1425 37.5818 0.000162
0 298.8814 198.2874 28.1686 33.6216 0.000157
0 636.7141 505.0687 6.5718 13.8626 0.000154
0 342.6146 505.0399 27.2194 13.9202 0.000150
0 540.2415 507.8567 29.3148 8.2366 0.000146
0 328.8332 147.1912 23.5206 22.9173 0.000118
0 637.4028 492.0732 5.1943 33.2837 0.000117
0 622.5698 193.1819 33.6697 53.9090 0.000108
0 314.5316 174.5940 66.0030 79.9806 0.000103
