0 296.2827 365.4397 32.4415 34.4371 0.785986
0 229.8917 413.7509 34.0277 31.4559 0.688717
0 637.1694 349.9268 5.6613 40.5894 0.009663
0 461.2555 506.8452 22.3829 10.3096 0.004963
0 636.9153 286.4273 6.1695 40.7897 0.002958
0 462.3505 502.3368 22.2932 19.2620 0.002783
0 637.4009 324.7285 5.1982 62.4194 0.002030
0 258.0077 170.7229 19.8008 27.3810 0.001730
0 499.5799 492.7180 28.3722 37.6684 0.001686
0 520.5421 508.9294 31.9159 6.1413 0.001242
0 637.0771 306.7381 5.8458 56.3868 0.000723
0 635.8843 337.4243 8.2313 51.3788 0.000694
0 637.4810 222.4318 5.0380 41.4777 0.000614
0 454.3533 506.0390 26.7260 11.9221 0.000500
0 2.3777 101.3165 4.7555 61.0261 0.000495
0 512.9736 507.8961 25.0935 8.1191 0.000462
0 25.5178 2.4275 27.6081 4.8387 0.000447
0 2.6833 84.6338 5.3667 36.0523 0.000438
0 63.6928 280.6804 13.9433 20.0907 0.000344
0 98.6180 6.2964 25.4138 12.5928 0.000327
0 18.2305 3.9436 29.3245 7.8643 0.000276
0 634.9678 216.6690 10.0022 35.2886 0.000220
0 579.8475 126.8164 32.4575 46.4922 0.000196
0 471.4458 503.5219 37.6040 16.8657 0.000193
0 205.8887 250.6210 15.7546 20.2538 0.000190
0 637.9255 127.6341 4.1489 53.4158 0.000169
0 2.3255 305.3292 4.6509 35.5529 0.000168
0 485.3421 493.0897 67.1969 37.8206 0.000167
0 456.2447 500.4077 21.3208 22.4254 0.000165
0 195.4429 247.6717 35.4781 27.5452 0.000161
0 267.1542 172.4572 27.2450 31.5258 0.000144
0 2.2625 241.0768 4.5250 51.9709 0.000143
0 506.1699 501.1782 35.3832 21.2584 0.000141
0 95.8994 3.7929 23.4503 7.5128 0.000139
0 58.3839 280.6441 21.4334 27.3933 0.000131
0 11.2714 4.7728 21.2646 9.5455 0.000121
0 2.1069 477.6644 4.2139 65.1870 0.000121
0 635.6782 277.1503 8.6436 53.5495 0.000118
0 3.4428 317.5115 6.8856 35.8755 0.000110
0 531.9295 509.2387 28.9368 5.5226 0.000107
0 344.9919 3.6356 23.2630 7.1975 0.000104
0 2.0794 453.6676 4.1588 54.0343 0.000104
