0 494.2240 216.9061 46.0896 87.1767 0.889244
0 332.2080 157.2443 53.9257 141.3590 0.074475
0 7.4733 407.4084 14.9466 48.1470 0.047189
0 70.7482 191.5603 26.9711 54.3488 0.022774
0 4.0438 404.3245 8.0877 48.7106 0.006402
0 498.4664 184.1544 18.1133 23.8608 0.003328
0 53.1968 4.8317 40.8112 9.6538 0.002258
0 61.0902 2.4707 30.3273 4.9201 0.000889
0 615.9072 508.0223 28.8394 7.9553 0.000857
0 266.4936 155.1192 26.0394 61.0650 0.000741
0 150.8394 7.2440 34.1202 14.4881 0.000601
0 2.5398 137.3570 5.0797 40.4422 0.000535
0 359.8514 9.3018 36.2823 18.6037 0.000482
0 622.0143 506.4944 33.6409 11.0113 0.000408
0 350.4446 39.8686 59.8427 79.7371 0.000385
0 2.8058 154.6885 5.6116 47.5546 0.000351
0 4.1898 421.3069 8.3796 43.7214 0.000330
0 7.4541 11.5633 14.9082 23.1266 0.000313
0 2.5989 125.3052 5.1978 24.9481 0.000291
0 69.9264 2.2762 25.7424 4.5525 0.000287
0 142.1074 8.4321 27.2586 16.8356 0.000257
0 4.0613 165.2623 8.1226 61.9459 0.000248
0 8.5357 165.3893 17.0714 62.6030 0.000244
0 2.6528 386.9128 5.3055 38.3406 0.000232
0 276.0853 142.6990 44.3328 79.3957 0.000231
0 5.3699 246.0466 10.7398 48.1232 0.000231
0 7.8013 429.7001 15.6025 99.8704 0.000213
0 42.8079 3.3765 36.7754 6.7313 0.000211
0 28.0035 469.1873 34.8317 72.9723 0.000210
0 3.0975 312.4204 6.1950 28.7423 0.000201
0 325.8149 112.5464 70.2180 121.9927 0.000200
0 4.1996 16.6281 8.3993 33.2561 0.000190
0 138.3204 4.4387 27.4654 8.8031 0.000173
0 500.7687 53.8656 61.3098 107.7312 0.000162
0 440.2833 509.3011 30.0891 5.3979 0.000150
0 10.4646 416.1470 20.9292 29.8336 0.000149
0 2.3702 451.6734 4.7404 50.0422 0.000147
0 161.1858 5.5119 29.9369 11.0088 0.000142
0 365.9427 5.2472 28.8588 10.4943 0.000134
0 2.9453 236.8627 5.8905 53.6761 0.000128
0 12.2843 414.6255 24.5686 69.3434 0.000120
0 131.4644 9.4777 42.6829 18.9554 0.000108
0 85.2611 505.4433 45.0918 13.1134 0.000102
