0 491.1647 204.7314 17.9833 39.7932 0.457393
0 83.4566 216.2128 23.1834 58.7568 0.208514
0 90.7123 212.9671 9.1418 50.2031 0.084811
0 634.2189 250.0889 11.5559 116.5185 0.061315
0 224.2968 263.9993 28.6360 26.7277 0.059588
0 635.6878 221.9290 8.6244 56.8483 0.054519
0 2.3884 219.1620 4.7768 36.1193 0.003404
0 633.2057 275.8683 13.3306 61.3947 0.000788
0 224.4852 236.2990 31.4030 83.1674 0.000715
0 636.6096 279.2781 6.7809 57.8575 0.000595
0 219.0307 258.4968 19.1449 36.8840 0.000574
0 7.3722 130.2998 14.7443 34.7387 0.000510
0 3.7554 225.0193 7.5108 42.8086 0.000453
0 637.8087 304.1260 4.3825 98.3047 0.000397
0 542.2958 219.0955 10.1609 24.8814 0.000382
0 634.8035 304.7182 10.3218 104.4132 0.000249
0 6.1912 218.5765 11.7707 38.1882 0.000240
0 3.9709 210.3936 7.8813 47.8983 0.000202
0 2.0116 233.2561 4.0231 71.3465 0.000171
0 77.0518 224.4564 35.8913 76.5878 0.000114
0 232.7791 262.3323 13.9341 18.8254 0.000102
0 215.6171 264.2043 13.0906 24.0439 0.000100
