0 519.9953 351.4312 36.2511 24.0369 0.623302
0 272.8587 249.4514 17.4028 27.2249 0.592467
0 471.4131 506.3388 29.8212 11.3224 0.044436
0 291.3061 249.2623 18.7450 23.9766 0.032964
0 634.2172 30.5511 11.5656 36.0376 0.016774
0 400.1588 506.3053 28.8123 11.3893 0.012110
0 509.9944 507.1698 28.7281 9.5648 0.011906
0 420.8069 10.7958 35.4099 21.5480 0.009298
0 409.3260 30.1007 27.8718 41.9081 0.009177
0 433.9451 9.4270 33.0145 18.8405 0.006463
0 193.7524 508.2322 26.4465 7.5356 0.006125
0 539.3766 506.5121 31.3213 10.9695 0.004781
0 435.6557 43.9549 32.0535 40.8139 0.004611
0 186.0249 507.5226 30.8411 8.9547 0.003963
0 634.7135 44.4825 10.5730 30.4882 0.003504
0 587.4116 5.5962 28.5342 11.1924 0.003451
0 521.9893 506.2023 48.3221 11.2683 0.002982
0 459.6769 507.2809 31.4958 9.4382 0.002649
0 320.8131 508.8909 23.2842 6.2181 0.002336
0 439.6144 5.3985 26.0074 10.7891 0.002171
0 445.1460 2.4379 20.6829 4.8758 0.002048
0 12.8749 324.2925 25.7498 27.7488 0.001858
0 373.1371 6.6026 24.7416 13.0971 0.001578
0 388.1267 189.5716 17.9210 23.1862 0.001543
0 595.7607 233.9727 88.4785 53.6619 0.001518
0 201.7438 509.1988 22.1453 5.5732 0.001273
0 166.9974 6.2493 25.2517 12.4985 0.001228
0 192.1609 505.0199 26.1128 13.5218 0.001115
0 389.1367 505.5011 44.2290 12.9841 0.001084
0 183.0300 502.7147 38.2270 18.3939 0.001009
0 578.8913 4.6453 34.1344 9.2866 0.000713
0 376.9386 3.5931 22.8697 7.1280 0.000559
0 553.9167 217.2389 58.3162 67.9641 0.000540
0 55.0699 508.7186 21.2463 6.5628 0.000538
0 410.1057 502.1621 40.2958 19.6758 0.000535
0 328.3508 508.5402 26.4163 6.9196 0.000515
0 576.6055 219.0908 77.6144 67.8750 0.000512
0 280.0312 208.3883 26.8345 27.1315 0.000471
0 146.7203 4.6815 27.3370 9.3631 0.000450
0 410.5446 12.6817 31.4078 24.6297 0.000448
0 421.7061 33.1938 53.2214 60.0973 0.000420
0 80.7403 508.5878 19.7529 6.8066 0.000410
0 135.5518 3.7135 27.0723 7.3425 0.000396
0 326.2332 6.6535 27.4257 13.1501 0.000373
0 414.5702 506.3080 41.9924 11.3841 0.000368
0 397.9905 495.5825 23.6292 32.4253 0.000368
0 597.5380 4.2875 37.2771 8.5750 0.000365
0 620.3098 3.5558 20.6954 7.0637 0.000356
0 608.6747 185.3959 13.3591 16.1970 0.000349
0 329.2865 3.9209 24.2663 7.7607 0.000343
0 226.6065 509.6574 17.9358 4.6852 0.000330
0 2.2012 396.3093 4.4023 45.7102 0.000327
0 409.6089 5.8940 27.9343 11.6987 0.000308
0 176.5504 507.1959 27.1075 9.6083 0.000304
0 482.3553 504.8154 52.2899 12.9728 0.000300
0 176.9943 5.3992 33.3957 10.7984 0.000293
0 495.6646 508.5601 46.2971 6.8799 0.000293
0 536.9075 194.1899 24.5554 27.2010 0.000289
0 6.0259 502.2895 12.0517 19.4210 0.000266
0 442.8592 8.9949 21.6068 17.9266 0.000250
0 182.2611 494.2733 38.3127 35.4535 0.000250
0 453.4532 2.9095 21.4945 5.8189 0.000241
0 88.5394 268.4949 29.6617 71.7725 0.000240
0 86.1556 347.2006 30.0545 26.1862 0.000223
0 309.9158 509.0149 32.9015 5.9702 0.000218
0 448.7731 508.5537 23.2595 6.8926 0.000206
0 13.2474 305.8777 26.3979 84.0784 0.000202
0 612.9067 185.2671 16.5668 19.8181 0.000198
0 500.5048 504.6102 41.9420 13.5415 0.000183
0 628.1855 29.7564 21.9620 33.6861 0.000179
0 111.5133 10.0571 27.1705 19.7548 0.000178
0 161.3067 492.7818 15.6139 26.7141 0.000177
0 8.5078 507.8477 17.0156 8.3046 0.000167
0 602.9736 183.6165 20.5901 16.4244 0.000165
0 2.7492 381.3591 5.4984 52.7834 0.000165
0 132.0247 395.9706 52.9178 72.7952 0.000161
0 108.6658 247.8193 11.9384 18.7574 0.000154
0 368.5779 10.0845 30.9387 19.8181 0.000151
0 218.3521 509.4659 18.9631 4.9453 0.000144
0 233.2086 509.6996 19.8563 4.6007 0.000142
0 2.8200 498.2378 5.6400 27.5245 0.000135
0 635.4186 117.2927 9.1628 50.6263 0.000134
0 4.6100 272.7552 9.2199 23.7642 0.000131
0 388.3214 2.9343 23.3037 5.8422 0.000126
0 637.2654 14.7420 5.4691 29.4839 0.000126
0 4.1664 282.5551 8.3328 36.5577 0.000121
0 627.4995 3.8792 24.9895 7.7584 0.000119
0 171.9628 498.7798 21.0949 26.4324 0.000119
0 54.2381 14.1980 38.4180 28.3959 0.000118
0 637.9094 217.4820 4.1455 27.0656 0.000117
0 636.2939 233.0153 7.4122 49.0138 0.000116
0 638.1140 109.4541 3.7721 39.5515 0.000115
0 281.4874 3.9974 24.1309 7.9948 0.000104
0 336.5696 4.3508 24.7056 8.6859 0.000102
0 634.8173 63.6737 10.3654 64.2367 0.000101
