0 310.8207 196.5014 23.6328 42.9305 0.811285
0 223.7763 283.8686 22.3222 37.2744 0.797230
0 495.4609 228.0364 27.3353 25.7982 0.607778
0 511.9334 504.7695 27.9728 14.4610 0.027357
0 344.8499 508.1161 22.3773 7.7679 0.020070
0 479.3611 207.9067 26.9364 54.0782 0.016619
0 479.0801 508.8954 23.9121 6.1500 0.005751
0 318.4430 507.3864 22.4232 9.2271 0.004705
0 596.7612 496.7294 32.3752 30.5411 0.004586
0 18.4841 481.7845 25.1644 30.2158 0.004338
0 280.6537 6.1327 25.6562 12.2572 0.004268
0 470.6089 508.1786 30.3289 7.6025 0.004260
0 461.1870 507.6325 31.2721 8.6511 0.003957
0 601.9147 505.1135 26.3525 13.7730 0.002863
0 334.2179 507.6776 37.3650 8.6005 0.002593
0 2.5841 396.7082 5.1682 34.3680 0.002225
0 246.3558 5.8559 21.1075 11.6524 0.001936
0 264.9562 6.4561 50.2476 12.9122 0.001625
0 248.9225 2.8870 20.8278 5.7740 0.001531
0 637.5055 205.3448 4.9890 25.7172 0.001498
0 605.3500 499.6280 26.3169 24.6541 0.001093
0 452.9682 509.1275 31.6989 5.7417 0.000787
0 250.5529 8.7010 25.0800 17.2479 0.000588
0 493.6018 509.0665 31.6487 5.8554 0.000584
0 310.2640 506.8089 30.8923 10.1151 0.000578
0 1.9830 268.1573 3.9661 29.7205 0.000550
0 335.9235 180.0512 20.1252 18.4197 0.000535
0 500.4027 507.3889 37.3700 9.2222 0.000531
0 488.1700 474.7111 18.6947 13.3972 0.000447
0 638.0212 215.5401 3.9576 44.4301 0.000418
0 613.8792 3.2882 31.1191 6.5764 0.000400
0 617.8610 10.4978 42.1665 20.9956 0.000399
0 495.6374 489.8503 29.7428 42.3998 0.000392
0 288.6306 4.2608 26.5553 8.4338 0.000388
0 486.4143 508.2417 21.8077 7.2983 0.000358
0 145.5707 365.6669 15.9543 49.2223 0.000353
0 2.5074 137.0661 5.0147 37.2106 0.000340
0 239.9557 9.5122 25.3196 18.7159 0.000299
0 521.0466 506.3364 24.5190 11.3273 0.000276
0 324.3788 24.7527 39.4585 49.3195 0.000270
0 331.8010 502.0325 41.5522 19.7349 0.000261
0 502.8566 502.1892 34.1082 19.2588 0.000260
0 443.2882 509.4254 28.1958 5.1491 0.000253
0 167.0059 189.3383 12.5169 22.4263 0.000251
0 443.4355 160.8615 11.3529 26.6324 0.000249
0 494.9934 240.9525 27.0874 53.8738 0.000231
0 1.8698 91.0142 3.7239 36.1986 0.000223
0 611.6599 506.2280 35.3237 11.5440 0.000218
0 288.5964 7.5659 31.1915 15.1317 0.000216
0 2.1828 104.3696 4.3165 60.2072 0.000212
0 9.8562 14.7562 19.7125 29.5112 0.000212
0 551.3800 471.9055 18.3608 38.2230 0.000209
0 348.8831 505.3568 26.8565 13.2865 0.000204
0 337.1034 4.3367 29.9940 8.6148 0.000201
0 472.7678 505.1310 29.7162 12.8967 0.000193
0 457.3894 503.3401 37.1805 16.6833 0.000188
0 2.1675 335.7969 4.3350 50.0172 0.000185
0 358.1283 507.6939 38.2058 8.6121 0.000185
0 347.5155 2.8457 29.5779 5.6679 0.000184
0 4.3138 402.8638 8.4545 28.7336 0.000182
0 537.3562 490.0324 20.9758 21.4860 0.000181
0 330.9567 6.1165 38.2699 12.2329 0.000181
0 2.9175 60.7042 5.8350 31.8495 0.000175
0 5.7342 218.2117 11.4683 56.8846 0.000168
0 237.6272 4.6894 25.0225 9.1894 0.000160
0 2.6947 479.3040 5.2611 29.8383 0.000158
0 590.8612 506.4428 37.7510 11.1143 0.000157
0 2.9739 220.2967 5.9478 58.0206 0.000154
0 282.6280 78.1376 16.5140 30.6641 0.000152
0 63.8978 509.2685 21.4279 5.4250 0.000146
0 318.6827 498.8799 21.3243 24.7592 0.000135
0 288.7958 509.1835 18.9339 5.6330 0.000121
0 2.6842 121.6741 5.3685 41.2255 0.000119
0 2.0632 69.3935 4.1263 31.5029 0.000118
0 217.7655 507.3053 30.2605 9.3893 0.000112
0 5.6178 9.9145 11.2355 19.7352 0.000112
0 225.8346 507.9978 20.7813 8.0043 0.000104
0 299.7270 508.0241 35.6715 7.9518 0.000103
0 518.9339 183.4238 53.8827 61.6831 0.000102
