0 193.8760 377.9278 72.3750 36.4246 0.814883
0 401.1743 333.6205 33.2645 18.7469 0.568629
0 338.3575 441.3674 131.9459 140.7924 0.003944
0 372.4453 389.2342 66.5825 115.5760 0.003853
0 69.4671 464.9167 66.5626 94.1665 0.003182
0 535.2897 507.3741 26.9866 9.2518 0.001395
0 451.8184 503.3579 59.2329 17.2841 0.000710
0 88.7109 504.6767 35.2265 14.6466 0.000673
0 97.1437 502.5627 29.4766 18.8746 0.000562
0 469.6747 501.1902 77.9038 21.6196 0.000519
0 391.1082 336.6996 33.9098 20.6205 0.000423
0 262.4780 441.4844 123.1433 141.0312 0.000363
0 214.6517 376.6423 31.4782 35.4056 0.000271
0 458.1201 107.2888 41.6252 87.8142 0.000267
0 358.7806 396.3089 39.0516 98.3682 0.000237
0 292.1586 377.7737 24.6254 14.0599 0.000165
0 393.3235 376.4237 59.8144 103.6046 0.000162
0 2.3391 376.6509 4.6781 71.5518 0.000126
0 105.1825 499.1050 42.9122 25.7900 0.000124
0 2.5178 407.0739 5.0355 55.4028 0.000115
