0 351.8598 298.6355 42.9958 90.1453 0.829533
0 350.8434 320.1113 39.7737 46.6223 0.038237
0 537.8643 269.9816 35.6548 28.0115 0.033251
0 255.8341 433.3709 34.1125 146.0758 0.017388
0 494.4468 498.5502 20.5945 26.6112 0.015518
0 257.3322 379.5263 34.1383 34.9933 0.011466
0 41.4234 296.5571 17.9531 21.9327 0.007863
0 484.9792 497.7140 36.8717 28.5683 0.005035
0 15.1406 259.6929 18.8731 17.9411 0.002873
0 97.5718 2.9915 19.1830 5.9733 0.002586
0 59.5802 509.8276 28.4967 4.3448 0.001739
0 5.0077 197.9016 10.0155 32.5496 0.001657
0 351.9155 271.5476 38.8176 36.5152 0.001352
0 340.9936 296.6876 22.5410 84.8471 0.001341
0 361.8795 232.7046 29.5345 48.8288 0.000863
0 501.9066 501.6460 29.9067 20.7081 0.000710
0 564.7269 220.5452 34.5366 35.1288 0.000697
0 5.4488 262.3257 10.8976 21.3081 0.000580
0 2.5642 255.5849 5.1284 26.3788 0.000563
0 141.2854 10.3496 19.9785 20.6278 0.000536
0 2.5030 238.0900 5.0059 36.3842 0.000494
0 104.9163 3.5013 21.3984 6.9563 0.000490
0 141.9810 3.1631 18.4432 6.1874 0.000455
0 3.4211 187.6763 6.8423 41.3834 0.000402
0 372.4153 253.7509 51.6249 86.8951 0.000395
0 638.4199 430.8158 3.1603 33.5952 0.000370
0 2.1239 247.6528 4.2477 29.7940 0.000364
0 614.7354 371.6049 26.3000 52.4570 0.000344
0 69.7546 509.3612 33.7242 5.2776 0.000343
0 638.3350 418.0968 3.3300 36.5108 0.000334
0 1.8754 43.2611 3.7509 35.6906 0.000275
0 1.7785 346.9022 3.5571 34.5383 0.000260
0 3.6633 175.6156 7.3266 36.0306 0.000251
0 146.5887 4.0018 17.3291 7.8190 0.000221
0 152.0725 6.2195 21.9772 12.3883 0.000217
0 480.5756 506.5317 31.3608 10.9366 0.000215
0 469.3861 507.6139 19.8126 8.7722 0.000200
0 632.8589 4.1240 14.2822 8.2480 0.000198
0 118.2453 248.5148 16.3406 28.0329 0.000182
0 192.0963 507.7325 20.6687 8.5351 0.000180
0 2.3651 119.5876 4.7302 43.7825 0.000175
0 3.6245 207.4540 7.2489 36.5332 0.000173
0 301.0885 485.7261 26.7831 38.4264 0.000173
0 2.0168 54.2233 4.0335 33.6903 0.000166
0 5.1751 252.9103 10.3502 30.1795 0.000165
0 638.1155 442.8673 3.7690 45.1803 0.000160
0 158.0890 8.9086 22.0701 17.8173 0.000155
0 2.8293 226.1602 5.6585 44.2217 0.000152
0 280.1590 419.6418 83.9116 179.3472 0.000147
0 98.2751 9.5879 18.6195 19.0939 0.000145
0 10.5600 262.9507 17.2295 22.5909 0.000143
0 111.3817 247.6649 12.3454 29.2263 0.000142
0 7.7801 394.0711 15.5602 25.0165 0.000135
0 86.1613 288.3013 48.8617 30.5216 0.000130
0 257.0418 398.6558 34.4583 75.1312 0.000128
0 637.3901 403.0922 5.2197 56.0231 0.000126
0 634.4549 10.0182 11.0902 20.0364 0.000124
0 103.0380 11.9835 19.1871 23.7605 0.000123
0 630.0366 398.5525 19.9268 65.3523 0.000119
0 473.2638 497.8107 19.6438 26.8801 0.000115
0 2.2817 29.7264 4.5633 40.6423 0.000115
0 2.2706 338.2115 4.5413 39.9326 0.000114
0 9.6832 394.0208 12.4205 11.4186 0.000109
0 49.2717 508.8685 38.5107 6.2631 0.000106
0 164.8309 8.5268 19.5997 17.0536 0.000101
0 4.3996 242.7383 8.7991 31.0193 0.000101
