0 230.8229 99.3874 29.8269 22.0636 0.335952
0 295.0686 311.4247 41.1489 99.7434 0.170511
0 562.7443 11.4044 30.0842 22.8088 0.041494
0 500.4622 487.4608 28.3625 49.0784 0.023503
0 308.4121 295.7109 68.4262 132.1013 0.023435
0 284.8901 312.4968 22.0308 92.7012 0.021860
0 327.1442 255.5653 33.2382 54.7531 0.021308
0 422.2191 477.0407 49.3770 69.9186 0.002716
0 48.3048 7.0250 27.6994 14.0500 0.001822
0 42.2987 3.5298 17.9310 7.0397 0.001772
0 321.8885 278.1896 43.4976 101.2332 0.001748
0 138.7798 86.9739 36.8170 23.1782 0.001394
0 199.6433 89.8369 15.2803 13.6027 0.001000
0 335.6500 215.2287 56.0913 117.1400 0.000754
0 548.4980 11.0351 35.0676 22.0701 0.000575
0 4.1099 199.0691 8.2198 68.2160 0.000541
0 98.6938 508.0238 24.3852 7.9523 0.000541
0 339.0953 217.3845 49.0587 64.2846 0.000528
0 2.9214 303.6469 5.8428 63.0127 0.000500
0 314.5132 306.3461 28.0649 92.4586 0.000469
0 1.6937 422.5490 3.3873 43.6500 0.000343
0 513.6028 486.3909 56.6951 51.2183 0.000326
0 2.9966 246.6452 5.9933 37.7471 0.000259
0 36.8027 4.7818 20.8822 9.5635 0.000233
0 107.3150 507.6635 27.9664 8.6731 0.000232
0 2.5759 30.7249 5.1518 52.7559 0.000220
0 432.4613 2.5380 23.1847 5.0462 0.000215
0 17.1279 3.6563 28.3734 7.2761 0.000204
0 132.8878 2.8302 27.3152 5.6603 0.000204
0 314.0761 252.0530 58.0146 61.4296 0.000199
0 7.1901 245.4393 14.2199 36.0297 0.000196
0 2.6228 211.3024 5.2455 63.7175 0.000178
0 295.3851 335.4925 36.4954 49.0094 0.000174
0 56.4361 4.5010 36.4122 9.0021 0.000171
0 89.9752 2.8050 21.5545 5.5795 0.000171
0 2.5925 184.1221 5.1851 58.6970 0.000156
0 15.5429 335.2313 31.0859 161.8810 0.000147
0 251.0316 3.2056 18.6223 6.3996 0.000146
0 169.4756 84.5614 20.0488 22.8553 0.000146
0 58.3531 117.6258 36.5095 67.2997 0.000144
0 28.6603 508.8797 26.0283 6.2406 0.000140
0 8.8930 199.8767 17.7861 71.0382 0.000139
0 336.2720 263.6271 46.2360 72.7545 0.000137
0 4.1915 8.4820 8.3830 16.9640 0.000133
0 5.5606 213.5874 11.0958 66.2017 0.000132
0 424.8493 2.8779 23.6531 5.7510 0.000126
0 1.8599 402.2523 3.7076 49.1476 0.000124
0 3.1113 263.9173 6.2225 57.4525 0.000122
0 57.0141 8.7855 42.7323 17.5710 0.000117
0 524.1680 2.9502 27.1433 5.9003 0.000115
0 25.8152 4.0716 27.1725 8.0558 0.000115
0 112.6743 505.7301 31.1615 12.5399 0.000113
0 40.9870 7.8806 16.7451 15.7612 0.000109
0 538.6658 6.3475 28.8889 12.6951 0.000108
0 7.5282 265.7694 15.0564 56.3356 0.000106
0 8.0480 4.0910 16.0952 8.1027 0.000100
0 533.4354 3.7877 29.7589 7.5753 0.000100
