0 260.3565 315.6962 29.7006 75.5997 0.735804
0 288.8779 331.4449 27.7567 95.1343 0.677053
0 326.9619 341.6315 27.7740 24.5747 0.337314
0 334.6256 342.8392 13.9040 24.8165 0.050492
0 315.8864 340.9750 31.0735 23.7795 0.026623
0 141.9224 382.3260 21.8800 76.8256 0.005101
0 11.8534 221.4167 23.7068 69.0848 0.002911
0 541.9792 504.4451 35.4843 15.0492 0.002469
0 2.7505 352.5427 5.5009 68.4827 0.001568
0 508.4714 404.1170 64.5367 107.5242 0.001536
0 321.5948 338.3338 40.7295 39.7456 0.000924
0 3.1228 312.0218 6.2456 78.2192 0.000702
0 5.6064 283.9357 11.2128 34.2914 0.000681
0 5.3039 348.0411 10.6027 66.0061 0.000639
0 2.6290 283.3521 5.2579 37.8326 0.000620
0 144.3322 398.3133 18.4937 45.1099 0.000577
0 413.8308 310.4756 29.3424 80.0237 0.000544
0 11.7649 18.4912 23.5297 36.9824 0.000496
0 321.0882 330.0173 28.2814 42.0074 0.000415
0 306.1406 334.4972 62.7853 81.8192 0.000387
0 557.1918 506.1937 45.2290 11.6125 0.000292
0 152.2413 378.9784 40.4126 85.5759 0.000238
0 10.1872 312.8537 20.2671 75.3790 0.000200
0 2.0354 368.4893 4.0709 62.6867 0.000189
0 23.6227 216.5131 47.0378 86.0495 0.000181
0 5.2035 321.4426 10.4071 81.9487 0.000180
0 2.0409 400.2571 4.0818 60.6871 0.000170
0 11.2856 5.4931 22.5712 10.9863 0.000165
0 441.0965 8.3788 15.3046 16.7464 0.000163
0 573.4194 506.7407 28.1859 10.5186 0.000154
0 601.5031 327.7744 17.7322 25.4238 0.000152
0 44.1646 37.4354 20.6476 21.0215 0.000147
0 325.4833 324.8019 38.4916 62.1900 0.000139
0 3.2422 271.7582 6.4845 62.0992 0.000136
0 9.5858 264.9604 19.1716 79.5230 0.000125
0 137.2865 3.0774 25.1894 6.1492 0.000121
0 525.6029 504.2956 63.9038 15.4088 0.000119
0 4.8131 298.5062 9.6104 51.1080 0.000104
