0 240.6064 253.0367 33.4746 68.6191 0.732078
0 601.3562 308.7676 20.8098 18.7256 0.002106
0 54.7291 502.0719 37.9615 19.8562 0.000560
0 39.0000 502.3769 45.4310 19.2463 0.000484
0 2.9507 21.2978 5.9013 35.0673 0.000341
0 615.0278 376.4449 49.9443 193.8032 0.000298
0 615.2993 315.4909 49.4013 51.5875 0.000295
0 316.1915 3.6144 34.2738 7.1627 0.000266
0 235.2528 6.1637 26.4815 12.2366 0.000225
0 25.9151 187.9594 27.4516 58.6148 0.000217
0 537.0352 300.0891 13.5720 17.1580 0.000189
0 3.8777 395.5079 7.7555 84.9635 0.000184
0 2.8911 371.8524 5.7822 74.9755 0.000166
0 243.0804 4.9183 30.0553 9.7789 0.000156
0 321.6703 5.5695 36.6425 11.0669 0.000154
0 6.0083 382.4646 12.0166 87.5843 0.000148
0 3.1772 414.8711 6.3545 60.2337 0.000127
0 5.3365 17.6183 10.6731 24.8379 0.000125
0 156.8802 5.3207 28.4421 10.6413 0.000119
0 516.8582 281.1972 17.9474 43.1030 0.000119
0 148.0058 8.1223 18.7652 16.2446 0.000115
0 10.7853 397.6292 21.5706 78.8344 0.000105
0 9.4656 241.0479 18.8655 44.4181 0.000102
