0 346.9741 280.4637 75.1818 125.8273 0.870344
0 604.4766 207.8729 64.7946 74.4015 0.855240
0 635.5220 213.3916 8.9561 62.4315 0.003167
0 3.5969 442.0717 7.1938 75.4562 0.001372
0 637.6334 203.4131 4.7331 69.1994 0.000631
0 637.2861 230.4564 5.4279 89.0045 0.000342
0 586.8516 206.8539 29.3201 72.1019 0.000284
0 592.7507 256.5690 41.3818 142.1962 0.000235
0 2.1603 459.6943 4.3027 51.3562 0.000226
0 634.0024 231.0019 11.1112 92.7513 0.000161
0 2.3449 478.1681 4.6897 67.6639 0.000118
0 4.6281 460.7606 9.2562 50.7698 0.000117
0 5.9204 422.5393 11.8407 117.4341 0.000110
0 628.5956 209.2788 21.4708 63.0663 0.000109
