0 221.3391 311.5085 34.4522 99.2518 0.837229
0 318.1107 303.9402 24.2067 44.3117 0.799972
0 404.9753 303.4302 22.8292 80.0555 0.749345
0 638.1766 289.4604 3.6467 46.7973 0.012149
0 7.2452 14.5625 14.4904 29.1251 0.001152
0 636.6150 286.6063 6.5891 50.9718 0.000892
0 2.1648 282.7651 4.3296 40.6266 0.000640
0 15.2481 13.2353 30.4962 26.4707 0.000426
0 3.1162 20.1852 6.2324 40.3705 0.000399
0 9.6853 8.0726 19.3706 16.1452 0.000365
0 637.8580 304.7994 4.2841 51.8892 0.000318
0 2.2117 348.5063 4.4235 77.5070 0.000275
0 1.5573 157.6752 3.1146 36.1740 0.000265
0 638.3142 267.8152 3.3716 87.9260 0.000221
0 204.3699 282.9763 19.5804 36.9545 0.000214
0 3.9594 285.4049 7.9188 30.5817 0.000164
0 119.3667 262.6494 21.1225 50.6711 0.000135
0 23.3229 95.1018 45.7354 87.6180 0.000134
0 2.3015 387.5778 4.6029 55.0282 0.000122
0 629.1880 4.7149 21.6240 9.4298 0.000117
0 547.8402 20.5097 20.4004 40.5825 0.000116
0 637.5999 364.7567 4.8002 73.6874 0.000115
