0 310.8463 209.8671 19.9609 34.6846 0.810518
0 252.3145 235.1769 21.3149 50.4672 0.775754
0 16.4775 220.7062 18.2689 19.4643 0.011225
0 13.7980 226.8825 23.6505 31.5415 0.004568
0 407.3827 323.3766 14.8845 20.4589 0.002639
0 5.5648 71.9315 11.1295 33.4319 0.002169
0 434.9529 505.8819 18.3813 12.2363 0.001935
0 535.8326 491.1208 15.6782 14.4466 0.001832
0 637.8682 432.9496 4.2637 39.6497 0.001730
0 2.2363 70.7386 4.4726 30.8951 0.001110
0 450.0522 507.2800 17.6473 9.4401 0.001004
0 573.1221 509.3478 34.2972 5.3043 0.000831
0 381.6046 509.2437 14.8160 5.5127 0.000706
0 325.5884 327.7411 14.2182 27.6288 0.000688
0 568.0061 507.6514 39.7280 8.6972 0.000669
0 637.7786 403.1334 4.4429 49.3649 0.000659
0 99.8279 408.9748 14.9024 22.5001 0.000647
0 325.5742 321.1593 13.9101 13.9924 0.000600
0 6.3380 409.1407 12.6760 33.8960 0.000566
0 189.4099 508.6025 19.1366 6.7949 0.000559
0 524.7308 495.8997 37.8416 26.4113 0.000495
0 437.2218 363.5379 16.7090 28.4722 0.000479
0 637.5779 227.5010 4.8442 23.6215 0.000451
0 637.9965 285.9480 4.0070 26.4882 0.000394
0 464.0013 477.3377 20.5580 22.8373 0.000356
0 638.2140 392.1739 3.5720 37.4239 0.000354
0 600.0494 10.8889 27.8269 16.8834 0.000329
0 282.9392 508.3430 30.2725 7.3141 0.000306
0 5.3017 498.1689 10.6033 27.6623 0.000292
0 414.9120 509.1414 18.6264 5.7172 0.000282
0 584.7573 333.6788 16.0188 16.8408 0.000281
0 427.9473 508.4037 24.3845 7.1731 0.000245
0 1.6470 57.2913 3.2606 39.7263 0.000236
0 551.1006 508.4996 38.0786 7.0009 0.000232
0 638.1122 195.1400 3.7756 32.6571 0.000230
0 1.8930 399.7656 3.7859 36.4576 0.000222
0 3.2216 117.1588 6.4432 27.9868 0.000213
0 408.7426 236.0768 19.9419 26.0971 0.000207
0 444.7898 505.5913 23.1790 12.6434 0.000191
0 544.8965 497.7879 36.2659 26.6783 0.000189
0 421.8290 509.0323 21.9479 5.9105 0.000186
0 549.6082 505.1192 48.3563 13.4166 0.000180
0 456.9227 508.1288 25.4296 7.7423 0.000175
0 79.2918 4.1134 17.0548 8.1794 0.000166
0 331.1465 508.9357 29.3071 6.1287 0.000161
0 337.2228 505.7206 26.1555 12.5588 0.000160
0 331.8950 319.3226 22.4162 13.0503 0.000159
0 637.8674 298.9157 4.2653 39.8209 0.000158
0 228.2599 509.3217 27.3052 5.3567 0.000154
0 7.9249 86.4066 15.8498 62.7144 0.000144
0 2.3567 180.4344 4.7134 35.4039 0.000139
0 385.9537 286.3030 10.9629 15.6449 0.000134
0 636.5549 428.4377 6.7747 36.8575 0.000133
0 455.1693 501.6019 26.6113 20.7962 0.000132
0 165.5189 335.4446 13.3284 8.7244 0.000128
0 178.9636 508.8270 24.7120 6.3459 0.000128
0 92.0651 225.9600 19.9320 19.4162 0.000128
0 632.3080 286.0839 15.0597 24.1488 0.000127
0 458.6177 485.1625 26.3464 36.3184 0.000121
0 525.9810 504.6982 31.8822 14.6035 0.000121
0 238.7864 156.9733 16.5923 35.9808 0.000113
0 5.3138 399.4131 10.6277 36.1705 0.000113
0 321.3287 332.7736 20.6564 37.4182 0.000111
0 294.1467 509.1640 34.0552 5.6720 0.000110
0 583.6079 508.3883 36.0715 7.2233 0.000109
0 5.6147 421.7390 11.2294 37.7469 0.000106
0 637.7910 212.6065 4.4180 41.0245 0.000104
