0 310.2874 331.6285 14.0591 29.3519 0.693992
0 3.8389 96.3834 7.6778 41.3392 0.014193
0 637.5247 214.2921 4.9506 29.1432 0.006373
0 511.1932 122.3754 21.0381 16.9119 0.003376
0 637.5994 197.4737 4.8011 46.0779 0.001932
0 437.9615 335.9196 14.8096 7.7900 0.001362
0 631.4278 203.2754 17.1444 39.2982 0.001361
0 185.7552 294.9144 14.1210 24.5488 0.001243
0 634.8438 209.8367 10.3124 32.1094 0.001213
0 2.1961 104.4572 4.3922 51.5912 0.001201
0 491.5486 508.5072 45.2809 6.9857 0.000690
0 364.3044 273.7017 25.9444 40.3892 0.000632
0 627.0164 202.2050 19.6104 15.2327 0.000599
0 637.1033 229.6969 5.7934 59.1632 0.000561
0 477.8188 509.0875 33.6123 5.8250 0.000385
0 9.5174 15.8349 19.0211 31.6697 0.000384
0 74.2333 72.9751 33.4822 38.2672 0.000367
0 634.8391 195.0005 10.2595 45.5320 0.000347
0 351.3988 284.1344 9.3878 16.9181 0.000341
0 392.6990 428.9489 24.2231 44.7230 0.000336
0 628.4901 191.8196 21.6802 44.5146 0.000306
0 186.8625 303.2987 10.7525 7.7346 0.000263
0 502.7251 509.4903 31.9175 5.0194 0.000262
0 637.7441 179.8806 4.5118 44.5646 0.000247
0 25.7106 462.9886 29.8394 47.9244 0.000245
0 637.6685 326.3967 4.6630 30.1234 0.000227
0 84.2702 71.2438 17.6373 38.1065 0.000213
0 134.2775 160.2162 10.2567 9.5489 0.000180
0 636.0955 246.5829 7.8090 43.6213 0.000169
0 359.3020 280.3480 23.2557 25.6720 0.000165
0 268.4150 2.9355 23.6234 5.8711 0.000161
0 405.7109 295.7578 8.5021 10.0908 0.000159
0 46.2721 508.1033 25.3523 7.7933 0.000151
0 455.0445 385.1374 13.1688 11.8652 0.000149
0 630.9166 14.8337 18.0005 29.6674 0.000146
0 638.0223 314.8652 3.9554 39.8934 0.000141
0 439.9634 334.0219 20.0509 12.4639 0.000131
0 130.6574 509.4055 22.4957 5.1890 0.000121
0 108.5736 509.8395 24.3806 4.3209 0.000118
0 306.2323 337.3835 20.0549 37.6273 0.000114
0 630.3360 3.3835 18.8556 6.7670 0.000112
0 6.5267 100.1352 12.6491 47.2508 0.000112
0 635.0602 258.7050 9.8795 29.0868 0.000111
0 9.5214 5.6239 19.0428 11.2479 0.000107
0 24.5700 475.9141 25.2089 21.3303 0.000106
