0 309.9712 185.0322 24.0949 21.5138 0.801118
0 271.6697 236.7097 9.9083 17.7354 0.697956
0 412.8242 103.8391 17.1897 18.3454 0.673538
0 633.5850 119.5491 12.8300 36.5594 0.142383
0 436.7908 3.8890 26.4523 7.7781 0.006924
0 416.2913 133.9178 15.1897 21.8280 0.005502
0 6.5894 217.9595 13.1789 34.6200 0.003718
0 174.3459 62.6481 11.1030 13.5243 0.002341
0 636.1920 357.2136 7.6160 25.3751 0.002306
0 389.9911 503.4779 27.6973 17.0442 0.001668
0 637.1879 5.0124 5.6242 9.9649 0.001447
0 384.2707 499.9634 34.9300 24.0731 0.001403
0 636.3680 349.8962 7.2639 18.4294 0.001221
0 4.3689 209.7414 8.7378 29.0104 0.000812
0 636.5742 340.5963 6.8517 35.9144 0.000717
0 636.7542 130.9516 6.4423 48.4261 0.000685
0 638.0263 15.5801 3.9474 31.1601 0.000676
0 204.0615 386.4264 32.9561 39.7177 0.000644
0 559.2878 238.7325 20.8135 40.9122 0.000643
0 637.4777 200.4480 5.0446 43.7870 0.000622
0 635.8096 104.6852 8.3809 39.2169 0.000593
0 11.2697 214.7122 21.2120 28.5094 0.000541
0 190.2083 507.5088 24.3301 8.9824 0.000431
0 636.8385 424.6394 6.3229 48.9940 0.000411
0 6.3623 202.5232 12.7247 40.7083 0.000409
0 637.1814 214.4191 5.6371 42.0589 0.000408
0 588.8851 241.5276 22.9226 57.4890 0.000394
0 637.8054 182.8113 4.3892 41.1777 0.000346
0 633.4216 215.3661 12.9724 40.4791 0.000333
0 444.2023 4.4202 23.6737 8.6579 0.000323
0 2.4779 203.7692 4.9558 41.8855 0.000306
0 632.3871 3.5476 15.2258 7.0301 0.000300
0 2.2245 129.9005 4.4490 32.5142 0.000292
0 634.5551 135.9745 10.8900 48.2464 0.000286
0 347.5774 9.5373 14.0803 8.6193 0.000266
0 460.5319 509.0632 29.8119 5.8735 0.000258
0 637.7458 229.1840 4.5084 51.6671 0.000251
0 254.6371 220.6352 9.7719 11.6108 0.000251
0 400.2875 500.5697 43.9772 22.8090 0.000240
0 637.3671 147.7464 5.2659 36.2357 0.000238
0 636.8120 441.9438 6.3761 54.7482 0.000229
0 417.7695 499.5546 45.0338 24.8500 0.000228
0 323.7599 435.8565 9.7289 8.4020 0.000226
0 333.0714 2.9144 18.6973 5.8289 0.000225
0 514.3727 164.7393 20.7955 22.3259 0.000219
0 635.9216 206.8205 7.8644 36.6478 0.000217
0 563.1782 224.1218 15.9753 36.5488 0.000215
0 637.5573 266.1370 4.8855 37.3469 0.000214
0 489.3864 508.4868 22.4082 7.0265 0.000212
0 635.3073 12.7504 9.3855 25.5008 0.000195
0 250.6735 230.0252 17.0948 30.7786 0.000194
0 629.8611 232.6473 19.6980 52.2026 0.000186
0 158.0094 152.0829 11.6874 17.2640 0.000180
0 636.4909 93.0542 7.0182 42.7257 0.000177
0 632.3817 97.8482 15.2366 51.7231 0.000149
0 32.9692 98.8035 12.7028 14.5269 0.000140
0 158.4416 160.5559 13.2609 24.1754 0.000137
0 477.9338 509.2817 25.5253 5.4366 0.000134
0 230.3383 43.2608 28.0585 30.3932 0.000133
0 2.5541 118.9960 5.1082 32.4462 0.000132
0 429.7788 500.0905 28.0261 23.6852 0.000128
0 635.9576 190.0329 8.0631 43.4296 0.000125
0 637.6807 329.6928 4.6387 50.2907 0.000122
0 327.6385 3.2179 16.8807 6.4359 0.000121
0 568.7808 231.4538 17.8513 43.5043 0.000106
0 338.5496 3.3757 21.6316 6.7514 0.000105
0 637.7065 161.4476 4.5870 48.1160 0.000103
0 439.6881 274.7685 31.1289 50.2620 0.000103
0 118.6695 2.8774 23.0350 5.7548 0.000101
