0 298.7027 190.7805 26.8669 24.9910 0.811668
0 272.8999 234.6418 10.0966 21.2836 0.728237
0 634.3743 119.3588 11.2515 37.5056 0.069364
0 175.6887 61.7418 10.2314 11.7348 0.013453
0 437.0854 3.8894 26.0421 7.7788 0.005681
0 12.2487 215.7551 24.0496 30.7445 0.005078
0 200.2163 102.8835 6.8094 8.0791 0.002709
0 391.7826 503.4229 29.4929 17.1541 0.002250
0 191.1578 507.6677 21.5119 8.6646 0.002227
0 636.5569 360.7310 6.8862 31.6974 0.001330
0 6.1791 218.4085 12.3514 36.2916 0.001111
0 444.5708 4.4504 24.1183 8.7526 0.001069
0 589.5711 237.8817 24.2332 50.1627 0.000842
0 636.0781 108.6416 7.8439 42.6843 0.000828
0 348.6215 8.8752 14.3754 9.0880 0.000759
0 558.7419 237.1156 18.8040 35.6674 0.000714
0 637.0226 130.7433 5.8711 39.8066 0.000683
0 636.9509 351.4786 6.0982 17.8433 0.000651
0 637.4066 5.7900 5.1869 11.5682 0.000646
0 637.2155 195.1742 5.5690 54.4156 0.000616
0 637.7452 178.3609 4.5096 41.4299 0.000562
0 632.5403 127.3839 14.0403 23.0368 0.000557
0 475.8029 509.2868 21.6832 5.4265 0.000525
0 414.4755 499.0590 52.0743 25.4647 0.000495
0 635.0297 97.0122 9.9407 50.9962 0.000471
0 637.5297 215.5054 4.9406 39.9133 0.000469
0 3.3380 209.2039 6.6760 32.4110 0.000429
0 428.8561 499.6224 27.0455 24.5327 0.000423
0 465.7263 508.9977 29.2076 5.9575 0.000413
0 637.7029 151.1397 4.5942 38.9646 0.000402
0 515.7188 164.8361 21.7241 24.3566 0.000369
0 628.0671 118.9083 22.5325 37.6737 0.000358
0 637.2444 429.8870 5.5111 58.0793 0.000355
0 638.0181 16.6637 3.9637 33.3273 0.000348
0 384.7399 500.1346 42.0250 23.7308 0.000345
0 572.4451 236.3398 17.6702 37.1622 0.000321
0 1.9799 191.0763 3.9599 43.8746 0.000297
0 633.8915 216.8233 11.8779 38.9798 0.000267
0 637.1668 342.1768 5.6664 33.3506 0.000254
0 635.1410 4.6212 9.7180 9.1807 0.000242
0 3.8738 224.9764 7.7475 46.5184 0.000239
0 226.2582 509.1911 26.0271 5.6179 0.000236
0 69.0553 508.0724 27.0108 7.8551 0.000232
0 490.5016 508.8042 23.5299 6.3915 0.000227
0 205.1906 385.4274 34.3644 38.4032 0.000222
0 403.3122 502.2963 33.6840 19.4075 0.000203
0 637.3909 230.6191 5.2183 54.7675 0.000191
0 636.0820 266.2712 7.8361 35.1898 0.000188
0 333.0965 2.7617 17.6866 5.5137 0.000184
0 5.9661 200.9694 11.9322 48.1920 0.000178
0 635.1688 136.3335 9.6625 40.6392 0.000178
0 637.4524 273.9055 5.0952 36.7306 0.000177
0 251.0518 229.9419 16.4896 31.1001 0.000175
0 635.8217 205.5305 7.8887 42.0788 0.000172
0 445.3755 274.8533 24.9805 48.8362 0.000170
0 344.8662 6.0561 17.9749 11.9122 0.000169
0 181.3143 507.6554 27.7370 8.6893 0.000153
0 232.1342 42.3518 28.5443 29.2344 0.000145
0 447.7563 287.2625 19.9938 23.2690 0.000145
0 637.6141 260.3520 4.7717 38.9142 0.000140
0 338.8277 3.2651 20.4339 6.5302 0.000134
0 637.0264 89.1727 5.9473 38.1071 0.000127
0 294.9691 509.5592 22.7711 4.8817 0.000124
0 168.4820 149.1759 26.3239 27.6194 0.000116
0 327.4477 3.0058 17.3434 6.0116 0.000114
0 632.6188 232.3125 14.6168 58.2086 0.000112
0 188.3609 504.9647 25.8298 13.8747 0.000112
0 563.2167 229.2121 17.4436 43.8971 0.000108
0 637.3925 408.0756 5.2150 45.7726 0.000104
0 159.2905 150.8390 11.7941 19.1252 0.000104
0 322.0860 509.1848 26.7025 5.6304 0.000102
0 636.1292 183.2446 7.5676 36.6553 0.000100
