0 430.4143 381.9845 24.2672 33.6182 0.551858
0 390.8354 318.5816 17.2271 16.2760 0.459269
0 248.8493 317.3055 29.6198 29.0070 0.383640
0 108.5617 5.5720 19.6143 11.1440 0.155885
0 84.3732 168.7763 18.2055 27.9332 0.053286
0 28.8799 198.6223 18.0657 31.7754 0.036864
0 6.8614 413.6783 13.6146 17.5510 0.022394
0 14.5090 96.3777 18.4139 19.5336 0.020704
0 203.4260 163.9772 14.6075 23.0616 0.020674
0 194.1732 320.8718 21.3472 13.1243 0.012319
0 396.7623 507.8179 26.5815 8.3641 0.007092
0 417.0281 382.3131 28.5638 32.9260 0.006569
0 402.5450 508.9299 19.3873 6.1403 0.005413
0 635.4471 437.0864 9.1058 31.8036 0.005382
0 393.5063 504.8797 29.7822 14.2406 0.004525
0 9.3049 300.2151 17.4558 20.2349 0.003775
0 6.8080 403.5491 13.6161 39.5984 0.002818
0 117.4981 5.3326 39.4624 10.6652 0.002608
0 637.2195 449.9942 5.5610 43.8210 0.002146
0 385.1135 503.9517 27.0709 16.0966 0.001721
0 283.3831 501.4117 16.1118 14.5653 0.001417
0 637.4009 464.1909 5.1983 30.5702 0.001379
0 414.3212 389.3555 24.2023 18.3724 0.000924
0 267.0792 509.9792 16.8220 4.0415 0.000847
0 28.4207 316.7092 14.3188 28.5046 0.000836
0 6.7238 424.4733 13.4476 41.1826 0.000824
0 28.3643 190.9236 17.0846 16.1786 0.000810
0 99.8377 3.7645 29.9402 7.5291 0.000713
0 636.4447 426.9488 7.1106 39.6777 0.000651
0 635.4264 503.9347 8.9976 16.1306 0.000627
0 240.5494 317.4211 13.9902 29.0192 0.000614
0 394.6650 310.1332 20.1013 28.9405 0.000599
0 636.7535 473.5438 6.4930 41.4583 0.000543
0 194.2216 331.8223 21.5797 35.0533 0.000503
0 198.3573 6.0802 29.2781 12.1603 0.000485
0 240.7153 325.2193 13.5783 14.0021 0.000483
0 102.8435 7.8016 28.1894 15.6032 0.000478
0 2.8620 401.8885 5.7240 43.0496 0.000431
0 2.8181 463.6792 5.6361 31.1277 0.000395
0 207.3566 4.6003 31.2062 9.2006 0.000380
0 289.4065 503.0867 24.7911 17.2137 0.000354
0 2.8344 337.5285 5.6689 38.0717 0.000349
0 632.1526 434.1580 14.7971 31.6767 0.000343
0 33.7334 322.1517 23.9031 39.8285 0.000342
0 409.9103 390.6483 16.6921 13.8605 0.000334
0 422.8486 388.1943 23.0702 21.1840 0.000325
0 561.3090 394.1286 22.7062 26.0458 0.000310
0 8.9023 311.5320 17.5814 43.1464 0.000309
0 3.9836 431.9674 7.9673 55.4889 0.000304
0 431.5201 291.0923 10.5465 13.5653 0.000289
0 442.4378 509.8156 17.4589 4.3687 0.000283
0 5.9035 465.7986 11.8070 33.9421 0.000271
0 8.5728 508.7318 17.0359 6.5364 0.000256
0 636.3499 497.0400 7.3003 29.1204 0.000253
0 272.9176 508.1479 25.6873 7.7042 0.000237
0 2.2599 392.1694 4.5199 38.0550 0.000227
0 349.5526 503.0783 19.8341 17.5831 0.000227
0 277.5690 503.5082 27.1119 16.9836 0.000222
0 413.3293 214.8340 19.0306 32.3394 0.000214
0 9.1381 475.0295 18.2761 44.2798 0.000193
0 403.3229 505.3015 21.4626 13.3478 0.000186
0 489.4345 320.4973 14.2390 17.6587 0.000173
0 22.8567 318.9414 22.4408 33.0993 0.000173
0 261.1014 509.7155 20.2096 4.5689 0.000160
0 379.4362 507.5920 30.7717 8.8160 0.000150
0 435.4062 193.4444 30.2102 34.2350 0.000150
0 113.3132 305.8268 19.1266 26.9579 0.000143
0 458.3941 338.9046 21.4307 21.2898 0.000135
0 16.2255 3.8902 21.5502 7.7386 0.000133
0 631.1307 507.6699 16.9355 8.6602 0.000133
0 169.9691 4.1490 26.7727 8.2979 0.000132
0 40.8346 95.8764 14.7333 20.8573 0.000118
0 185.6114 5.8373 40.4435 11.6746 0.000117
0 400.5951 306.7878 24.7355 26.1686 0.000110
0 2.9830 445.4320 5.9660 59.0845 0.000110
0 217.1975 3.3740 26.1864 6.7480 0.000104
0 6.7318 337.1876 13.4635 38.6041 0.000102
0 131.0154 4.0736 35.1395 8.1472 0.000102
0 603.7047 189.4661 26.4197 28.2914 0.000101
