0 338.3829 309.0331 14.8306 35.9987 0.798958
0 264.9493 253.1549 18.1647 36.7047 0.783555
0 612.8967 256.1526 19.8536 25.8086 0.482592
0 3.0116 13.9428 6.0231 27.8857 0.030377
0 1.9483 98.6391 3.8966 30.8204 0.011041
0 636.2162 52.4139 7.5676 47.1877 0.009479
0 4.9685 9.7613 9.9370 19.5225 0.008948
0 352.9811 103.6216 20.6492 31.4379 0.008854
0 198.7865 4.7325 17.6185 9.4101 0.005456
0 33.8057 240.1136 21.3510 24.9774 0.004251
0 4.8821 98.7779 9.6135 27.2234 0.002986
0 239.1826 149.1995 13.2377 21.7394 0.002594
0 342.3558 103.4369 29.3177 31.8439 0.002386
0 24.8310 495.9706 32.1137 31.9017 0.002067
0 194.0696 6.5943 18.5003 13.1219 0.001844
0 7.0359 14.4503 13.5951 28.9006 0.001505
0 4.3950 21.5843 8.7900 37.4691 0.001463
0 115.6339 118.8273 15.7506 32.4234 0.001163
0 139.6192 3.5259 11.9566 7.0518 0.001095
0 8.1830 5.5404 16.3659 11.0807 0.001090
0 637.0381 64.0446 5.9239 41.3767 0.000992
0 322.5418 506.6895 20.9166 10.6210 0.000953
0 311.4841 299.4833 13.5188 24.9924 0.000949
0 281.7301 225.9835 14.9312 16.8620 0.000900
0 143.2672 4.2016 15.1949 8.4032 0.000895
0 202.3569 11.3519 19.5222 20.5292 0.000825
0 6.9669 110.0613 13.8975 45.7973 0.000812
0 205.9354 2.9784 22.4075 5.9568 0.000786
0 492.7962 508.5247 21.3240 6.9506 0.000764
0 23.2375 506.2679 27.1207 11.4643 0.000763
0 2.8139 113.7853 5.6279 56.0038 0.000688
0 191.0649 3.7919 19.6773 7.4304 0.000646
0 637.4562 42.1698 5.0876 41.1983 0.000561
0 203.5787 19.9433 18.6155 30.4220 0.000467
0 35.6823 507.8632 25.3222 8.2736 0.000465
0 287.5456 225.7921 25.7734 20.8552 0.000412
0 205.1787 6.3687 22.5853 12.7373 0.000343
0 41.3606 238.2148 12.8922 23.0829 0.000337
0 140.3646 8.9385 11.2242 17.8769 0.000322
0 42.4060 508.3383 20.4341 7.3234 0.000309
0 526.8552 328.2354 36.7283 41.7908 0.000275
0 34.0077 500.0959 25.5887 23.5911 0.000269
0 3.1087 29.8148 6.2174 33.1446 0.000249
0 417.4088 403.6299 19.3800 35.7201 0.000224
0 503.3658 507.9432 38.8065 8.1136 0.000216
0 483.8182 508.8236 22.1047 6.3527 0.000210
0 45.5379 387.1796 14.7047 21.0440 0.000208
0 44.8374 232.6406 14.2885 15.2057 0.000207
0 38.4334 233.8693 14.3209 14.9580 0.000203
0 332.0683 101.8806 12.1567 16.6973 0.000196
0 183.8604 2.6902 17.8615 5.2416 0.000184
0 102.6345 106.5147 39.7734 54.8870 0.000182
0 1.4625 406.8081 2.9250 43.0118 0.000179
0 278.7631 210.2513 12.1034 16.9918 0.000178
0 336.1148 79.2790 36.2145 59.1373 0.000173
0 353.1045 95.1001 19.1649 15.3500 0.000156
0 637.8661 109.6454 4.2677 40.4693 0.000154
0 2.0013 255.5417 4.0027 39.7574 0.000147
0 83.2415 3.7355 14.0501 7.3896 0.000146
0 315.4193 500.0645 27.2172 23.8709 0.000145
0 637.5204 455.4725 4.9593 36.4280 0.000140
0 1.8328 243.8395 3.6656 30.1144 0.000140
0 329.6919 506.9737 29.1976 10.0527 0.000136
0 312.6152 293.1766 14.1107 13.7919 0.000133
0 635.3081 69.4937 9.3838 43.8668 0.000133
0 10.2943 118.5605 20.5886 53.7064 0.000123
0 16.8763 496.4293 16.3277 30.8836 0.000116
0 167.2659 3.6422 19.1932 7.2468 0.000111
0 500.9007 167.5801 25.8123 35.4930 0.000110
0 416.7029 130.2151 19.4225 14.8198 0.000106
0 28.0033 240.0991 15.3955 22.2453 0.000104
0 279.4201 219.4597 12.2729 23.2421 0.000104
0 503.0620 501.2891 44.1578 21.0935 0.000103
