0 19.6401 269.6371 26.7362 74.8317 0.741077
0 111.0227 269.7002 14.6691 73.7116 0.702922
0 130.7388 261.2449 12.4540 66.1203 0.556641
0 120.4389 266.6594 31.6622 78.8492 0.066229
0 130.0824 239.2789 10.3419 22.6825 0.009767
0 138.2268 239.0612 7.0737 25.4521 0.004474
0 138.2856 249.2615 8.0746 42.7490 0.003441
0 134.9520 264.8578 11.0243 58.9154 0.002472
0 113.9679 278.9532 8.4843 55.8218 0.000357
0 138.7627 266.8503 9.5050 53.2943 0.000309
0 2.1160 282.3778 4.2320 56.9718 0.000124
0 2.7913 257.2616 5.5826 64.9346 0.000100
