0 106.9101 265.7628 23.2488 86.3205 0.734190
0 52.1852 261.8960 13.7204 75.7379 0.663033
0 111.4234 231.8278 10.0898 17.4962 0.114676
0 114.1954 264.8376 15.7931 81.7283 0.023148
0 103.4242 229.6978 9.1595 14.2171 0.004286
0 112.2168 247.9239 11.9674 48.4439 0.003858
0 113.3261 236.4934 13.3337 26.3518 0.003463
0 157.3701 245.4770 10.4998 31.2427 0.003455
0 154.4398 241.1989 6.5063 22.5283 0.002275
0 160.9030 245.4768 8.3461 29.2669 0.001998
0 103.1422 245.1491 13.0496 44.4553 0.000784
0 156.2712 255.5467 9.4978 53.4874 0.000523
0 2.0828 262.4753 4.1656 60.0012 0.000242
0 109.7598 279.7599 15.6945 58.4848 0.000154
0 638.0908 282.5577 3.8185 72.8074 0.000114
