0 123.2034 264.4000 19.6650 84.1731 0.769219
0 69.9567 261.1910 13.2231 74.2352 0.711351
0 129.9141 237.1806 7.4985 29.1985 0.014526
0 121.8507 228.1915 8.4315 11.7314 0.002565
0 173.1174 249.4858 7.3404 25.5071 0.002239
0 173.0896 258.4739 8.3825 46.6772 0.001809
0 130.5465 257.9423 8.8556 72.1673 0.001781
0 12.9662 243.3847 8.6851 37.8905 0.001446
0 177.8820 246.8079 7.3823 20.6308 0.001257
0 124.6215 228.9132 8.1010 12.8448 0.000794
0 172.3876 243.3960 6.3660 18.3093 0.000254
0 1.9766 247.4617 3.9532 44.1520 0.000251
0 127.1588 238.1821 8.1684 30.9026 0.000238
0 70.0891 275.7681 9.2722 45.8196 0.000229
0 129.6631 229.2440 7.2212 16.7635 0.000169
0 173.7677 240.6235 6.5082 17.7660 0.000153
0 2.2622 234.2911 4.5066 50.2069 0.000105
