0 528.7167 259.2876 19.7971 55.3915 0.829457
0 212.9568 259.2436 16.0585 51.8740 0.799643
0 291.3113 259.1771 13.1403 61.5530 0.743862
0 252.6861 260.8303 12.9932 52.2515 0.722303
0 1.9244 245.6860 3.8489 40.0488 0.000632
0 293.3378 232.9198 7.8894 12.9187 0.000526
0 563.2875 241.0401 13.3782 38.0359 0.000351
0 1.6275 233.1544 3.2238 32.2722 0.000212
0 637.9402 285.8905 4.1196 80.6945 0.000210
0 313.5598 249.4342 4.8538 21.8853 0.000146
0 522.7812 252.3949 8.7587 39.8772 0.000131
0 292.8820 248.8530 9.7344 41.0075 0.000128
0 1.6147 261.1843 3.2293 61.0065 0.000127
0 242.8815 245.1310 8.8010 36.5723 0.000115
0 636.1384 286.6211 7.4384 85.6920 0.000112
