0 275.4070 261.6033 18.5732 49.0959 0.815213
0 548.2150 258.6334 20.0549 54.6721 0.804341
0 176.2427 260.3723 12.6717 53.5731 0.753376
0 313.5529 255.7408 13.6632 46.4442 0.710164
0 2.0930 245.5721 4.1704 32.9232 0.001076
0 1.7913 258.9325 3.5827 38.4251 0.000462
0 259.7816 254.6847 10.4596 57.3842 0.000318
0 638.0192 273.8730 3.9617 80.6478 0.000200
0 3.5977 242.9774 6.9478 36.6531 0.000186
0 541.4877 258.6824 10.4771 52.8618 0.000162
0 539.4530 250.2120 8.0701 37.6445 0.000134
0 579.1840 236.1979 13.6404 44.5022 0.000121
