0 398.3531 272.5346 25.4203 72.5804 0.804827
0 217.9217 270.6223 12.9306 57.8347 0.732502
0 294.7172 264.9323 11.1943 55.6192 0.624243
0 2.3516 209.8355 4.7032 45.8213 0.001123
0 2.3968 302.6691 4.7936 66.1239 0.000636
0 4.8445 297.3049 9.6890 80.0411 0.000413
0 229.2800 271.1417 6.4161 54.4333 0.000365
0 2.0056 267.0023 4.0112 63.6583 0.000321
0 2.2353 232.4142 4.4706 76.2988 0.000276
0 2.5429 183.5961 5.0593 69.2330 0.000216
0 2.0928 255.9712 4.1856 31.8541 0.000194
0 290.0846 264.4721 14.1851 54.2973 0.000179
0 3.8062 215.6501 7.4899 54.2041 0.000174
0 409.1810 238.9383 7.8658 24.8196 0.000162
0 9.2411 170.9595 17.3681 64.6619 0.000159
0 4.9275 232.1783 9.8550 76.2536 0.000120
