0 351.3228 268.9469 16.6177 49.3152 0.795412
0 265.3013 270.4424 8.5724 57.1156 0.694854
0 453.4129 272.5037 14.0368 72.1088 0.676230
0 637.2562 254.0056 5.4876 29.8912 0.000749
0 347.0257 265.1584 8.7529 37.6171 0.000473
0 1.8801 280.4592 3.7601 61.5382 0.000422
0 4.8582 223.6694 9.7163 59.6906 0.000292
0 636.0200 259.4352 7.1899 39.0490 0.000277
0 356.6979 266.1642 6.0809 47.5349 0.000203
0 1.7636 259.7849 3.5272 47.7653 0.000154
0 637.8247 246.5651 4.3506 27.2895 0.000140
0 6.2179 21.3145 12.4358 42.6289 0.000137
