0 238.5346 266.2731 9.8578 41.3467 0.371643
0 191.6494 285.8467 7.4093 12.6971 0.179126
0 243.1109 273.6492 7.7561 48.6768 0.126612
0 260.3327 291.8893 11.4391 14.4956 0.020500
0 242.1267 262.2880 7.4780 33.2040 0.011747
0 247.0353 274.4162 14.3301 50.4610 0.001602
0 240.4558 281.0321 8.6172 45.8699 0.001571
0 242.2551 249.5178 7.0606 10.4083 0.001513
0 238.0757 256.2728 7.4636 23.5461 0.000750
0 253.8937 272.3865 6.3123 44.9044 0.000484
0 191.6024 279.6375 7.4769 25.0906 0.000340
0 251.9303 276.5240 14.6924 45.0685 0.000204
0 195.3398 284.0850 18.6636 21.4015 0.000161
0 234.6149 265.6778 11.7383 41.8333 0.000148
0 2.8102 245.1095 5.6203 33.5063 0.000132
0 2.4974 261.3558 4.9948 48.1353 0.000130
0 638.6129 238.5167 2.7743 43.0844 0.000122
0 261.3414 298.3871 14.0753 27.8680 0.000107
