0 245.4441 278.4328 18.0651 53.5515 0.792166
0 369.5139 295.7717 17.0164 74.0267 0.791684
0 434.7311 290.1132 21.3752 68.9174 0.728993
0 318.9980 302.2604 14.8118 71.1047 0.709804
0 434.8889 258.5886 14.0914 11.0036 0.032348
0 443.3813 286.4822 10.7771 62.2302 0.015504
0 423.8006 273.1652 7.8865 36.4656 0.009628
0 442.3007 262.5281 7.9414 15.2975 0.006767
0 427.1110 277.9501 10.5084 45.9048 0.005884
0 443.5864 272.0309 10.0166 33.3249 0.003954
0 430.3718 259.6665 12.9512 12.9301 0.003167
0 425.7703 257.3780 8.4965 9.7236 0.002088
0 425.4894 264.2083 7.8596 21.3244 0.002085
0 437.5557 271.1328 11.4449 33.8652 0.001916
0 10.5340 271.8015 20.8023 81.2131 0.001667
0 441.4044 256.9040 8.3959 9.8056 0.001577
0 433.9187 273.8825 14.6886 40.0351 0.000846
0 430.6313 254.7408 18.8382 14.7387 0.000690
0 343.9917 295.3686 66.4790 81.2541 0.000245
0 436.0482 254.0252 16.4938 15.9100 0.000237
0 5.3789 267.7768 10.7579 88.5105 0.000223
0 424.5988 254.5511 10.4332 13.7101 0.000173
0 441.5080 252.1801 9.0006 13.5861 0.000117
