0 360.1095 285.6471 24.3204 69.8214 0.683392
0 343.5872 303.5512 13.4309 39.2112 0.618393
0 346.6259 268.2938 11.2421 29.9745 0.363816
0 350.7584 281.5068 11.0016 58.8199 0.092462
0 351.3203 303.1297 8.6134 39.4761 0.037142
0 348.7416 260.0263 9.9772 17.5189 0.016868
0 352.8584 253.3299 9.1619 10.1254 0.016519
0 344.6658 261.6572 12.4053 20.8302 0.004108
0 346.0708 295.5759 10.6401 31.8034 0.002914
0 352.2057 268.2430 9.6447 35.0292 0.002029
0 346.9515 256.1108 12.0226 12.9894 0.001578
0 352.7852 249.9250 10.3871 10.5184 0.000856
0 631.8584 251.2514 11.1238 19.9836 0.000643
0 349.4037 249.9923 12.0646 12.1323 0.000574
0 1.7313 274.5679 3.4625 63.6368 0.000431
0 341.7517 256.6167 17.0309 18.6736 0.000357
0 626.9901 166.1769 26.0199 195.4064 0.000308
0 344.1937 251.2398 16.8932 17.6416 0.000286
0 637.8277 279.4856 4.3446 88.9464 0.000181
0 358.0927 251.5812 15.1532 8.3977 0.000147
0 342.5496 266.2964 14.2216 31.8138 0.000120
0 634.9758 282.1250 10.0485 95.8302 0.000115
0 1.5770 303.0801 3.1367 64.5026 0.000110
