0 313.9059 287.2526 12.7394 60.4607 0.743995
0 274.4302 292.9643 16.4604 88.2322 0.735456
0 249.0255 294.1661 15.4849 81.5760 0.733567
0 342.6318 284.3937 15.6174 60.3882 0.679673
0 333.6893 288.6048 13.5187 60.2393 0.577854
0 340.6788 258.5424 10.7599 9.1628 0.001500
0 332.2096 261.2604 8.4709 9.7147 0.001097
0 324.0860 287.4059 31.9626 63.8025 0.000636
0 341.2358 266.9159 12.2140 25.1653 0.000612
0 344.5656 295.1215 11.5505 38.7018 0.000342
0 337.1073 292.7143 8.3628 52.8987 0.000276
0 416.3115 159.9098 447.3770 319.8196 0.000246
0 270.5168 298.7799 11.8407 76.4839 0.000237
0 272.0940 159.7862 478.6917 319.5724 0.000153
0 306.7492 261.3626 8.4331 12.5928 0.000121
