0 206.7325 292.6557 15.3895 82.3200 0.772140
0 293.1717 287.2679 15.5277 61.0485 0.765709
0 271.7764 284.7827 13.1565 59.2684 0.728386
0 232.1374 290.9285 16.5429 89.3563 0.665999
0 288.9489 286.8268 8.5597 59.3478 0.003088
0 288.5663 257.6037 9.7004 12.2869 0.001021
0 2.0987 266.8303 4.1975 57.5648 0.000661
0 291.6328 259.3276 9.8769 11.9189 0.000261
0 367.6420 159.9168 477.9995 319.8336 0.000252
0 18.2071 264.7688 10.5931 37.8813 0.000172
0 286.9395 253.3667 9.3083 9.2250 0.000157
0 4.2361 267.4917 8.0805 61.1114 0.000145
0 223.7585 159.8143 447.5170 319.6285 0.000142
0 464.2844 159.8348 351.4313 319.6696 0.000136
0 269.9379 261.8322 8.3630 14.3185 0.000121
0 219.7867 290.1911 40.4014 89.0617 0.000113
0 296.8181 259.3364 8.6698 11.4269 0.000108
0 464.2869 352.2250 351.4262 319.5500 0.000103
