0 454.9717 314.6844 24.0369 97.8170 0.806149
0 352.0933 299.0556 9.4931 32.5787 0.716113
0 611.5991 312.9066 8.3201 26.2588 0.367791
0 623.7749 318.3609 32.4501 96.6505 0.056867
0 615.1478 303.2283 15.5159 46.4301 0.010530
0 623.5782 290.6387 32.8436 72.3833 0.003130
0 638.3901 296.2688 3.2197 55.0333 0.002247
0 637.9105 313.9136 4.1791 89.4802 0.001196
0 634.5118 319.2462 10.9741 98.5298 0.000666
0 614.2849 315.2938 13.1843 34.1255 0.000491
0 8.8096 306.2290 17.1544 98.6051 0.000452
0 635.5693 300.4094 8.8613 57.0114 0.000346
0 175.5180 175.9608 351.0359 351.9217 0.000312
0 638.5337 276.3621 2.9326 48.7807 0.000291
0 3.3528 305.3367 6.7057 100.9090 0.000251
0 615.6756 325.2910 15.8243 59.0933 0.000181
0 611.6375 298.2074 9.3059 56.4521 0.000170
0 359.2669 299.1848 17.0592 36.6050 0.000151
0 16.3426 303.2401 17.2867 92.2321 0.000115
