0 456.3928 314.7648 38.2997 96.5360 0.846466
0 599.3613 318.2109 15.2295 91.8663 0.786201
0 344.6394 293.9282 11.1945 65.5066 0.665854
0 1.9851 300.3804 3.9701 81.2613 0.002734
0 10.3031 296.3317 20.3634 84.4429 0.002594
0 4.8323 297.1213 9.5832 87.6908 0.001299
0 614.4556 315.9795 44.2520 96.0718 0.001030
0 595.4489 292.9173 7.0859 20.6151 0.000714
0 598.2039 292.7358 12.3743 35.4402 0.000328
0 175.4894 175.8766 350.9789 351.7532 0.000307
0 634.6132 275.6558 7.6106 28.7877 0.000305
0 3.9628 322.5902 7.8051 104.8846 0.000299
0 2.1143 332.9323 4.2287 104.9409 0.000291
0 472.3473 292.6912 6.1995 42.7812 0.000217
0 200.8139 269.2180 8.2581 28.4772 0.000163
0 7.1145 313.5507 13.9572 92.3840 0.000162
0 602.1520 286.9108 9.2559 30.9958 0.000153
0 637.8718 338.1647 4.2565 61.0113 0.000136
0 636.1277 283.3768 7.5768 26.8262 0.000101
