0 519.5363 278.6556 21.0760 39.3748 0.801752
0 307.8337 342.0500 22.8198 44.6107 0.775556
0 175.7160 322.8297 23.8174 46.9937 0.739858
0 189.7779 388.0885 16.3401 47.0847 0.351380
0 198.0375 388.5853 24.3722 47.2925 0.034947
0 201.9055 399.7304 26.8663 25.0139 0.001338
0 1.9700 468.0792 3.9399 58.9706 0.000596
0 1.5786 483.3323 3.1572 36.5905 0.000455
0 7.0317 317.1532 14.0634 38.9531 0.000389
0 1.7444 493.9017 3.4888 36.1967 0.000194
0 637.8016 346.7476 4.3969 48.3474 0.000147
0 30.2357 375.9603 12.9827 24.4003 0.000145
0 205.4178 390.4740 22.8318 42.7432 0.000144
0 574.4053 337.4987 13.5168 26.0464 0.000137
0 5.0975 472.9540 10.1950 51.8367 0.000116
0 269.9015 508.8788 22.9072 6.2425 0.000113
0 183.0787 388.6140 24.1526 47.3364 0.000104
