0 281.2822 285.1609 20.9697 69.0968 0.789079
0 317.7399 284.4897 17.1775 67.6823 0.729882
0 301.1166 298.3320 24.3456 91.0034 0.662021
0 2.6213 302.9825 5.2427 51.0494 0.057596
0 2.9451 282.3825 5.8903 73.6913 0.013168
0 2.7296 323.9985 5.4592 99.1133 0.011527
0 6.4875 293.7320 12.9750 56.6238 0.006110
0 7.1084 270.8195 14.1998 77.8315 0.001385
0 4.5158 303.8159 9.0317 105.7710 0.001122
0 289.9294 288.9514 8.8922 59.4811 0.000726
0 11.5557 263.1674 22.8446 102.5922 0.000230
0 1.6643 141.6602 3.3286 48.0229 0.000169
0 11.2170 283.4812 18.8137 44.0240 0.000138
0 6.8343 319.9044 13.4308 80.1696 0.000127
0 635.0749 289.5638 9.8136 97.9349 0.000123
