0 73.4449 394.0354 51.8354 113.2469 0.888782
0 211.5991 354.9930 44.3787 92.7457 0.870037
0 460.2646 294.0851 22.7750 103.0662 0.721858
0 7.6613 329.8444 14.8481 55.6045 0.004479
0 6.6573 182.0137 13.3145 20.5671 0.003123
0 6.3992 356.2516 12.7708 71.3577 0.002296
0 226.4170 357.0887 15.6626 82.6339 0.002133
0 200.4331 354.9696 22.7289 91.2363 0.001546
0 2.7664 435.1157 5.5328 70.2200 0.001182
0 637.9529 243.2497 4.0941 92.8997 0.000954
0 1.9139 448.2990 3.8277 57.8882 0.000552
0 638.2300 300.6392 3.5401 94.0593 0.000421
0 6.7577 195.1093 13.5153 49.5844 0.000408
0 637.6232 205.9361 4.7535 82.7992 0.000184
0 472.3219 295.9592 7.7123 86.7613 0.000166
0 636.2822 249.1429 7.3993 98.5730 0.000144
