0 615.7219 246.9152 48.5563 165.5264 0.877675
0 322.1260 243.3577 40.2063 119.8936 0.872242
0 32.7142 275.7079 45.4755 98.7260 0.848175
0 295.8708 13.2996 35.3677 26.5613 0.001360
0 637.0701 445.4990 5.8599 65.9791 0.000825
0 636.9601 244.2747 6.0798 103.8301 0.000659
0 3.1951 399.5934 6.3901 91.7219 0.000524
0 637.6822 462.8126 4.6356 69.3253 0.000256
0 286.3577 13.1879 18.9454 25.4460 0.000218
0 637.5814 426.5831 4.8372 62.0736 0.000200
0 175.9182 266.3267 25.5369 50.7328 0.000174
0 55.4444 95.0602 40.8144 63.4231 0.000160
0 637.9344 409.7409 4.1311 54.5416 0.000156
0 3.3542 293.7437 6.7085 66.3416 0.000149
0 168.8275 270.6674 47.0471 67.5493 0.000133
0 256.6609 310.5126 38.3881 51.5029 0.000130
