0 544.2332 243.8109 93.1279 167.8284 0.895403
0 320.5310 242.1095 38.8708 118.5186 0.878883
0 28.2394 274.4749 33.8143 98.3992 0.807558
0 241.9220 237.9124 18.4640 65.6294 0.667598
0 287.2202 12.6234 22.5286 25.0236 0.001229
0 189.9197 173.5050 19.4310 22.8067 0.000365
0 637.4114 402.5363 5.1772 49.1293 0.000302
0 520.6166 242.4092 46.4445 164.8025 0.000254
0 3.6628 290.7393 7.3257 78.7375 0.000236
0 294.5960 7.4624 36.3395 14.9249 0.000221
0 2.4498 405.1863 4.8996 99.4467 0.000137
0 297.8961 13.0032 43.9886 26.0064 0.000136
0 636.8603 457.7650 6.2794 50.2426 0.000135
0 168.7169 269.5544 48.9572 67.7190 0.000111
0 425.0218 257.1831 40.4022 68.1476 0.000105
