0 545.2677 242.0529 67.8848 160.5462 0.870292
0 400.2877 239.4675 37.6656 121.1943 0.853895
0 110.9018 280.9117 33.4399 95.8221 0.803768
0 323.4070 243.3811 22.7952 75.6442 0.796440
0 522.1749 216.5716 22.4384 106.0779 0.001717
0 508.2527 222.0363 46.4905 118.9517 0.001664
0 53.4858 15.3757 26.6752 30.7515 0.000968
0 248.8328 266.3620 32.9981 54.0228 0.000760
0 530.9332 225.8404 40.3167 128.1454 0.000649
0 49.8327 3.8570 24.0058 7.7121 0.000302
0 360.7499 12.0598 28.3427 24.1196 0.000237
0 53.4389 6.4361 27.5077 12.8723 0.000157
0 9.1982 22.7778 18.3965 45.5556 0.000150
0 330.4357 307.6866 32.4545 46.6093 0.000110
0 9.8012 5.2558 19.6024 10.5002 0.000110
