0 505.9695 284.8812 45.3402 87.9246 0.878847
0 398.5006 237.6687 38.0360 119.8156 0.874921
0 124.4279 280.6586 52.0882 87.6928 0.871727
0 322.1859 230.2892 21.2848 49.8983 0.734693
0 252.2867 267.8434 38.3976 70.8198 0.034719
0 324.9111 302.5117 32.5420 50.2827 0.001121
0 43.4944 3.2171 25.4082 6.4036 0.000380
0 360.8297 11.3055 33.7597 22.6110 0.000352
0 126.2235 101.0294 34.9005 59.0448 0.000291
0 49.7418 4.6830 30.7023 9.3660 0.000233
0 50.5393 13.2743 31.8774 26.5486 0.000139
0 637.4603 378.7106 5.0793 65.6604 0.000128
0 374.1780 5.6075 20.6018 11.2150 0.000103
