0 122.0064 277.5175 58.6178 94.9048 0.882526
0 507.9930 284.2226 47.2944 91.0760 0.880764
0 396.7941 239.7378 43.2621 119.8366 0.871411
0 206.1355 271.6677 30.6219 71.9086 0.092604
0 198.1865 273.0273 15.6753 68.1300 0.000741
0 362.0346 11.3967 33.4552 22.7935 0.000476
0 48.7095 4.1169 35.1806 8.2239 0.000349
0 249.5598 262.5351 30.4662 47.8979 0.000273
0 104.5255 273.8497 24.7902 86.5972 0.000260
0 57.6919 5.1931 33.6617 10.3660 0.000191
0 10.2916 21.1099 20.0131 42.2198 0.000174
0 1.9987 311.1634 3.9974 74.6702 0.000108
