0 506.2539 284.5044 45.8948 91.0659 0.884191
0 397.2141 240.1490 40.0813 120.8102 0.865897
0 131.1272 282.8029 37.0096 82.8316 0.714147
0 106.3687 279.1373 29.5086 92.9136 0.608930
0 252.5612 267.6258 39.2140 71.2258 0.038645
0 44.7957 4.1490 26.7166 8.2703 0.000663
0 8.6071 5.3715 17.2142 10.7429 0.000332
0 261.0268 177.1389 20.8399 25.7523 0.000181
0 8.2325 15.6722 16.4649 31.3443 0.000178
0 53.5763 5.5239 37.7216 11.0478 0.000159
0 360.5199 11.8012 33.8503 23.6025 0.000154
0 2.2388 309.5958 4.4776 83.0067 0.000131
0 13.9132 6.8462 27.8264 13.6924 0.000127
0 637.7766 369.2602 4.4467 77.3272 0.000118
