0 149.1129 328.3056 24.0209 64.5038 0.795930
0 369.9067 321.7066 33.6304 39.7093 0.717158
0 166.1400 321.6010 20.8091 65.4631 0.539785
0 243.3420 312.2279 19.7815 71.2064 0.136311
0 421.9318 321.5917 20.2914 33.8207 0.019008
0 70.2903 343.5069 21.7644 46.5947 0.008217
0 247.2378 287.9901 11.9648 21.8508 0.002618
0 2.7526 318.2761 5.5052 80.8755 0.001394
0 515.0166 8.2955 23.8794 16.5756 0.001083
0 1.9110 213.6951 3.8221 70.2571 0.000336
0 631.4303 5.5388 17.1395 11.0564 0.000322
0 1.8751 334.4141 3.7502 75.9031 0.000260
0 627.7932 415.7256 24.4136 191.6122 0.000255
0 516.3167 17.1385 26.1864 34.2769 0.000236
0 2.0126 363.4126 4.0253 87.5774 0.000162
0 511.3044 4.9499 24.7537 9.8134 0.000160
0 1.6729 195.1137 3.3457 60.7322 0.000153
0 2.5227 296.8942 5.0455 50.6210 0.000122
0 525.8472 10.0492 48.4738 20.0250 0.000121
0 3.1545 173.7396 6.3089 78.9763 0.000114
0 379.9949 318.2639 14.0964 32.6512 0.000109
0 3.9850 334.6394 7.8357 80.4276 0.000103
0 503.2495 8.3632 48.8540 16.7130 0.000102
0 245.5743 296.8221 15.3329 39.8461 0.000100
