0 141.4580 236.5415 41.3910 138.7800 0.864665
0 477.5008 269.5339 40.3945 130.4372 0.771740
0 468.3625 312.0677 18.6821 46.7780 0.738622
0 488.8800 304.4432 18.4833 52.3032 0.269145
0 614.8151 363.3859 50.3461 187.7141 0.005580
0 624.2062 424.5040 31.5875 174.9919 0.000749
0 137.0023 266.6231 33.7681 78.3536 0.000393
0 629.0140 454.6259 21.9720 114.7481 0.000378
0 71.5962 227.3737 27.3441 74.8040 0.000274
0 408.3624 18.6611 48.3256 37.3222 0.000200
0 627.2234 10.8671 25.5533 21.7342 0.000193
0 636.9559 259.8364 6.0883 55.2902 0.000136
0 624.0646 303.0551 28.1794 28.9698 0.000123
0 632.0820 21.0113 15.8359 42.0227 0.000117
0 604.0259 388.0871 71.9482 243.3145 0.000116
0 629.6995 103.9652 20.4377 67.7912 0.000108
