0 35.8021 176.7729 24.9575 46.6706 0.813397
0 245.0452 230.2444 21.4316 77.7352 0.016266
0 211.2515 228.4428 23.8120 46.1367 0.003648
0 637.6852 356.4121 4.6295 70.9828 0.002463
0 635.6330 354.0870 8.7340 74.4677 0.001177
0 12.8464 347.8921 25.4915 157.1317 0.000621
0 208.8298 6.2375 35.8224 12.4750 0.000596
0 637.4670 387.0475 5.0659 74.3571 0.000401
0 637.1509 195.4036 5.6981 43.2093 0.000282
0 223.2699 6.3696 44.9948 12.6248 0.000236
0 387.8172 381.6447 27.0774 90.6263 0.000185
0 635.1285 191.9683 9.5659 48.6372 0.000171
0 635.5227 392.7103 8.9547 83.0056 0.000141
0 631.7540 352.2325 15.8665 76.6567 0.000113
