0 195.8784 318.1683 22.6489 38.6763 0.821298
0 108.9182 296.7573 21.4526 52.2509 0.682919
0 635.6060 250.4987 8.7880 86.9406 0.005828
0 224.5891 346.8093 29.9611 26.7847 0.005328
0 494.4455 336.0366 10.0097 27.8528 0.001424
0 511.0185 425.0850 56.0181 63.6100 0.001304
0 631.7609 253.9260 16.1453 92.2165 0.001087
0 602.8225 473.1957 72.9202 76.8502 0.001058
0 637.5670 257.9883 4.8661 93.8744 0.000406
0 1.5430 281.9479 3.0861 70.2288 0.000349
0 623.8228 473.7804 32.3545 76.4392 0.000277
0 210.8349 298.8266 9.7839 51.1607 0.000237
0 7.3066 397.3682 14.6133 137.1519 0.000224
0 636.5995 282.2925 6.8010 55.2980 0.000201
0 251.5009 272.7056 13.2819 50.0320 0.000193
0 486.2540 327.3961 26.5131 45.3232 0.000175
0 242.5372 274.4577 27.0028 46.7950 0.000158
0 636.5768 472.9931 6.8463 78.0137 0.000135
0 631.4765 472.4857 16.9589 79.0287 0.000125
0 637.0474 302.3629 5.9053 81.2831 0.000122
0 634.4810 295.0039 10.9448 72.5101 0.000119
0 201.6355 330.8515 33.3613 65.0869 0.000110
0 214.7709 332.9165 52.3217 55.8174 0.000109
