0 216.0307 349.2255 25.4962 76.6602 0.673055
0 88.8813 490.6567 44.8001 42.6866 0.225663
0 418.5676 456.6232 37.3094 110.7122 0.079853
0 102.0504 490.7621 34.5071 42.3438 0.076450
0 77.2491 235.9516 42.6059 98.7358 0.041559
0 94.3539 478.3617 18.6257 17.7326 0.034190
0 96.4426 484.7029 23.7095 30.1298 0.019333
0 67.2265 208.2032 22.1421 46.3919 0.016033
0 89.7620 481.3521 22.7699 24.0172 0.011118
0 306.3922 477.3433 78.0394 69.2808 0.009839
0 633.5859 89.8180 12.7283 55.8971 0.009621
0 88.8907 245.7379 21.3361 78.6420 0.006398
0 420.3397 491.7592 41.9733 40.4817 0.005673
0 82.4666 480.6071 29.2198 30.4395 0.003120
0 101.7859 479.0317 36.6488 19.4425 0.002199
0 424.9099 240.4791 20.3458 52.4260 0.002068
0 521.2263 268.9008 51.8737 97.4518 0.002005
0 95.1003 483.9574 70.7119 55.6788 0.001577
0 629.2316 491.4733 21.5369 41.0535 0.001502
0 294.2520 384.3779 23.9677 46.2567 0.001415
0 635.4274 37.7563 9.1021 47.5357 0.001241
0 637.1713 89.0037 5.6573 57.3622 0.001113
0 2.8361 459.8819 5.6723 52.3533 0.000996
0 73.1537 486.9408 77.0866 50.1183 0.000895
0 426.1156 225.7900 17.3331 22.7678 0.000776
0 81.7698 471.9193 25.2455 28.9341 0.000366
0 636.4150 51.5946 7.1699 85.7169 0.000360
0 619.9362 492.9247 40.1277 38.1506 0.000323
0 48.6636 72.9285 36.7623 48.0090 0.000256
0 635.1635 490.6081 9.6732 42.7838 0.000247
0 66.1620 464.5974 40.8462 44.7947 0.000244
0 2.1385 444.2282 4.2770 37.2733 0.000228
0 114.7394 489.3289 70.9093 45.3421 0.000211
0 630.2502 37.7218 19.1627 49.0063 0.000183
0 184.0293 479.5938 41.7138 64.5021 0.000182
0 105.0252 500.6344 34.5896 22.7312 0.000179
0 6.5967 71.9219 13.0624 28.2925 0.000165
0 89.4914 474.7176 14.8008 17.2043 0.000159
0 33.1539 466.1130 33.0671 38.2314 0.000131
0 4.2790 448.7210 8.5581 39.1332 0.000127
0 634.3481 63.4573 11.3038 113.5955 0.000123
0 72.5608 490.0541 28.8019 40.9551 0.000112
0 3.7668 479.2520 7.5335 65.4959 0.000112
0 629.2729 463.5482 21.4541 96.9036 0.000106
0 636.8039 383.1729 6.3922 67.4773 0.000104
