0 313.9266 368.3098 20.8028 78.0417 0.707520
0 339.1755 369.9825 25.5066 42.0664 0.009442
0 632.6935 358.4714 14.6130 69.4807 0.002951
0 633.7689 240.7929 12.4623 44.1674 0.001958
0 633.8113 257.8254 12.3773 48.2903 0.001714
0 597.6886 364.2888 37.8196 113.1198 0.001608
0 632.8878 270.6746 14.2243 84.5796 0.001427
0 636.4154 359.9646 7.1692 75.9694 0.001197
0 600.6501 329.1460 30.8695 43.2886 0.000773
0 632.3429 427.8821 15.2311 83.3149 0.000352
0 634.9438 341.7979 10.1124 59.0779 0.000350
0 632.8140 407.3353 14.3544 35.8560 0.000313
0 390.6425 344.6341 22.7786 40.7985 0.000274
0 415.2898 3.3830 22.7742 6.6672 0.000249
0 637.8677 372.9679 4.2645 84.8040 0.000196
0 346.0431 508.1579 31.6816 7.6843 0.000174
0 371.6143 492.8971 15.5460 37.9200 0.000168
0 423.1419 3.6360 20.4136 7.2720 0.000138
0 631.6890 304.0351 16.6220 139.1165 0.000133
0 630.3228 359.6301 19.3545 108.0850 0.000120
