0 366.7468 211.0215 34.0038 61.5716 0.728261
0 4.7513 306.3961 9.5025 153.5123 0.028646
0 195.3235 280.7839 45.5610 100.9944 0.018593
0 202.3033 314.7583 30.5598 37.6130 0.013800
0 60.1237 22.8722 24.9064 32.4672 0.007886
0 3.6078 278.1044 7.2157 90.6519 0.007816
0 638.2310 174.6127 3.5380 38.8124 0.006943
0 2.7040 256.3613 5.4081 64.2322 0.006678
0 7.7401 89.4268 15.4802 37.3864 0.005096
0 4.1870 393.7267 8.3739 143.9070 0.003843
0 2.5370 362.1239 5.0739 60.5251 0.003526
0 637.5486 190.0297 4.9027 74.7805 0.003074
0 14.9820 126.3075 29.6225 110.7394 0.002714
0 3.0503 309.5229 6.1006 107.0518 0.002286
0 6.7497 260.3584 13.4993 64.6546 0.002213
0 4.2540 246.7362 8.4457 53.9321 0.001389
0 9.0783 299.2066 18.1567 147.3795 0.001059
0 2.2108 240.3815 4.4215 53.6662 0.001054
0 4.1557 354.2840 8.3056 73.2420 0.000817
0 9.2272 105.0675 18.4545 68.3308 0.000692
0 6.6229 79.4085 13.0112 17.6433 0.000650
0 5.0629 256.0045 10.1258 112.9395 0.000647
0 635.4296 194.5867 9.1409 79.5455 0.000504
0 2.6539 392.9147 5.3078 112.5660 0.000358
0 8.5258 396.7989 16.9133 153.1622 0.000332
0 636.4936 176.4746 7.0128 43.5862 0.000320
0 109.0659 350.6873 33.1582 90.1120 0.000313
0 204.4294 296.3483 28.5537 68.7986 0.000278
0 7.4349 361.6949 14.8697 62.7007 0.000252
0 8.1980 473.7879 16.3960 66.0332 0.000252
0 185.9290 3.1548 14.5403 6.2600 0.000201
0 19.4531 300.5593 38.9062 146.0524 0.000158
0 346.6684 208.7178 15.4656 63.1294 0.000153
0 2.2374 332.3761 4.4554 106.5444 0.000147
0 5.4554 119.6444 10.9108 98.7761 0.000141
0 5.4030 464.1368 10.8059 54.7756 0.000116
0 194.7650 315.2559 15.8672 36.3636 0.000114
0 413.5686 178.7586 18.3578 48.9107 0.000103
0 2.9907 72.8789 5.9814 39.2429 0.000103
