0 354.4385 457.8372 49.4459 108.0231 0.788151
0 390.3584 461.4642 21.0479 100.0603 0.773323
0 537.2370 441.6725 31.8672 100.8206 0.118076
0 369.4039 460.2002 21.3260 103.5997 0.006296
0 581.0620 475.5064 17.2603 36.7501 0.003957
0 636.8026 117.7237 6.3948 41.3258 0.001640
0 235.3143 2.6192 24.5767 5.1959 0.001343
0 637.1587 138.2192 5.6826 63.9003 0.001127
0 243.8532 500.9415 14.1046 21.9702 0.001092
0 395.8852 497.5975 16.2356 28.5472 0.001014
0 15.6154 396.7011 31.2309 61.2866 0.000833
0 398.1222 505.9652 17.1978 12.0696 0.000832
0 634.6600 111.2369 10.5940 48.7735 0.000747
0 234.9361 497.8963 28.5732 28.2075 0.000657
0 251.4097 500.6361 33.8716 22.7278 0.000624
0 127.6416 433.0583 40.3222 112.3885 0.000616
0 635.4377 127.4320 9.1162 43.6191 0.000594
0 4.7091 404.4381 9.4181 54.3625 0.000580
0 337.9381 456.6799 41.0814 109.7712 0.000524
0 393.9539 504.0596 16.8237 15.8807 0.000495
0 208.0220 501.3524 19.8354 21.1097 0.000431
0 137.8723 499.8573 37.5358 23.8683 0.000374
0 389.0290 493.0712 25.1101 37.7385 0.000367
0 273.8996 507.3516 22.7050 9.2968 0.000359
0 275.9037 3.1177 23.2224 6.2192 0.000332
0 398.1273 461.7627 16.2112 99.5359 0.000318
0 225.6693 498.9831 14.6606 26.0156 0.000292
0 9.7613 396.1591 19.5226 119.0007 0.000286
0 400.3956 501.7486 19.9528 20.2711 0.000279
0 625.8109 14.2322 27.6077 28.2736 0.000261
0 216.3177 506.1660 18.8438 11.6679 0.000250
0 132.0204 504.3831 34.7479 15.2338 0.000248
0 313.8213 509.4254 27.6931 5.1492 0.000242
0 300.6456 507.4129 35.6838 9.1741 0.000235
0 194.7224 501.6279 18.9098 20.7441 0.000230
0 10.3867 409.1047 20.7735 49.1714 0.000216
0 221.3519 502.6963 15.7200 18.2274 0.000193
0 300.0486 502.8190 44.4801 18.1482 0.000187
0 351.8486 489.0512 40.3765 45.4858 0.000176
0 257.6402 504.8765 35.0994 14.2471 0.000175
0 242.2150 4.0167 33.6794 8.0012 0.000140
0 16.4268 426.3391 32.5532 99.1654 0.000136
0 531.2096 425.0565 20.9333 67.3612 0.000136
0 637.5436 99.4183 4.9128 70.0214 0.000125
0 19.0076 370.9431 38.0153 142.4926 0.000124
0 313.5251 506.4207 34.0107 11.1587 0.000121
0 405.3064 508.0528 24.0413 7.8943 0.000119
0 635.6327 503.8532 8.7346 16.2935 0.000114
0 284.1507 506.7178 32.5783 10.5644 0.000107
0 225.2843 505.2484 14.4781 13.5031 0.000105
0 263.8838 3.1734 42.3153 6.3468 0.000102
