0 263.4978 336.9150 32.4727 85.6896 0.780922
0 627.1215 322.1697 25.7571 52.3630 0.402791
0 632.4933 154.0031 15.0135 82.4497 0.009224
0 635.6603 141.7984 8.6793 53.6692 0.003762
0 631.3804 138.4476 17.2393 44.1071 0.002108
0 631.8107 123.0509 16.3787 46.3860 0.001829
0 635.5795 323.6109 8.7126 54.7149 0.001377
0 626.9684 275.8628 26.0632 150.4401 0.001108
0 630.5036 305.8311 18.8091 81.5878 0.000982
0 625.4535 164.6649 29.0930 94.7871 0.000847
0 613.0339 216.2830 53.8491 198.6007 0.000845
0 630.5641 125.9101 18.8718 108.9435 0.000724
0 635.1251 117.6114 9.7499 61.1198 0.000516
0 636.1973 165.3358 7.6053 97.4849 0.000389
0 186.8285 115.2081 40.7808 224.4242 0.000353
0 197.5543 286.0853 54.9751 204.8695 0.000276
0 633.0653 332.6847 13.8694 70.6112 0.000273
0 631.1144 192.6127 17.7712 154.0637 0.000271
0 632.3978 99.4692 15.2045 93.0790 0.000243
0 636.6576 307.5822 6.5981 75.9084 0.000232
0 637.3589 333.8116 5.2821 70.0092 0.000224
0 181.0576 338.9986 23.0332 84.3666 0.000202
0 197.2654 340.6841 53.1388 93.7358 0.000108
