0 170.1571 435.4233 22.7666 57.9166 0.809884
0 206.8382 444.0669 30.7301 70.9211 0.778924
0 240.6735 456.6704 31.5894 109.7375 0.762415
0 379.8226 492.0022 26.8127 39.7428 0.146678
0 327.7491 500.9734 12.2081 21.5713 0.047399
0 123.6542 502.5459 26.1498 18.9082 0.042016
0 633.7489 210.8161 12.5022 130.6414 0.039194
0 333.6123 500.8760 25.3590 22.2479 0.014515
0 634.1068 278.7365 11.7865 150.8615 0.009576
0 216.8905 505.9889 25.0922 11.9521 0.006786
0 116.4825 505.5898 41.4965 12.8203 0.005964
0 634.0969 245.6160 11.8063 61.3796 0.003385
0 517.7349 501.3918 11.3467 21.2165 0.002713
0 342.3056 505.2669 13.9073 13.2998 0.002564
0 135.2258 502.2308 51.3054 19.4601 0.002430
0 422.5048 507.9102 17.5085 8.1796 0.002162
0 350.0738 506.0138 29.0727 11.9725 0.002086
0 316.3521 498.2045 38.5134 27.5050 0.001961
0 225.2907 505.5760 29.3098 12.7413 0.001779
0 421.0112 504.0262 17.5929 15.9476 0.001673
0 68.3711 501.8344 19.9734 20.0308 0.001337
0 250.3183 498.3820 14.6192 27.1184 0.001207
0 370.8704 494.2811 32.2060 35.1545 0.001132
0 113.3385 500.4831 42.8220 22.2579 0.001052
0 356.5804 507.4987 18.8475 9.0026 0.000690
0 391.9666 492.1888 26.0398 39.6224 0.000686
0 523.1075 500.9215 23.7708 22.1570 0.000649
0 512.1259 501.3138 24.8411 21.3724 0.000603
0 226.7075 445.2517 11.5095 70.2137 0.000565
0 386.7191 487.8502 43.6056 48.2996 0.000499
0 429.5735 508.7246 21.3519 6.5508 0.000422
0 36.6698 500.0395 21.7273 23.5757 0.000406
0 364.7251 503.0984 28.3494 17.8033 0.000374
0 383.7388 501.0966 22.8119 21.8067 0.000368
0 99.2208 501.7955 14.1104 18.6862 0.000348
0 223.7098 500.1846 23.9607 23.0133 0.000347
0 71.5418 486.2105 29.8450 51.5789 0.000344
0 19.4712 507.5566 19.9285 8.8867 0.000329
0 74.2778 505.4184 19.2492 13.1631 0.000308
0 57.4411 501.7504 24.0550 20.4989 0.000290
0 469.6129 509.0413 11.5857 5.9174 0.000263
0 20.6148 500.1411 24.2114 23.6758 0.000252
0 235.2417 502.1764 45.6158 19.6473 0.000249
0 343.9834 499.7363 14.1874 24.4045 0.000242
0 257.7529 499.6640 30.8596 24.5522 0.000241
0 36.2659 507.6438 23.1727 8.7123 0.000223
0 26.0181 505.6494 24.6338 12.7013 0.000216
0 497.8260 501.3529 28.4713 21.2942 0.000199
0 315.2409 504.8277 37.3216 14.3447 0.000194
0 638.3822 171.1259 3.2355 45.0768 0.000188
0 286.7017 8.6391 26.1715 17.2016 0.000179
0 284.8294 4.6732 26.6116 9.3465 0.000177
0 14.0540 504.6561 25.5445 14.6877 0.000153
0 490.0227 503.0067 27.0328 17.9867 0.000143
0 241.7753 504.7884 29.7481 14.4232 0.000137
0 485.9464 506.1896 22.6462 11.6208 0.000136
0 237.0787 492.8549 42.1222 38.2809 0.000136
0 2.9599 225.1648 5.9198 44.8209 0.000134
0 42.9176 502.9405 23.8171 18.1190 0.000129
0 78.7718 507.4533 23.3157 9.0934 0.000129
0 95.0520 505.4581 19.7528 12.8315 0.000128
0 258.1637 505.1096 27.1944 13.7809 0.000115
0 237.8735 439.1442 24.8747 67.7019 0.000115
0 222.4879 445.3748 11.7014 67.8730 0.000115
0 454.4023 508.0697 18.4803 7.8606 0.000115
0 460.4292 508.5721 22.7496 6.8558 0.000109
