0 141.2892 441.9156 38.4968 81.1647 0.800837
0 74.9221 422.2010 35.1349 95.2202 0.793613
0 587.1035 480.2536 38.4441 63.4928 0.721363
0 387.2566 504.7698 16.9524 14.3380 0.011082
0 393.9718 505.4110 25.9258 13.1779 0.003707
0 454.1024 146.7789 14.0605 26.1004 0.002739
0 596.2150 479.0813 21.5085 58.2714 0.002005
0 337.1808 499.8922 20.3877 24.1892 0.001591
0 577.3949 481.0270 20.6523 61.8750 0.001556
0 23.7445 503.8154 47.4889 16.3693 0.000902
0 536.0768 507.4225 22.1379 9.1550 0.000677
0 327.2723 499.7411 21.4875 24.5177 0.000651
0 4.9819 20.1223 9.9431 19.3775 0.000551
0 12.0048 503.5454 23.9029 16.9092 0.000551
0 591.6069 492.6622 32.3801 38.6755 0.000490
0 564.8026 4.3393 34.4999 8.6634 0.000468
0 10.7523 6.7040 21.4912 13.4081 0.000432
0 403.4680 504.4699 36.4969 14.7849 0.000407
0 387.0523 498.5181 15.2005 26.4536 0.000393
0 403.2275 507.2328 28.3429 9.5343 0.000370
0 2.6750 420.2003 5.3501 57.9884 0.000342
0 4.4675 26.9440 8.9350 38.3495 0.000334
0 570.9850 478.8982 62.8325 66.2036 0.000324
0 345.3285 496.3723 27.3798 31.0194 0.000295
0 566.2542 480.9953 26.2156 62.0093 0.000293
0 5.9742 8.1847 11.8724 16.3695 0.000289
0 320.3842 498.3100 25.8673 27.2430 0.000271
0 342.2841 504.5952 20.7145 14.8097 0.000240
0 601.8270 479.3196 12.9641 49.9408 0.000232
0 2.5490 68.5889 5.0980 29.0040 0.000228
0 544.5568 508.6443 23.1143 6.7113 0.000225
0 376.6846 508.0655 28.9215 7.8690 0.000223
0 565.0798 7.9678 43.9468 15.9357 0.000219
0 12.5319 3.0937 22.4007 6.1772 0.000219
0 152.9453 490.9406 26.1680 42.1187 0.000217
0 602.1605 491.4099 17.9175 39.2259 0.000212
0 540.9296 503.9857 20.7129 15.7857 0.000194
0 589.0711 503.4925 33.7140 17.0151 0.000187
0 335.0265 490.5101 24.2443 42.6406 0.000182
0 346.2918 508.0029 23.2896 7.9942 0.000174
0 530.8695 503.3152 29.9304 17.3696 0.000157
0 2.3466 399.1087 4.6932 62.5164 0.000145
0 637.5226 208.1550 4.9547 56.7987 0.000126
0 315.9721 503.1989 24.4838 17.6022 0.000126
0 446.4424 507.8959 17.2398 8.2081 0.000122
0 23.0181 3.3885 23.0554 6.7141 0.000122
0 636.6935 501.9016 6.6130 20.1968 0.000119
0 342.7755 487.2274 18.0819 49.3927 0.000109
0 322.1409 482.6703 22.8654 58.6594 0.000108
0 303.1000 508.2492 14.0744 7.4469 0.000105
