0 403.6439 220.2153 17.0623 42.7174 0.750130
0 347.9719 309.6411 10.8928 16.6237 0.005189
0 636.7252 433.6004 6.5496 60.4989 0.001903
0 637.5183 416.3886 4.9634 30.6371 0.001464
0 634.2938 449.8842 11.4125 85.1598 0.001234
0 7.8661 15.0359 15.7321 30.0718 0.000951
0 339.0712 330.1697 29.2800 57.6753 0.000596
0 2.3669 291.2584 4.7338 43.5358 0.000549
0 10.9863 6.7724 21.9727 13.5447 0.000479
0 15.8116 12.3764 31.6232 24.7528 0.000364
0 2.5801 271.9093 5.1601 65.3275 0.000297
0 638.2139 358.9376 3.5723 33.9474 0.000282
0 344.1389 323.2869 18.1020 43.7944 0.000272
0 5.2605 272.1935 10.5210 67.2731 0.000270
0 12.5314 21.5540 25.0628 43.1080 0.000228
0 6.1064 32.6032 12.2128 65.2064 0.000209
0 346.9167 316.1682 13.6387 29.7424 0.000206
0 3.9164 285.2454 7.7824 49.6589 0.000200
0 637.8294 187.6402 4.3412 35.7899 0.000185
0 159.8242 336.3536 319.6484 351.2928 0.000184
0 637.4747 398.6542 5.0507 63.3698 0.000150
0 428.5008 190.5281 8.7764 14.4860 0.000129
0 2.9699 34.4547 5.9398 68.9093 0.000119
0 58.2200 3.9309 26.3972 7.8337 0.000107
0 2.2879 185.2955 4.5759 67.2550 0.000105
0 159.8311 240.1060 319.6622 479.1495 0.000104
