0 342.3533 394.1133 23.9004 44.4489 0.799974
0 328.8976 207.3336 11.6626 16.3692 0.702307
0 99.6403 80.2354 10.6958 31.8863 0.032203
0 638.2501 480.5851 3.4998 35.2556 0.005144
0 105.6183 253.6760 6.4400 12.6337 0.002800
0 231.2427 425.9731 9.0096 21.7850 0.002154
0 261.4448 259.4430 13.2283 39.2449 0.001913
0 100.5470 71.5727 9.0686 14.3730 0.001375
0 638.4477 492.1899 3.1046 34.3497 0.000924
0 462.6896 144.8619 10.3862 33.7419 0.000525
0 99.7581 504.4727 12.3586 15.0545 0.000477
0 637.7055 158.0470 4.5890 44.4124 0.000463
0 637.6182 172.5549 4.7637 40.6899 0.000405
0 175.4905 320.5899 350.9810 382.8202 0.000326
0 272.7688 336.8352 479.2864 350.3295 0.000302
0 103.0084 508.5451 18.0340 6.9099 0.000243
0 260.8955 249.8587 12.5944 20.3316 0.000233
0 636.5355 474.8199 6.8445 42.3810 0.000208
0 636.8054 500.9002 6.3892 22.1995 0.000190
0 638.3235 466.4458 3.3531 52.4465 0.000175
0 175.8448 223.8072 351.6896 447.6144 0.000174
0 416.4242 352.3336 447.1516 319.3328 0.000146
0 631.2804 157.1109 17.4392 45.2102 0.000140
0 231.2443 417.3704 10.0294 39.7034 0.000128
0 554.9404 487.0659 26.0220 49.8682 0.000114
0 560.3592 466.4888 9.7651 12.4989 0.000113
0 329.8796 201.0971 13.3344 27.8935 0.000107
