0 388.1459 384.0460 18.5482 44.2209 0.781513
0 323.8006 212.4375 9.2094 15.7015 0.641495
0 119.8565 343.8995 11.7310 16.7473 0.556293
0 70.4022 263.1126 9.1816 14.3744 0.388727
0 220.0324 428.2523 9.1984 21.9561 0.032095
0 254.6033 260.9951 12.9029 39.6984 0.018193
0 556.0470 472.2971 17.9048 14.6811 0.008300
0 66.8023 262.4404 13.2427 15.8049 0.006129
0 551.9857 470.4570 9.8990 11.6224 0.005952
0 553.3832 484.9215 14.5239 38.3195 0.001977
0 115.2706 343.2591 12.6567 16.7274 0.001468
0 558.8623 477.5559 21.9246 24.9716 0.000890
0 70.1237 269.1013 10.6373 25.3761 0.000801
0 550.5463 247.6693 11.1187 39.6644 0.000708
0 327.7411 211.5047 17.2701 19.2468 0.000527
0 97.8969 258.5361 6.4894 14.9937 0.000414
0 254.5669 248.6302 12.5319 17.1831 0.000387
0 547.8038 488.1138 20.0002 45.1796 0.000355
0 175.2912 336.7675 350.5825 350.4649 0.000327
0 273.1375 337.1053 479.5160 349.7894 0.000287
0 551.8180 477.5739 10.2540 24.9537 0.000261
0 62.2810 261.2483 13.1094 17.5790 0.000256
0 207.9676 272.1494 415.9352 478.7300 0.000224
0 637.8600 279.1861 4.2800 38.2197 0.000192
0 416.4399 352.3412 447.1201 319.3177 0.000173
0 116.9887 349.2132 13.7814 27.7705 0.000169
0 256.6335 268.2124 14.1836 24.6618 0.000159
0 112.4464 340.9827 8.7014 18.5823 0.000144
0 456.2614 144.9321 11.5649 26.1096 0.000132
0 637.2582 320.4070 5.4836 37.9958 0.000125
0 637.5836 190.9183 4.8329 42.4800 0.000109
0 65.6264 269.3461 14.4868 22.2408 0.000109
0 45.7179 299.3188 6.2871 10.8356 0.000108
0 121.2145 352.8201 11.1876 26.9020 0.000107
0 71.5131 256.9493 9.5342 21.1982 0.000107
