0 402.5498 382.5814 19.8693 42.9617 0.812658
0 95.9923 258.8338 12.0283 18.5331 0.757320
0 323.8142 211.3794 9.1108 18.3565 0.680983
0 128.4222 346.6270 10.9303 12.2535 0.317948
0 127.8375 342.1748 12.1002 22.2626 0.045846
0 551.4932 243.3322 11.2914 29.0352 0.037333
0 254.8549 263.0124 12.5577 42.5060 0.005258
0 553.9389 482.5138 13.4232 32.7161 0.002255
0 556.5341 475.2457 17.8206 19.7432 0.001451
0 552.8501 472.0168 10.3469 12.9610 0.001449
0 254.5505 250.9959 12.0277 20.1208 0.000830
0 220.9783 429.2132 8.6351 19.4454 0.000617
0 457.0929 149.3632 12.2301 30.7113 0.000569
0 328.2736 208.8254 17.7761 23.7869 0.000556
0 548.9125 486.6301 18.2324 40.8978 0.000357
0 191.5692 336.4899 383.1384 351.0203 0.000317
0 336.9269 337.1225 478.5795 349.7551 0.000301
0 1.2904 241.4865 2.5807 22.6322 0.000245
0 240.9975 288.4254 478.0638 447.1492 0.000241
0 637.0345 187.5435 5.9310 36.7813 0.000196
0 448.3488 352.3452 383.3024 319.3095 0.000190
0 638.1102 277.4149 3.7795 37.3245 0.000186
0 3.9676 79.6858 7.9352 29.3365 0.000166
0 255.6972 273.4758 11.1264 21.6392 0.000143
0 123.8946 345.6556 14.7382 14.0616 0.000137
0 559.8843 470.7435 23.3967 21.6717 0.000135
0 558.8068 488.6385 21.4751 41.1728 0.000108
