0 357.1310 310.0140 35.2076 110.5505 0.863363
0 183.2605 307.2322 22.4623 84.5085 0.826775
0 77.7430 319.5211 36.8759 87.8895 0.753125
0 395.1648 304.2477 10.7750 43.1094 0.007122
0 2.2302 305.8229 4.4603 52.6651 0.003593
0 5.2920 328.5469 10.5839 85.0924 0.002758
0 3.8514 311.9782 7.7028 52.1437 0.002324
0 3.7855 208.2874 7.5710 39.1913 0.001696
0 161.9656 401.2851 33.4938 142.9507 0.001071
0 2.1382 282.4583 4.2583 55.5197 0.000894
0 5.5121 370.7962 11.0243 45.5165 0.000653
0 522.4161 277.2113 14.3962 58.2319 0.000515
0 2.1952 137.0466 4.3904 44.6980 0.000477
0 4.2034 223.0806 8.4069 48.9550 0.000372
0 3.7374 291.5495 7.2692 48.2458 0.000338
0 2.7305 191.9092 5.4609 71.3195 0.000293
0 135.2243 509.0642 24.0010 5.8715 0.000261
0 2.7243 331.7695 5.4486 84.1975 0.000212
0 638.1470 371.1308 3.7061 90.8232 0.000207
0 4.6023 143.7982 9.2045 61.8570 0.000159
0 10.0730 334.6332 20.1461 77.7771 0.000151
0 622.8079 416.9164 33.5320 190.1673 0.000135
0 2.5352 377.6219 5.0705 48.5710 0.000127
0 3.1020 60.1532 6.2040 40.2354 0.000105
