0 520.3802 344.3221 50.8770 105.4006 0.866579
0 99.6985 296.0496 43.0206 124.1925 0.830344
0 144.0320 285.0958 25.6482 84.8602 0.747323
0 480.4958 441.1012 92.1414 141.7976 0.005868
0 60.5508 326.1978 21.5865 44.9173 0.002503
0 2.6927 327.4459 5.3853 84.9728 0.002382
0 287.1830 407.8502 45.4939 112.3971 0.002200
0 14.3419 369.9147 28.6837 24.7319 0.001104
0 4.7281 338.1201 9.3790 81.0133 0.000579
0 437.9178 507.6264 33.3038 8.7471 0.000521
0 4.4809 4.2002 8.9618 8.4005 0.000391
0 304.6127 141.2212 16.1678 20.6365 0.000381
0 5.6699 369.9572 11.3398 25.1417 0.000345
0 2.9117 350.7617 5.8235 59.1463 0.000339
0 450.4595 507.9646 29.4146 8.0707 0.000328
0 4.6072 361.2484 9.1380 39.0192 0.000275
0 2.6401 305.6756 5.2802 38.7075 0.000253
0 3.7712 13.7789 7.5425 27.5578 0.000244
0 196.4487 312.0933 24.9935 42.0961 0.000180
0 1.7186 42.4512 3.4371 37.5819 0.000177
0 544.6977 12.4068 24.0747 24.8137 0.000176
0 248.2073 7.3179 32.7955 14.6358 0.000161
0 193.4716 290.5697 28.7094 81.9070 0.000139
0 2.5873 283.1264 5.1747 71.4631 0.000138
0 245.8232 15.5019 30.5966 30.9970 0.000135
0 15.2034 388.9907 30.2739 63.7463 0.000128
0 299.0652 441.1440 25.4061 54.2922 0.000115
0 166.3438 501.7124 18.4516 20.4379 0.000109
0 442.7402 504.5814 27.1300 14.4521 0.000107
