0 127.7104 258.0465 16.7299 26.6342 0.761479
0 599.9078 400.9646 27.8153 84.5500 0.003822
0 618.4037 402.7007 37.0269 108.8266 0.002521
0 608.7552 398.0161 15.2598 79.4407 0.002040
0 432.5416 175.7657 414.9167 351.5314 0.000291
0 159.7085 304.9444 319.4171 414.1112 0.000273
0 417.3938 272.3878 445.2124 478.7612 0.000249
0 243.8811 305.0750 477.6957 413.8500 0.000225
0 482.5989 305.6108 314.8022 412.7783 0.000208
0 637.5444 377.1285 4.9111 62.4813 0.000203
0 335.9700 354.0381 478.1177 315.9238 0.000201
0 447.9546 369.6088 384.0908 284.7825 0.000173
0 190.9621 369.1575 381.9241 285.6851 0.000161
0 635.1888 392.8735 9.4443 95.5824 0.000150
0 630.9956 397.9037 18.0087 113.5513 0.000142
0 336.3921 207.8613 478.8586 415.7227 0.000123
0 603.0392 420.9937 31.7124 139.5725 0.000119
0 580.8892 7.8187 27.0177 15.6373 0.000101
