0 471.2923 311.8512 33.6911 26.2578 0.779373
0 429.7197 266.2567 17.7306 15.3038 0.380364
0 296.0396 147.0887 12.0786 18.5568 0.007762
0 460.3842 314.8858 12.2013 20.0659 0.003938
0 55.5215 2.4545 19.3055 4.9089 0.001522
0 336.5846 421.3631 21.4302 17.0988 0.001328
0 479.7679 312.0607 17.4894 25.9872 0.001150
0 296.4389 155.8619 12.1067 33.3371 0.000829
0 435.4559 271.8430 14.0996 19.1901 0.000553
0 522.5438 63.1579 11.7313 12.6475 0.000504
0 441.0150 278.4702 9.0353 12.9627 0.000424
0 50.8165 3.1591 20.8483 6.2371 0.000326
0 54.2982 7.3805 18.2490 14.7611 0.000319
0 130.0166 7.7296 9.2231 12.2635 0.000273
0 296.9973 164.3933 11.4811 16.1165 0.000163
0 438.3792 260.9741 9.7809 11.9108 0.000148
0 311.8656 86.0799 13.0609 29.0819 0.000148
0 2.2335 95.4664 4.4671 32.0187 0.000117
0 331.6505 422.0947 13.9554 14.5388 0.000106
0 61.9892 4.7269 27.8414 9.4538 0.000104
0 175.8503 223.8661 351.7005 447.7322 0.000104
