0 338.7743 430.1636 25.2285 29.3447 0.703722
0 333.2555 426.5453 14.2437 21.6405 0.001410
0 53.3477 2.3757 15.8205 4.7424 0.000501
0 159.0806 176.6975 318.1612 353.3950 0.000277
0 274.6516 176.9452 477.8286 353.8903 0.000271
0 159.1256 336.7883 318.2512 350.4234 0.000268
0 466.4966 272.9283 347.0067 478.1433 0.000233
0 371.3482 242.4943 477.7715 479.6271 0.000212
0 480.1406 354.6983 319.7188 314.6033 0.000190
0 51.6032 4.0274 14.9425 8.0548 0.000174
0 223.2608 368.8003 446.5215 286.3995 0.000160
0 366.9672 369.2845 477.6152 285.4311 0.000152
