0 335.2323 428.2686 23.2042 33.9904 0.318029
0 331.6584 424.0414 17.3214 23.7765 0.000836
0 486.5467 42.4153 12.7913 12.7672 0.000639
0 406.1390 31.7466 8.1234 14.9780 0.000571
0 1.5081 179.8355 3.0161 29.7054 0.000302
0 242.5591 176.7526 478.3443 353.5052 0.000264
0 337.1996 419.8102 18.9056 17.8370 0.000263
0 159.1245 177.0047 318.2489 354.0093 0.000259
0 466.5383 288.9980 346.9234 446.0040 0.000248
0 159.2417 352.6217 318.4834 318.7565 0.000246
0 1.6990 238.5299 3.3981 22.6404 0.000237
0 338.9516 273.0946 478.1750 477.8108 0.000229
0 142.7602 272.9610 285.5204 478.0781 0.000203
0 335.5859 354.0864 478.0770 315.8271 0.000179
0 448.1677 369.0686 383.6647 285.8629 0.000171
0 293.6487 144.9525 11.0782 18.3073 0.000163
0 314.3737 173.8303 9.7797 18.4659 0.000142
0 580.8235 7.3212 28.0759 14.6425 0.000139
0 585.7568 398.9367 14.1443 22.4485 0.000106
