0 281.0602 296.6846 33.7540 55.9841 0.851322
0 317.7414 291.9417 32.5679 32.1068 0.773978
0 336.7373 336.5926 29.0299 59.4987 0.712138
0 353.5936 212.1366 17.4326 16.1635 0.077714
0 362.7328 252.0743 10.8931 13.5211 0.030676
0 203.0280 7.9158 14.4332 15.7620 0.000594
0 357.7427 230.9917 28.3943 58.3014 0.000571
0 13.2327 394.9153 26.3094 37.5841 0.000468
0 240.7231 175.9302 476.9422 351.8604 0.000307
0 175.7479 240.4451 351.4958 478.8137 0.000306
0 465.0181 337.0898 349.9637 349.8204 0.000305
0 465.0529 240.5389 349.8942 478.4401 0.000301
0 401.0832 160.5892 476.7917 321.1785 0.000274
0 336.2242 223.8310 478.3909 447.6619 0.000262
0 481.4390 161.0521 317.1221 322.1042 0.000235
0 240.3742 288.3938 478.6533 447.2124 0.000193
0 400.3876 304.3494 478.6650 415.3011 0.000191
0 1.7400 468.8836 3.4800 24.9191 0.000176
0 175.8404 336.3832 351.6808 351.2336 0.000168
0 557.4642 74.0585 13.7812 22.9133 0.000153
0 360.4081 209.9468 33.6139 23.4104 0.000145
0 159.8620 159.8061 319.7241 319.6121 0.000140
0 304.3039 352.3109 478.8251 319.3783 0.000117
