0 325.1954 297.8607 21.4358 39.4891 0.821532
0 292.7359 261.1251 31.6530 61.7085 0.813550
0 345.8011 288.6702 33.5298 61.1578 0.784603
0 380.5280 277.3808 32.1484 44.5722 0.771388
0 464.8352 336.6712 350.3296 350.6576 0.000317
0 159.1085 176.0697 318.2170 352.1395 0.000286
0 464.7382 240.2293 350.5236 478.5419 0.000264
0 239.9951 159.8702 478.8434 319.7404 0.000151
0 638.1423 453.2936 3.7155 38.8287 0.000118
0 432.4373 175.8361 415.1254 351.6722 0.000118
0 550.1190 9.6147 13.4075 19.2294 0.000105
0 200.0253 368.3177 24.3334 34.9095 0.000103
