0 347.9109 200.2361 32.3525 48.7415 0.838232
0 380.0985 181.7505 28.0558 47.8091 0.786831
0 294.5992 172.9580 31.3254 42.6735 0.752326
0 600.6272 412.2157 27.7212 39.1785 0.012050
0 213.0182 273.4686 20.7813 17.8022 0.007405
0 1.8419 95.4629 3.6839 34.2012 0.000831
0 630.9423 236.9418 17.6547 28.6492 0.000566
0 213.4832 265.4420 21.8121 33.6632 0.000520
0 442.5984 211.0803 13.0153 22.4136 0.000405
0 1.7550 80.9902 3.5100 38.7495 0.000364
0 440.3854 2.6522 26.0027 5.3004 0.000306
0 159.0928 175.9752 318.1857 351.9503 0.000300
0 464.4761 336.4198 351.0477 351.1604 0.000269
0 464.5095 175.8152 350.9811 351.6304 0.000259
0 240.0607 175.8936 478.5608 351.7872 0.000252
0 444.3541 4.3143 28.2886 8.6285 0.000207
0 636.8036 418.1875 6.3928 25.0026 0.000206
0 594.5336 411.0714 16.0117 34.2375 0.000193
0 428.3032 438.4859 26.3898 29.1469 0.000192
0 635.7676 244.2327 8.4648 44.5286 0.000182
0 159.8042 336.3615 319.6084 351.2769 0.000181
0 637.3083 252.3289 5.3833 28.9284 0.000180
0 334.9386 77.8211 10.7258 25.2762 0.000171
0 368.2846 352.3297 478.8043 319.3405 0.000169
0 2.4901 70.9579 4.9801 55.1966 0.000146
0 2.4882 105.9533 4.9764 56.3767 0.000140
0 295.8224 253.2313 15.6041 14.6459 0.000122
