0 324.1793 290.0335 34.8824 47.4138 0.817412
0 355.3006 379.4363 26.9668 29.6266 0.811822
0 301.5751 368.5810 29.7858 46.8938 0.785563
0 295.3552 183.1000 15.8945 15.6138 0.625572
0 597.4239 345.9468 8.9537 13.2615 0.004009
0 2.5910 136.5648 5.1746 32.1091 0.003812
0 377.0256 37.0463 10.1039 27.2343 0.002162
0 609.8185 263.0204 12.3754 19.7378 0.001194
0 2.6548 150.7640 5.3096 48.6872 0.001045
0 359.3895 471.0016 6.4911 12.2972 0.000834
0 547.6978 126.3768 12.4243 19.6459 0.000773
0 425.8495 412.6060 14.2413 21.1509 0.000679
0 1.8097 62.9982 3.6193 20.6974 0.000658
0 1.7668 306.9842 3.5337 27.5447 0.000552
0 637.7899 24.3383 4.4203 43.6279 0.000509
0 1.9943 72.1622 3.9885 33.8711 0.000453
0 596.3418 423.7308 17.8936 18.7244 0.000419
0 82.5229 51.4731 13.1206 29.0154 0.000387
0 202.8047 108.6463 16.1576 27.6074 0.000363
0 3.7395 129.6192 7.3915 45.9702 0.000347
0 589.9917 5.9259 22.5869 11.8518 0.000316
0 354.7840 220.7368 7.7413 21.2410 0.000302
0 258.5555 174.2092 9.8835 20.5760 0.000300
0 159.8281 191.8335 319.6563 383.6671 0.000243
0 608.7101 270.7538 17.1119 35.0874 0.000233
0 314.4865 293.3757 15.8610 39.2288 0.000232
0 1.8369 53.6515 3.6739 35.0243 0.000230
0 314.4144 302.9514 14.9277 20.2598 0.000225
0 598.6188 6.8444 39.5537 13.6888 0.000216
0 86.7529 52.0836 17.3271 37.8213 0.000203
0 295.0701 190.3647 18.0321 30.8135 0.000179
0 274.4029 102.2810 9.6638 18.0928 0.000176
0 159.8299 288.3501 319.6599 447.2998 0.000156
0 635.5842 24.8744 8.7068 48.7620 0.000148
0 457.5445 509.1715 23.8546 5.6570 0.000145
0 594.3021 346.8346 13.6605 16.2290 0.000145
0 163.1802 254.0708 12.8876 19.4229 0.000142
0 532.0369 504.6793 17.4998 14.4217 0.000139
0 330.4516 495.4047 15.3224 14.7783 0.000111
0 1.8515 37.2915 3.7030 29.2480 0.000110
0 632.1918 16.5917 15.5035 33.1834 0.000110
0 593.6063 11.2181 28.8905 22.2937 0.000110
0 439.7444 310.3365 12.1031 16.7301 0.000107
0 637.3806 39.4580 5.2389 64.2231 0.000107
0 1.4788 424.2574 2.9576 28.6617 0.000105
0 316.0549 276.4954 19.1149 20.9541 0.000104
0 550.0454 174.8740 10.3943 17.0580 0.000104
0 365.2083 510.1704 14.2124 3.6592 0.000104
