0 310.6175 363.0033 28.7145 34.9894 0.816581
0 318.7115 172.5571 19.8705 31.7253 0.807104
0 327.8134 212.2125 22.8310 38.0212 0.649525
0 326.1914 283.6757 27.3998 38.3862 0.602042
0 319.2354 282.9165 16.8744 36.4676 0.013063
0 334.8793 285.0976 13.2716 35.1707 0.004606
0 595.5294 415.1122 18.3307 18.1149 0.003281
0 598.9419 337.8473 12.2775 14.4753 0.001737
0 355.0184 211.0246 8.1497 18.6216 0.001565
0 535.0861 508.8410 15.7551 6.3179 0.001181
0 628.8132 12.0136 22.3735 24.0272 0.000898
0 634.2339 14.8316 11.5322 29.6632 0.000677
0 273.9078 93.4221 10.7106 16.0002 0.000576
0 595.9003 336.1349 8.3250 18.5477 0.000534
0 2.3894 163.1540 4.7788 27.3679 0.000447
0 331.2862 482.9075 12.5220 22.9279 0.000398
0 376.6288 29.2754 9.9758 27.0522 0.000388
0 320.3209 207.2742 13.9201 26.8033 0.000379
0 225.8582 444.1407 16.4191 18.2007 0.000337
0 159.5957 191.7649 319.1915 383.5299 0.000288
0 638.2120 351.3852 3.5760 38.7893 0.000278
0 333.2471 206.1136 12.5442 25.4503 0.000268
0 2.6948 175.3410 5.3896 57.5839 0.000257
0 425.6954 405.4279 16.1459 21.5804 0.000251
0 616.9942 508.0521 13.7115 7.8958 0.000216
0 317.0165 204.2766 10.8346 19.2664 0.000210
0 287.2511 206.1591 10.7657 20.9421 0.000206
0 317.7139 293.8828 14.8510 20.6012 0.000195
0 636.7261 20.3274 6.5478 40.6548 0.000195
0 2.7133 133.2974 5.4265 27.8908 0.000194
0 636.3878 505.8130 7.2245 12.3741 0.000188
0 319.1906 272.5609 15.7889 18.4962 0.000186
0 325.5319 275.0433 10.6238 22.3668 0.000184
0 159.8280 288.3716 319.6560 447.2569 0.000183
0 1.6886 293.6165 3.3772 30.9966 0.000175
0 532.1960 502.0266 20.3214 19.9468 0.000168
0 2.5802 146.9775 5.1604 47.6657 0.000156
0 540.6145 508.7699 18.2537 6.4601 0.000146
0 321.8945 269.4553 11.5514 11.6102 0.000146
0 221.2556 2.5355 14.2039 5.0671 0.000143
0 547.3053 119.1208 11.8428 19.0938 0.000143
0 325.2396 269.0861 7.6678 10.3898 0.000140
0 315.3560 287.6869 14.6231 29.3854 0.000133
0 223.8559 159.8521 447.7119 319.7043 0.000130
0 161.9935 245.5414 13.7461 18.7590 0.000123
0 233.0367 441.7880 30.7086 23.1232 0.000114
0 480.3868 336.3107 319.2264 351.3787 0.000113
0 329.4910 277.1094 15.9357 26.3979 0.000113
0 638.0673 341.0759 3.8654 27.7854 0.000113
0 480.2614 11.5103 18.9939 23.0206 0.000109
0 288.0469 104.5217 13.0344 18.1218 0.000102
0 202.0123 104.0444 15.6805 21.6334 0.000101
