0 326.2095 223.7669 22.1692 20.5123 0.786509
0 312.2198 119.1597 12.7845 14.5263 0.416591
0 372.7661 24.6363 10.2671 28.7759 0.006891
0 269.6985 89.7007 10.0419 15.1326 0.003512
0 330.1984 284.4884 11.9474 35.2859 0.002115
0 307.9875 120.4537 16.6171 16.1373 0.001744
0 330.4457 274.3594 10.3292 15.5405 0.001039
0 635.5908 505.1754 8.8184 13.6135 0.000945
0 631.7598 506.9621 16.4803 10.0757 0.000894
0 311.0197 126.4579 16.4663 28.6014 0.000776
0 299.6485 143.5295 12.3784 14.0282 0.000662
0 410.2213 509.9495 15.4926 4.1011 0.000563
0 637.0964 338.6258 5.8072 22.2333 0.000516
0 282.7806 99.4953 11.9019 18.7287 0.000482
0 435.0009 299.3269 12.4588 16.1274 0.000428
0 338.0580 185.0223 23.3169 42.2100 0.000381
0 355.4825 458.2531 6.4960 10.5737 0.000381
0 533.3613 507.9710 14.8308 8.0580 0.000322
0 630.1733 13.4354 19.6534 26.8708 0.000315
0 451.2267 501.7872 30.5161 20.1339 0.000299
0 464.6545 320.4565 350.6910 383.0869 0.000296
0 159.2104 320.7151 318.4208 382.5698 0.000288
0 635.9990 333.0330 7.9685 28.8538 0.000270
0 158.9723 176.9033 317.9447 353.8066 0.000267
0 480.0233 10.0688 22.0215 20.1376 0.000260
0 241.2089 176.1067 479.7079 352.2134 0.000257
0 593.5989 334.5809 7.9507 12.7366 0.000247
0 208.8054 273.1365 417.6108 477.7271 0.000230
0 553.0227 509.6548 14.3325 4.6904 0.000229
0 637.5837 500.8860 4.8325 22.0508 0.000216
0 637.9860 331.6855 4.0281 33.4516 0.000214
0 464.5047 191.8389 350.9906 383.6778 0.000201
0 636.1438 21.0761 7.7124 42.1521 0.000201
0 337.5414 199.9876 18.2141 11.2068 0.000197
0 327.0046 485.3540 11.1285 12.6335 0.000195
0 332.4919 6.9192 16.7603 13.8385 0.000195
0 274.3478 96.2079 17.3767 26.0438 0.000183
0 591.7985 412.2865 18.3666 19.3333 0.000157
0 307.7122 133.7388 20.3218 29.6563 0.000152
0 336.9025 2.7230 20.6761 5.4460 0.000150
0 633.3593 9.7987 13.2815 19.5974 0.000123
0 308.8611 113.8933 14.9952 26.4026 0.000121
0 336.2771 223.8589 478.8419 447.7178 0.000108
0 240.2679 336.3254 478.8892 351.3492 0.000107
0 324.2021 284.4088 20.4219 36.8688 0.000107
0 1.5784 256.6322 3.1567 30.5100 0.000105
0 544.1276 166.5316 11.5771 20.0355 0.000105
0 314.3175 112.6681 14.3175 26.3253 0.000104
0 544.6486 115.7799 12.7725 19.3016 0.000104
0 404.7296 509.8501 17.7373 4.2997 0.000100
