0 295.5763 253.8665 12.8785 34.0109 0.766232
0 457.9610 292.2512 19.0157 31.1021 0.732025
0 316.0385 161.6707 12.0999 32.4273 0.662558
0 468.9111 221.5329 13.8660 39.4232 0.654379
0 312.3880 216.7711 11.3218 13.8194 0.534251
0 632.4995 354.1504 15.0010 39.0513 0.009681
0 155.7051 171.8955 7.8507 14.8953 0.004519
0 635.4812 365.3831 9.0375 58.9200 0.001441
0 466.2958 233.5439 11.4769 16.7820 0.001397
0 287.5228 188.5548 8.3898 14.0668 0.001139
0 314.8348 153.5281 9.3394 17.1382 0.001048
0 435.1536 4.9226 17.7408 9.7515 0.000411
0 1.4257 103.3494 2.8513 25.4550 0.000308
0 470.7503 213.3557 11.1025 23.9235 0.000308
0 13.2714 4.4967 19.8418 8.9933 0.000303
0 632.7454 333.4571 14.4569 73.6560 0.000293
0 10.2722 2.5164 20.0251 5.0329 0.000221
0 472.1238 206.8199 9.3773 12.6171 0.000217
0 637.3307 15.5976 5.3386 31.1951 0.000213
0 632.3580 361.2068 15.2839 104.2334 0.000177
0 447.1749 277.4135 9.1654 16.3953 0.000146
0 575.6190 162.9291 11.3365 15.9944 0.000142
0 146.0851 140.2013 8.1459 8.2657 0.000135
0 218.9899 175.0232 6.3681 12.7423 0.000120
0 442.6048 5.0525 28.2238 10.1050 0.000119
