0 133.1185 378.3170 14.0211 12.3683 0.228527
0 137.3694 379.0936 12.1213 11.6125 0.046127
0 129.8653 372.7128 10.5366 21.8195 0.030834
0 4.9571 426.0855 9.9142 33.1004 0.002892
0 90.2566 385.2617 21.1738 18.5284 0.001813
0 12.5210 4.2027 17.8077 8.3514 0.000341
0 4.6269 437.3016 9.2538 38.0515 0.000321
0 310.5988 197.0585 11.3898 21.0366 0.000252
0 472.0690 343.2773 21.2388 46.1000 0.000235
0 140.7188 377.4814 13.6588 13.5670 0.000212
0 90.2519 371.9091 20.2413 44.4878 0.000195
0 19.3253 4.3404 22.7476 8.6809 0.000149
0 2.7808 420.8889 5.5616 42.5675 0.000116
0 5.0283 499.1835 10.0567 25.6329 0.000105
