0 186.1140 323.5746 12.2833 18.4917 0.687464
0 307.3898 298.4875 11.5230 21.0838 0.003832
0 127.4392 374.3970 14.4973 18.7535 0.001032
0 126.1356 360.7761 16.6145 45.4440 0.001017
0 309.9457 3.4921 17.1481 6.9449 0.000828
0 30.2042 7.6667 18.8988 15.3335 0.000599
0 2.6726 132.8670 5.3452 31.7246 0.000586
0 159.1275 9.3652 18.5090 18.6778 0.000557
0 2.6190 119.3119 5.2380 27.1558 0.000535
0 482.3138 498.1134 22.7360 27.7733 0.000490
0 116.8460 508.8589 23.5298 6.2823 0.000421
0 166.5547 11.0916 31.4201 21.9895 0.000312
0 26.1754 5.1400 19.2394 10.2087 0.000229
0 2.4173 105.1451 4.8345 56.2309 0.000193
0 317.8185 4.6088 27.9061 9.2176 0.000180
0 3.3905 500.6930 6.7810 22.6140 0.000163
0 311.0564 6.4697 18.0031 12.9394 0.000127
0 130.0315 3.8381 11.8447 7.5475 0.000109
0 305.8505 4.8396 24.1248 9.6792 0.000104
