0 140.4569 423.5562 53.6660 137.1819 0.888270
0 274.0624 406.2882 38.9877 118.0732 0.871101
0 379.2844 387.4806 26.6550 70.3073 0.779150
0 619.6873 421.2073 23.2566 28.6281 0.223879
0 633.3068 35.6698 13.3864 71.3396 0.010467
0 615.3458 410.9589 17.1404 50.0152 0.001398
0 636.9579 43.7404 6.0842 87.4809 0.000802
0 595.6378 402.6068 27.1421 57.1514 0.000322
0 637.9031 59.7190 4.1938 80.6261 0.000265
0 605.6705 406.5754 25.8579 59.4419 0.000257
0 1.5956 453.5864 3.1692 54.2263 0.000246
0 612.1158 417.7974 13.2524 35.9303 0.000241
0 620.8924 386.6985 34.8102 100.8713 0.000214
0 511.0698 311.6310 27.9617 57.5385 0.000202
0 636.7032 409.3999 6.5935 55.3566 0.000198
0 603.1062 494.4664 39.7134 34.4280 0.000183
0 537.1373 430.6119 20.0801 35.1770 0.000175
0 1.6182 430.7378 3.2363 75.7560 0.000154
0 572.5811 509.2357 19.2880 5.3681 0.000129
0 630.1051 53.3456 19.7897 106.6911 0.000112
0 10.6550 242.9278 21.3100 54.3210 0.000106
0 536.1212 3.6046 22.4365 7.2092 0.000105
0 2.5067 363.2580 5.0135 58.2552 0.000102
0 633.2142 409.1631 13.5717 55.1847 0.000100
