0 495.2788 304.6128 43.1403 147.5995 0.867035
0 88.5737 318.0927 33.5029 63.1877 0.840350
0 337.5527 281.4494 30.9202 78.5802 0.834912
0 629.2656 375.4692 21.4446 76.6993 0.006766
0 624.1705 383.9924 12.5219 53.6562 0.001301
0 629.3001 401.4067 21.3998 74.6414 0.001023
0 635.5151 368.5968 8.9697 90.9456 0.000495
0 328.7068 286.1381 13.9293 67.2001 0.000401
0 629.4963 422.5528 21.0074 151.3672 0.000235
0 634.7511 404.0749 10.4977 77.4049 0.000158
0 627.6600 344.8348 23.9297 133.4193 0.000148
0 636.8993 414.5362 6.1584 85.2826 0.000108
