0 586.9905 133.3099 21.8436 35.7001 0.807139
0 602.2851 350.3107 26.8871 34.8352 0.804435
0 293.1392 216.6010 23.3737 42.4645 0.764646
0 406.2827 138.2436 15.0918 24.0832 0.623806
0 55.3464 204.5866 21.9190 34.8906 0.588855
0 55.0485 194.8622 18.6598 16.2823 0.011042
0 104.9548 146.8268 29.7011 21.3727 0.009070
0 181.1390 508.9503 30.3542 6.0994 0.008499
0 173.6304 508.1028 33.1124 7.7945 0.003929
0 49.1332 199.8607 24.7394 26.4648 0.003490
0 634.8882 478.9666 10.2236 40.2034 0.002720
0 320.7027 296.5780 18.1370 12.9246 0.002685
0 635.2156 468.7679 9.5688 22.0185 0.002616
0 475.4659 508.9338 18.4442 6.1324 0.001752
0 480.9803 508.2844 20.2137 7.4312 0.001268
0 467.9844 508.6983 22.2646 6.6034 0.000799
0 58.0420 15.8458 23.1679 31.3027 0.000728
0 627.9108 486.5866 23.5789 50.8268 0.000663
0 59.1021 5.3784 22.0015 10.4980 0.000646
0 172.0044 501.4308 38.6206 20.9788 0.000603
0 1.7459 205.5506 3.4919 40.8338 0.000513
0 319.3608 301.3649 22.2257 22.8054 0.000458
0 42.4308 198.7532 15.0598 23.3992 0.000446
0 326.6076 296.5471 14.0030 14.0887 0.000441
0 2.0500 76.7375 4.0999 38.6698 0.000431
0 478.7076 505.1237 20.6720 13.4255 0.000337
0 179.5130 504.8189 32.7526 14.3621 0.000333
0 292.0074 3.0156 18.4827 6.0307 0.000311
0 347.3052 155.7758 17.4393 32.2724 0.000295
0 37.2874 21.9872 23.2929 38.2753 0.000266
0 36.7213 198.1051 25.3251 29.7960 0.000259
0 390.5320 2.6706 25.1271 5.3411 0.000253
0 188.5434 507.5202 42.3358 8.9595 0.000243
0 364.7689 157.5622 13.1989 19.8269 0.000241
0 324.3193 289.8349 15.0715 21.5529 0.000238
0 67.7634 4.8077 27.1416 9.6154 0.000236
0 1.6306 252.2762 3.2613 34.5984 0.000228
0 2.3339 216.2333 4.6679 41.1366 0.000211
0 377.0397 148.7007 14.9415 21.5599 0.000207
0 468.6881 503.9424 26.8258 16.0287 0.000205
0 43.8686 509.2830 21.4206 5.4341 0.000191
0 43.6440 100.3054 12.2412 28.6905 0.000182
0 247.2538 424.3076 14.2836 12.5064 0.000182
0 47.9773 191.8129 20.3129 15.7649 0.000180
0 554.1992 508.2761 18.2437 7.4478 0.000156
0 460.9919 491.9637 23.8767 38.7322 0.000152
0 636.8337 459.6102 6.3326 41.0242 0.000151
0 636.0345 490.3926 7.9310 43.2147 0.000150
0 161.8546 508.5292 27.6552 6.9416 0.000149
0 109.7284 495.9542 36.0024 32.0916 0.000147
0 68.2310 139.6044 19.0258 14.2308 0.000134
0 520.3926 509.1049 20.5444 5.7901 0.000129
0 437.3766 506.8251 29.2493 10.3498 0.000129
0 275.0073 139.4641 21.1064 17.4295 0.000127
0 460.4948 507.8628 30.5603 8.2744 0.000126
0 433.8921 502.8284 27.9772 18.2655 0.000122
0 112.6522 146.5901 15.4386 21.6819 0.000122
0 495.9005 2.5745 19.9170 5.1490 0.000115
0 63.2304 201.5551 13.5984 28.8349 0.000114
0 53.3363 509.4212 26.6538 5.1577 0.000113
0 55.1185 8.9949 28.1306 17.9899 0.000112
0 4.1940 71.8618 8.3604 45.0928 0.000111
0 319.2740 288.3431 15.8872 23.6316 0.000111
0 634.8987 503.8678 10.2025 16.2645 0.000109
