0 374.7014 254.3584 12.2869 35.3607 0.479756
0 489.8755 250.6313 23.8568 45.6423 0.343081
0 1.8537 286.1639 3.7074 51.0851 0.015350
0 1.8427 270.5229 3.6855 42.5757 0.008523
0 511.0089 228.5448 15.5140 12.8703 0.004130
0 586.3107 147.2013 20.9880 52.7826 0.003121
0 231.4412 390.7569 10.8806 17.3619 0.001802
0 226.8322 385.9950 16.3821 21.0645 0.001158
0 3.9195 286.5575 7.8390 56.5400 0.000940
0 2.1384 256.3277 4.2769 58.4592 0.000568
0 3.5144 270.1284 7.0288 46.2448 0.000309
0 493.9302 261.2614 14.4421 24.8152 0.000298
0 3.3114 84.1795 6.6228 33.3477 0.000256
0 612.9365 207.4074 17.9316 35.8336 0.000222
0 7.7562 283.5813 15.5124 57.9137 0.000166
0 5.3987 256.7972 10.7974 56.4689 0.000148
0 520.3696 268.7583 25.5223 25.1562 0.000122
0 3.6981 95.4682 7.3963 29.0752 0.000118
