0 531.8992 397.4994 22.8865 25.5590 0.805616
0 439.1901 304.0768 24.5308 30.2374 0.731034
0 245.0656 50.2740 18.5143 26.0344 0.730410
0 196.2309 240.1059 11.7995 16.9103 0.039122
0 50.3429 254.1295 21.9426 21.8739 0.005177
0 2.0740 317.9498 4.1480 32.2018 0.002123
0 37.4346 24.9327 41.1085 49.6056 0.001828
0 586.2435 509.9644 23.5115 4.0712 0.001257
0 9.9693 4.8918 19.9387 9.7837 0.001068
0 253.3553 507.9380 27.1332 8.1240 0.000679
0 512.7072 19.4945 26.8236 38.8076 0.000644
0 191.1017 239.2251 22.4576 19.2808 0.000638
0 2.9023 292.0588 5.8046 48.3568 0.000607
0 394.4161 2.4157 24.7769 4.8313 0.000605
0 10.3913 9.2803 20.7826 18.5605 0.000572
0 608.1422 233.8283 20.6198 23.9061 0.000481
0 3.7965 315.7124 7.5929 35.8666 0.000454
0 5.4952 12.1705 10.9880 24.3410 0.000371
0 2.3632 330.5439 4.7265 45.6996 0.000359
0 264.3370 508.2820 33.1116 7.4359 0.000346
0 289.5751 234.7648 15.7711 21.3737 0.000338
0 2.2677 302.6605 4.5354 39.5707 0.000298
0 8.0101 16.4266 16.0203 32.8531 0.000247
0 1.9704 52.5589 3.9409 36.2925 0.000244
0 593.0082 509.3477 32.0674 5.3045 0.000213
0 1.4736 454.7736 2.9471 34.5955 0.000183
0 2.3106 125.4701 4.6211 42.9250 0.000173
0 515.0997 11.1165 23.5674 22.2330 0.000168
0 294.3331 74.1236 8.7848 17.0705 0.000157
0 7.9174 121.0678 15.8348 33.4112 0.000151
0 315.5473 3.1986 21.8859 6.3733 0.000149
0 176.2953 508.3874 30.0920 7.2252 0.000145
0 176.9741 70.7251 22.7562 21.6050 0.000122
0 2.8364 273.4030 5.6729 52.3067 0.000120
0 4.1978 20.4897 8.3956 40.9794 0.000117
0 3.9898 55.2386 7.9492 39.5214 0.000116
0 1.9578 33.9411 3.9156 57.6717 0.000113
0 513.7672 4.8637 22.3669 9.7218 0.000110
0 196.4119 247.9902 12.7382 32.1125 0.000109
0 18.2381 4.2495 31.3948 8.4990 0.000106
0 16.4135 12.1171 32.1589 24.2343 0.000102
