0 417.5253 382.9308 32.7041 84.9128 0.739982
0 313.0680 367.5870 6.3018 20.2684 0.000982
0 7.6207 11.7319 15.2415 23.3475 0.000602
0 1.9743 366.3257 3.9486 58.0385 0.000508
0 637.7051 386.6025 4.5897 39.8295 0.000498
0 316.1190 363.0614 12.0064 29.5003 0.000423
0 311.7708 370.0670 5.8324 14.9539 0.000314
0 16.7443 9.4054 33.4227 18.8107 0.000314
0 175.5573 175.7542 351.1147 351.5083 0.000280
0 272.3992 160.2934 477.4834 320.5869 0.000268
0 417.4962 161.1979 445.0076 322.3958 0.000227
0 323.6201 361.5868 27.6067 33.0962 0.000226
0 4.3034 15.2128 8.6069 30.4257 0.000224
0 480.0593 192.2654 319.8815 384.5307 0.000206
0 11.9608 19.3996 23.9086 38.7759 0.000204
0 4.9853 366.3057 8.4647 59.3317 0.000132
0 480.1813 362.9493 12.4133 49.3411 0.000112
